11098888.354602837501167 1547715.010449222500396
11098888.354602837501167 1547715.309035160000352
11098888.354602837501167 1547715.607621097500308
11098888.354602837501167 1547715.906207035000264
11098888.354602837501167 1547716.204792972500220
11098888.354602837501167 1547716.503378910000176
11098888.354602837501167 1547716.801964847500132
11098888.354602837501167 1547717.100550785000088
11098888.354602837501167 1547717.399136722500044
11098888.354602837501167 1547717.697722660000000
11098888.354602837501167 1547717.996308597499956
11098888.354602837501167 1547718.294894534999912
11098888.354602837501167 1547718.593480472499868
11098888.354602837501167 1547718.892066409999824
11098888.354602837501167 1547719.190652347499780
11098888.354602837501167 1547719.489238284999736
11098888.354602837501167 1547719.787824222499692
11098888.354602837501167 1547720.086410159999648
11098888.653183566667704 1547715.010449222500396
11098888.653183566667704 1547715.309035160000352
11098888.653183566667704 1547715.607621097500308
11098888.653183566667704 1547715.906207035000264
11098888.653183566667704 1547716.204792972500220
11098888.653183566667704 1547716.503378910000176
11098888.653183566667704 1547716.801964847500132
11098888.653183566667704 1547717.100550785000088
11098888.653183566667704 1547717.399136722500044
11098888.653183566667704 1547717.697722660000000
11098888.653183566667704 1547717.996308597499956
11098888.653183566667704 1547718.294894534999912
11098888.653183566667704 1547718.593480472499868
11098888.653183566667704 1547718.892066409999824
11098888.653183566667704 1547719.190652347499780
11098888.653183566667704 1547719.489238284999736
11098888.653183566667704 1547719.787824222499692
11098888.653183566667704 1547720.086410159999648
11098888.951764295834241 1547715.010449222500396
11098888.951764295834241 1547715.309035160000352
11098888.951764295834241 1547715.607621097500308
11098888.951764295834241 1547715.906207035000264
11098888.951764295834241 1547716.204792972500220
11098888.951764295834241 1547716.503378910000176
11098888.951764295834241 1547716.801964847500132
11098888.951764295834241 1547717.100550785000088
11098888.951764295834241 1547717.399136722500044
11098888.951764295834241 1547717.697722660000000
11098888.951764295834241 1547717.996308597499956
11098888.951764295834241 1547718.294894534999912
11098888.951764295834241 1547718.593480472499868
11098888.951764295834241 1547718.892066409999824
11098888.951764295834241 1547719.190652347499780
11098888.951764295834241 1547719.489238284999736
11098888.951764295834241 1547719.787824222499692
11098888.951764295834241 1547720.086410159999648
11098889.250345025000778 1547715.010449222500396
11098889.250345025000778 1547715.309035160000352
11098889.250345025000778 1547715.607621097500308
11098889.250345025000778 1547715.906207035000264
11098889.250345025000778 1547716.204792972500220
11098889.250345025000778 1547716.503378910000176
11098889.250345025000778 1547716.801964847500132
11098889.250345025000778 1547717.100550785000088
11098889.250345025000778 1547717.399136722500044
11098889.250345025000778 1547717.697722660000000
11098889.250345025000778 1547717.996308597499956
11098889.250345025000778 1547718.294894534999912
11098889.250345025000778 1547718.593480472499868
11098889.250345025000778 1547718.892066409999824
11098889.250345025000778 1547719.190652347499780
11098889.250345025000778 1547719.489238284999736
11098889.250345025000778 1547719.787824222499692
11098889.250345025000778 1547720.086410159999648
11098889.548925754167315 1547715.010449222500396
11098889.548925754167315 1547715.309035160000352
11098889.548925754167315 1547715.607621097500308
11098889.548925754167315 1547715.906207035000264
11098889.548925754167315 1547716.204792972500220
11098889.548925754167315 1547716.503378910000176
11098889.548925754167315 1547716.801964847500132
11098889.548925754167315 1547717.100550785000088
11098889.548925754167315 1547717.399136722500044
11098889.548925754167315 1547717.697722660000000
11098889.548925754167315 1547717.996308597499956
11098889.548925754167315 1547718.294894534999912
11098889.548925754167315 1547718.593480472499868
11098889.548925754167315 1547718.892066409999824
11098889.548925754167315 1547719.190652347499780
11098889.548925754167315 1547719.489238284999736
11098889.548925754167315 1547719.787824222499692
11098889.548925754167315 1547720.086410159999648
11098889.847506483333852 1547715.010449222500396
11098889.847506483333852 1547715.309035160000352
11098889.847506483333852 1547715.607621097500308
11098889.847506483333852 1547715.906207035000264
11098889.847506483333852 1547716.204792972500220
11098889.847506483333852 1547716.503378910000176
11098889.847506483333852 1547716.801964847500132
11098889.847506483333852 1547717.100550785000088
11098889.847506483333852 1547717.399136722500044
11098889.847506483333852 1547717.697722660000000
11098889.847506483333852 1547717.996308597499956
11098889.847506483333852 1547718.294894534999912
11098889.847506483333852 1547718.593480472499868
11098889.847506483333852 1547718.892066409999824
11098889.847506483333852 1547719.190652347499780
11098889.847506483333852 1547719.489238284999736
11098889.847506483333852 1547719.787824222499692
11098889.847506483333852 1547720.086410159999648
11098890.146087212500389 1547715.010449222500396
11098890.146087212500389 1547715.309035160000352
11098890.146087212500389 1547715.607621097500308
11098890.146087212500389 1547715.906207035000264
11098890.146087212500389 1547716.204792972500220
11098890.146087212500389 1547716.503378910000176
11098890.146087212500389 1547716.801964847500132
11098890.146087212500389 1547717.100550785000088
11098890.146087212500389 1547717.399136722500044
11098890.146087212500389 1547717.697722660000000
11098890.146087212500389 1547717.996308597499956
11098890.146087212500389 1547718.294894534999912
11098890.146087212500389 1547718.593480472499868
11098890.146087212500389 1547718.892066409999824
11098890.146087212500389 1547719.190652347499780
11098890.146087212500389 1547719.489238284999736
11098890.146087212500389 1547719.787824222499692
11098890.146087212500389 1547720.086410159999648
11098890.444667941666926 1547715.010449222500396
11098890.444667941666926 1547715.309035160000352
11098890.444667941666926 1547715.607621097500308
11098890.444667941666926 1547715.906207035000264
11098890.444667941666926 1547716.204792972500220
11098890.444667941666926 1547716.503378910000176
11098890.444667941666926 1547716.801964847500132
11098890.444667941666926 1547717.100550785000088
11098890.444667941666926 1547717.399136722500044
11098890.444667941666926 1547717.697722660000000
11098890.444667941666926 1547717.996308597499956
11098890.444667941666926 1547718.294894534999912
11098890.444667941666926 1547718.593480472499868
11098890.444667941666926 1547718.892066409999824
11098890.444667941666926 1547719.190652347499780
11098890.444667941666926 1547719.489238284999736
11098890.444667941666926 1547719.787824222499692
11098890.444667941666926 1547720.086410159999648
11098890.743248670833463 1547715.010449222500396
11098890.743248670833463 1547715.309035160000352
11098890.743248670833463 1547715.607621097500308
11098890.743248670833463 1547715.906207035000264
11098890.743248670833463 1547716.204792972500220
11098890.743248670833463 1547716.503378910000176
11098890.743248670833463 1547716.801964847500132
11098890.743248670833463 1547717.100550785000088
11098890.743248670833463 1547717.399136722500044
11098890.743248670833463 1547717.697722660000000
11098890.743248670833463 1547717.996308597499956
11098890.743248670833463 1547718.294894534999912
11098890.743248670833463 1547718.593480472499868
11098890.743248670833463 1547718.892066409999824
11098890.743248670833463 1547719.190652347499780
11098890.743248670833463 1547719.489238284999736
11098890.743248670833463 1547719.787824222499692
11098890.743248670833463 1547720.086410159999648
11098891.041829400000000 1547715.010449222500396
11098891.041829400000000 1547715.309035160000352
11098891.041829400000000 1547715.607621097500308
11098891.041829400000000 1547715.906207035000264
11098891.041829400000000 1547716.204792972500220
11098891.041829400000000 1547716.503378910000176
11098891.041829400000000 1547716.801964847500132
11098891.041829400000000 1547717.100550785000088
11098891.041829400000000 1547717.399136722500044
11098891.041829400000000 1547717.697722660000000
11098891.041829400000000 1547717.996308597499956
11098891.041829400000000 1547718.294894534999912
11098891.041829400000000 1547718.593480472499868
11098891.041829400000000 1547718.892066409999824
11098891.041829400000000 1547719.190652347499780
11098891.041829400000000 1547719.489238284999736
11098891.041829400000000 1547719.787824222499692
11098891.041829400000000 1547720.086410159999648
11098891.340410129166537 1547715.010449222500396
11098891.340410129166537 1547715.309035160000352
11098891.340410129166537 1547715.607621097500308
11098891.340410129166537 1547715.906207035000264
11098891.340410129166537 1547716.204792972500220
11098891.340410129166537 1547716.503378910000176
11098891.340410129166537 1547716.801964847500132
11098891.340410129166537 1547717.100550785000088
11098891.340410129166537 1547717.399136722500044
11098891.340410129166537 1547717.697722660000000
11098891.340410129166537 1547717.996308597499956
11098891.340410129166537 1547718.294894534999912
11098891.340410129166537 1547718.593480472499868
11098891.340410129166537 1547718.892066409999824
11098891.340410129166537 1547719.190652347499780
11098891.340410129166537 1547719.489238284999736
11098891.340410129166537 1547719.787824222499692
11098891.340410129166537 1547720.086410159999648
11098891.638990858333074 1547715.010449222500396
11098891.638990858333074 1547715.309035160000352
11098891.638990858333074 1547715.607621097500308
11098891.638990858333074 1547715.906207035000264
11098891.638990858333074 1547716.204792972500220
11098891.638990858333074 1547716.503378910000176
11098891.638990858333074 1547716.801964847500132
11098891.638990858333074 1547717.100550785000088
11098891.638990858333074 1547717.399136722500044
11098891.638990858333074 1547717.697722660000000
11098891.638990858333074 1547717.996308597499956
11098891.638990858333074 1547718.294894534999912
11098891.638990858333074 1547718.593480472499868
11098891.638990858333074 1547718.892066409999824
11098891.638990858333074 1547719.190652347499780
11098891.638990858333074 1547719.489238284999736
11098891.638990858333074 1547719.787824222499692
11098891.638990858333074 1547720.086410159999648
11098891.937571587499611 1547715.010449222500396
11098891.937571587499611 1547715.309035160000352
11098891.937571587499611 1547715.607621097500308
11098891.937571587499611 1547715.906207035000264
11098891.937571587499611 1547716.204792972500220
11098891.937571587499611 1547716.503378910000176
11098891.937571587499611 1547716.801964847500132
11098891.937571587499611 1547717.100550785000088
11098891.937571587499611 1547717.399136722500044
11098891.937571587499611 1547717.697722660000000
11098891.937571587499611 1547717.996308597499956
11098891.937571587499611 1547718.294894534999912
11098891.937571587499611 1547718.593480472499868
11098891.937571587499611 1547718.892066409999824
11098891.937571587499611 1547719.190652347499780
11098891.937571587499611 1547719.489238284999736
11098891.937571587499611 1547719.787824222499692
11098891.937571587499611 1547720.086410159999648
11098892.236152316666148 1547715.010449222500396
11098892.236152316666148 1547715.309035160000352
11098892.236152316666148 1547715.607621097500308
11098892.236152316666148 1547715.906207035000264
11098892.236152316666148 1547716.204792972500220
11098892.236152316666148 1547716.503378910000176
11098892.236152316666148 1547716.801964847500132
11098892.236152316666148 1547717.100550785000088
11098892.236152316666148 1547717.399136722500044
11098892.236152316666148 1547717.697722660000000
11098892.236152316666148 1547717.996308597499956
11098892.236152316666148 1547718.294894534999912
11098892.236152316666148 1547718.593480472499868
11098892.236152316666148 1547718.892066409999824
11098892.236152316666148 1547719.190652347499780
11098892.236152316666148 1547719.489238284999736
11098892.236152316666148 1547719.787824222499692
11098892.236152316666148 1547720.086410159999648
11098892.534733045832685 1547715.010449222500396
11098892.534733045832685 1547715.309035160000352
11098892.534733045832685 1547715.607621097500308
11098892.534733045832685 1547715.906207035000264
11098892.534733045832685 1547716.204792972500220
11098892.534733045832685 1547716.503378910000176
11098892.534733045832685 1547716.801964847500132
11098892.534733045832685 1547717.100550785000088
11098892.534733045832685 1547717.399136722500044
11098892.534733045832685 1547717.697722660000000
11098892.534733045832685 1547717.996308597499956
11098892.534733045832685 1547718.294894534999912
11098892.534733045832685 1547718.593480472499868
11098892.534733045832685 1547718.892066409999824
11098892.534733045832685 1547719.190652347499780
11098892.534733045832685 1547719.489238284999736
11098892.534733045832685 1547719.787824222499692
11098892.534733045832685 1547720.086410159999648
11098892.833313774999222 1547715.010449222500396
11098892.833313774999222 1547715.309035160000352
11098892.833313774999222 1547715.607621097500308
11098892.833313774999222 1547715.906207035000264
11098892.833313774999222 1547716.204792972500220
11098892.833313774999222 1547716.503378910000176
11098892.833313774999222 1547716.801964847500132
11098892.833313774999222 1547717.100550785000088
11098892.833313774999222 1547717.399136722500044
11098892.833313774999222 1547717.697722660000000
11098892.833313774999222 1547717.996308597499956
11098892.833313774999222 1547718.294894534999912
11098892.833313774999222 1547718.593480472499868
11098892.833313774999222 1547718.892066409999824
11098892.833313774999222 1547719.190652347499780
11098892.833313774999222 1547719.489238284999736
11098892.833313774999222 1547719.787824222499692
11098892.833313774999222 1547720.086410159999648
11098893.131894504165759 1547715.010449222500396
11098893.131894504165759 1547715.309035160000352
11098893.131894504165759 1547715.607621097500308
11098893.131894504165759 1547715.906207035000264
11098893.131894504165759 1547716.204792972500220
11098893.131894504165759 1547716.503378910000176
11098893.131894504165759 1547716.801964847500132
11098893.131894504165759 1547717.100550785000088
11098893.131894504165759 1547717.399136722500044
11098893.131894504165759 1547717.697722660000000
11098893.131894504165759 1547717.996308597499956
11098893.131894504165759 1547718.294894534999912
11098893.131894504165759 1547718.593480472499868
11098893.131894504165759 1547718.892066409999824
11098893.131894504165759 1547719.190652347499780
11098893.131894504165759 1547719.489238284999736
11098893.131894504165759 1547719.787824222499692
11098893.131894504165759 1547720.086410159999648
11098893.430475233332296 1547715.010449222500396
11098893.430475233332296 1547715.309035160000352
11098893.430475233332296 1547715.607621097500308
11098893.430475233332296 1547715.906207035000264
11098893.430475233332296 1547716.204792972500220
11098893.430475233332296 1547716.503378910000176
11098893.430475233332296 1547716.801964847500132
11098893.430475233332296 1547717.100550785000088
11098893.430475233332296 1547717.399136722500044
11098893.430475233332296 1547717.697722660000000
11098893.430475233332296 1547717.996308597499956
11098893.430475233332296 1547718.294894534999912
11098893.430475233332296 1547718.593480472499868
11098893.430475233332296 1547718.892066409999824
11098893.430475233332296 1547719.190652347499780
11098893.430475233332296 1547719.489238284999736
11098893.430475233332296 1547719.787824222499692
11098893.430475233332296 1547720.086410159999648
