11099452.373600237501167 1547897.745042972500396
11099452.373600237501167 1547898.043628910000352
11099452.373600237501167 1547898.342214847500308
11099452.373600237501167 1547898.640800785000264
11099452.373600237501167 1547898.939386722500220
11099452.373600237501167 1547899.237972660000176
11099452.373600237501167 1547899.536558597500132
11099452.373600237501167 1547899.835144535000088
11099452.373600237501167 1547900.133730472500044
11099452.373600237501167 1547900.432316410000000
11099452.373600237501167 1547900.730902347499956
11099452.373600237501167 1547901.029488284999912
11099452.373600237501167 1547901.328074222499868
11099452.373600237501167 1547901.626660159999824
11099452.373600237501167 1547901.925246097499780
11099452.373600237501167 1547902.223832034999736
11099452.373600237501167 1547902.522417972499692
11099452.373600237501167 1547902.821003909999648
11099452.672180966667704 1547897.745042972500396
11099452.672180966667704 1547898.043628910000352
11099452.672180966667704 1547898.342214847500308
11099452.672180966667704 1547898.640800785000264
11099452.672180966667704 1547898.939386722500220
11099452.672180966667704 1547899.237972660000176
11099452.672180966667704 1547899.536558597500132
11099452.672180966667704 1547899.835144535000088
11099452.672180966667704 1547900.133730472500044
11099452.672180966667704 1547900.432316410000000
11099452.672180966667704 1547900.730902347499956
11099452.672180966667704 1547901.029488284999912
11099452.672180966667704 1547901.328074222499868
11099452.672180966667704 1547901.626660159999824
11099452.672180966667704 1547901.925246097499780
11099452.672180966667704 1547902.223832034999736
11099452.672180966667704 1547902.522417972499692
11099452.672180966667704 1547902.821003909999648
11099452.970761695834241 1547897.745042972500396
11099452.970761695834241 1547898.043628910000352
11099452.970761695834241 1547898.342214847500308
11099452.970761695834241 1547898.640800785000264
11099452.970761695834241 1547898.939386722500220
11099452.970761695834241 1547899.237972660000176
11099452.970761695834241 1547899.536558597500132
11099452.970761695834241 1547899.835144535000088
11099452.970761695834241 1547900.133730472500044
11099452.970761695834241 1547900.432316410000000
11099452.970761695834241 1547900.730902347499956
11099452.970761695834241 1547901.029488284999912
11099452.970761695834241 1547901.328074222499868
11099452.970761695834241 1547901.626660159999824
11099452.970761695834241 1547901.925246097499780
11099452.970761695834241 1547902.223832034999736
11099452.970761695834241 1547902.522417972499692
11099452.970761695834241 1547902.821003909999648
11099453.269342425000778 1547897.745042972500396
11099453.269342425000778 1547898.043628910000352
11099453.269342425000778 1547898.342214847500308
11099453.269342425000778 1547898.640800785000264
11099453.269342425000778 1547898.939386722500220
11099453.269342425000778 1547899.237972660000176
11099453.269342425000778 1547899.536558597500132
11099453.269342425000778 1547899.835144535000088
11099453.269342425000778 1547900.133730472500044
11099453.269342425000778 1547900.432316410000000
11099453.269342425000778 1547900.730902347499956
11099453.269342425000778 1547901.029488284999912
11099453.269342425000778 1547901.328074222499868
11099453.269342425000778 1547901.626660159999824
11099453.269342425000778 1547901.925246097499780
11099453.269342425000778 1547902.223832034999736
11099453.269342425000778 1547902.522417972499692
11099453.269342425000778 1547902.821003909999648
11099453.567923154167315 1547897.745042972500396
11099453.567923154167315 1547898.043628910000352
11099453.567923154167315 1547898.342214847500308
11099453.567923154167315 1547898.640800785000264
11099453.567923154167315 1547898.939386722500220
11099453.567923154167315 1547899.237972660000176
11099453.567923154167315 1547899.536558597500132
11099453.567923154167315 1547899.835144535000088
11099453.567923154167315 1547900.133730472500044
11099453.567923154167315 1547900.432316410000000
11099453.567923154167315 1547900.730902347499956
11099453.567923154167315 1547901.029488284999912
11099453.567923154167315 1547901.328074222499868
11099453.567923154167315 1547901.626660159999824
11099453.567923154167315 1547901.925246097499780
11099453.567923154167315 1547902.223832034999736
11099453.567923154167315 1547902.522417972499692
11099453.567923154167315 1547902.821003909999648
11099453.866503883333852 1547897.745042972500396
11099453.866503883333852 1547898.043628910000352
11099453.866503883333852 1547898.342214847500308
11099453.866503883333852 1547898.640800785000264
11099453.866503883333852 1547898.939386722500220
11099453.866503883333852 1547899.237972660000176
11099453.866503883333852 1547899.536558597500132
11099453.866503883333852 1547899.835144535000088
11099453.866503883333852 1547900.133730472500044
11099453.866503883333852 1547900.432316410000000
11099453.866503883333852 1547900.730902347499956
11099453.866503883333852 1547901.029488284999912
11099453.866503883333852 1547901.328074222499868
11099453.866503883333852 1547901.626660159999824
11099453.866503883333852 1547901.925246097499780
11099453.866503883333852 1547902.223832034999736
11099453.866503883333852 1547902.522417972499692
11099453.866503883333852 1547902.821003909999648
11099454.165084612500389 1547897.745042972500396
11099454.165084612500389 1547898.043628910000352
11099454.165084612500389 1547898.342214847500308
11099454.165084612500389 1547898.640800785000264
11099454.165084612500389 1547898.939386722500220
11099454.165084612500389 1547899.237972660000176
11099454.165084612500389 1547899.536558597500132
11099454.165084612500389 1547899.835144535000088
11099454.165084612500389 1547900.133730472500044
11099454.165084612500389 1547900.432316410000000
11099454.165084612500389 1547900.730902347499956
11099454.165084612500389 1547901.029488284999912
11099454.165084612500389 1547901.328074222499868
11099454.165084612500389 1547901.626660159999824
11099454.165084612500389 1547901.925246097499780
11099454.165084612500389 1547902.223832034999736
11099454.165084612500389 1547902.522417972499692
11099454.165084612500389 1547902.821003909999648
11099454.463665341666926 1547897.745042972500396
11099454.463665341666926 1547898.043628910000352
11099454.463665341666926 1547898.342214847500308
11099454.463665341666926 1547898.640800785000264
11099454.463665341666926 1547898.939386722500220
11099454.463665341666926 1547899.237972660000176
11099454.463665341666926 1547899.536558597500132
11099454.463665341666926 1547899.835144535000088
11099454.463665341666926 1547900.133730472500044
11099454.463665341666926 1547900.432316410000000
11099454.463665341666926 1547900.730902347499956
11099454.463665341666926 1547901.029488284999912
11099454.463665341666926 1547901.328074222499868
11099454.463665341666926 1547901.626660159999824
11099454.463665341666926 1547901.925246097499780
11099454.463665341666926 1547902.223832034999736
11099454.463665341666926 1547902.522417972499692
11099454.463665341666926 1547902.821003909999648
11099454.762246070833463 1547897.745042972500396
11099454.762246070833463 1547898.043628910000352
11099454.762246070833463 1547898.342214847500308
11099454.762246070833463 1547898.640800785000264
11099454.762246070833463 1547898.939386722500220
11099454.762246070833463 1547899.237972660000176
11099454.762246070833463 1547899.536558597500132
11099454.762246070833463 1547899.835144535000088
11099454.762246070833463 1547900.133730472500044
11099454.762246070833463 1547900.432316410000000
11099454.762246070833463 1547900.730902347499956
11099454.762246070833463 1547901.029488284999912
11099454.762246070833463 1547901.328074222499868
11099454.762246070833463 1547901.626660159999824
11099454.762246070833463 1547901.925246097499780
11099454.762246070833463 1547902.223832034999736
11099454.762246070833463 1547902.522417972499692
11099454.762246070833463 1547902.821003909999648
11099455.060826800000000 1547897.745042972500396
11099455.060826800000000 1547898.043628910000352
11099455.060826800000000 1547898.342214847500308
11099455.060826800000000 1547898.640800785000264
11099455.060826800000000 1547898.939386722500220
11099455.060826800000000 1547899.237972660000176
11099455.060826800000000 1547899.536558597500132
11099455.060826800000000 1547899.835144535000088
11099455.060826800000000 1547900.133730472500044
11099455.060826800000000 1547900.432316410000000
11099455.060826800000000 1547900.730902347499956
11099455.060826800000000 1547901.029488284999912
11099455.060826800000000 1547901.328074222499868
11099455.060826800000000 1547901.626660159999824
11099455.060826800000000 1547901.925246097499780
11099455.060826800000000 1547902.223832034999736
11099455.060826800000000 1547902.522417972499692
11099455.060826800000000 1547902.821003909999648
11099455.359407529166537 1547897.745042972500396
11099455.359407529166537 1547898.043628910000352
11099455.359407529166537 1547898.342214847500308
11099455.359407529166537 1547898.640800785000264
11099455.359407529166537 1547898.939386722500220
11099455.359407529166537 1547899.237972660000176
11099455.359407529166537 1547899.536558597500132
11099455.359407529166537 1547899.835144535000088
11099455.359407529166537 1547900.133730472500044
11099455.359407529166537 1547900.432316410000000
11099455.359407529166537 1547900.730902347499956
11099455.359407529166537 1547901.029488284999912
11099455.359407529166537 1547901.328074222499868
11099455.359407529166537 1547901.626660159999824
11099455.359407529166537 1547901.925246097499780
11099455.359407529166537 1547902.223832034999736
11099455.359407529166537 1547902.522417972499692
11099455.359407529166537 1547902.821003909999648
11099455.657988258333074 1547897.745042972500396
11099455.657988258333074 1547898.043628910000352
11099455.657988258333074 1547898.342214847500308
11099455.657988258333074 1547898.640800785000264
11099455.657988258333074 1547898.939386722500220
11099455.657988258333074 1547899.237972660000176
11099455.657988258333074 1547899.536558597500132
11099455.657988258333074 1547899.835144535000088
11099455.657988258333074 1547900.133730472500044
11099455.657988258333074 1547900.432316410000000
11099455.657988258333074 1547900.730902347499956
11099455.657988258333074 1547901.029488284999912
11099455.657988258333074 1547901.328074222499868
11099455.657988258333074 1547901.626660159999824
11099455.657988258333074 1547901.925246097499780
11099455.657988258333074 1547902.223832034999736
11099455.657988258333074 1547902.522417972499692
11099455.657988258333074 1547902.821003909999648
11099455.956568987499611 1547897.745042972500396
11099455.956568987499611 1547898.043628910000352
11099455.956568987499611 1547898.342214847500308
11099455.956568987499611 1547898.640800785000264
11099455.956568987499611 1547898.939386722500220
11099455.956568987499611 1547899.237972660000176
11099455.956568987499611 1547899.536558597500132
11099455.956568987499611 1547899.835144535000088
11099455.956568987499611 1547900.133730472500044
11099455.956568987499611 1547900.432316410000000
11099455.956568987499611 1547900.730902347499956
11099455.956568987499611 1547901.029488284999912
11099455.956568987499611 1547901.328074222499868
11099455.956568987499611 1547901.626660159999824
11099455.956568987499611 1547901.925246097499780
11099455.956568987499611 1547902.223832034999736
11099455.956568987499611 1547902.522417972499692
11099455.956568987499611 1547902.821003909999648
11099456.255149716666148 1547897.745042972500396
11099456.255149716666148 1547898.043628910000352
11099456.255149716666148 1547898.342214847500308
11099456.255149716666148 1547898.640800785000264
11099456.255149716666148 1547898.939386722500220
11099456.255149716666148 1547899.237972660000176
11099456.255149716666148 1547899.536558597500132
11099456.255149716666148 1547899.835144535000088
11099456.255149716666148 1547900.133730472500044
11099456.255149716666148 1547900.432316410000000
11099456.255149716666148 1547900.730902347499956
11099456.255149716666148 1547901.029488284999912
11099456.255149716666148 1547901.328074222499868
11099456.255149716666148 1547901.626660159999824
11099456.255149716666148 1547901.925246097499780
11099456.255149716666148 1547902.223832034999736
11099456.255149716666148 1547902.522417972499692
11099456.255149716666148 1547902.821003909999648
11099456.553730445832685 1547897.745042972500396
11099456.553730445832685 1547898.043628910000352
11099456.553730445832685 1547898.342214847500308
11099456.553730445832685 1547898.640800785000264
11099456.553730445832685 1547898.939386722500220
11099456.553730445832685 1547899.237972660000176
11099456.553730445832685 1547899.536558597500132
11099456.553730445832685 1547899.835144535000088
11099456.553730445832685 1547900.133730472500044
11099456.553730445832685 1547900.432316410000000
11099456.553730445832685 1547900.730902347499956
11099456.553730445832685 1547901.029488284999912
11099456.553730445832685 1547901.328074222499868
11099456.553730445832685 1547901.626660159999824
11099456.553730445832685 1547901.925246097499780
11099456.553730445832685 1547902.223832034999736
11099456.553730445832685 1547902.522417972499692
11099456.553730445832685 1547902.821003909999648
11099456.852311174999222 1547897.745042972500396
11099456.852311174999222 1547898.043628910000352
11099456.852311174999222 1547898.342214847500308
11099456.852311174999222 1547898.640800785000264
11099456.852311174999222 1547898.939386722500220
11099456.852311174999222 1547899.237972660000176
11099456.852311174999222 1547899.536558597500132
11099456.852311174999222 1547899.835144535000088
11099456.852311174999222 1547900.133730472500044
11099456.852311174999222 1547900.432316410000000
11099456.852311174999222 1547900.730902347499956
11099456.852311174999222 1547901.029488284999912
11099456.852311174999222 1547901.328074222499868
11099456.852311174999222 1547901.626660159999824
11099456.852311174999222 1547901.925246097499780
11099456.852311174999222 1547902.223832034999736
11099456.852311174999222 1547902.522417972499692
11099456.852311174999222 1547902.821003909999648
11099457.150891904165759 1547897.745042972500396
11099457.150891904165759 1547898.043628910000352
11099457.150891904165759 1547898.342214847500308
11099457.150891904165759 1547898.640800785000264
11099457.150891904165759 1547898.939386722500220
11099457.150891904165759 1547899.237972660000176
11099457.150891904165759 1547899.536558597500132
11099457.150891904165759 1547899.835144535000088
11099457.150891904165759 1547900.133730472500044
11099457.150891904165759 1547900.432316410000000
11099457.150891904165759 1547900.730902347499956
11099457.150891904165759 1547901.029488284999912
11099457.150891904165759 1547901.328074222499868
11099457.150891904165759 1547901.626660159999824
11099457.150891904165759 1547901.925246097499780
11099457.150891904165759 1547902.223832034999736
11099457.150891904165759 1547902.522417972499692
11099457.150891904165759 1547902.821003909999648
11099457.449472633332296 1547897.745042972500396
11099457.449472633332296 1547898.043628910000352
11099457.449472633332296 1547898.342214847500308
11099457.449472633332296 1547898.640800785000264
11099457.449472633332296 1547898.939386722500220
11099457.449472633332296 1547899.237972660000176
11099457.449472633332296 1547899.536558597500132
11099457.449472633332296 1547899.835144535000088
11099457.449472633332296 1547900.133730472500044
11099457.449472633332296 1547900.432316410000000
11099457.449472633332296 1547900.730902347499956
11099457.449472633332296 1547901.029488284999912
11099457.449472633332296 1547901.328074222499868
11099457.449472633332296 1547901.626660159999824
11099457.449472633332296 1547901.925246097499780
11099457.449472633332296 1547902.223832034999736
11099457.449472633332296 1547902.522417972499692
11099457.449472633332296 1547902.821003909999648
