11099238.291217437501167 1547668.132457032500396
11099238.291217437501167 1547668.431042970000352
11099238.291217437501167 1547668.729628907500308
11099238.291217437501167 1547669.028214845000264
11099238.291217437501167 1547669.326800782500220
11099238.291217437501167 1547669.625386720000176
11099238.291217437501167 1547669.923972657500132
11099238.291217437501167 1547670.222558595000088
11099238.291217437501167 1547670.521144532500044
11099238.291217437501167 1547670.819730470000000
11099238.291217437501167 1547671.118316407499956
11099238.291217437501167 1547671.416902344999912
11099238.291217437501167 1547671.715488282499868
11099238.291217437501167 1547672.014074219999824
11099238.291217437501167 1547672.312660157499780
11099238.291217437501167 1547672.611246094999736
11099238.291217437501167 1547672.909832032499692
11099238.291217437501167 1547673.208417969999648
11099238.589798166667704 1547668.132457032500396
11099238.589798166667704 1547668.431042970000352
11099238.589798166667704 1547668.729628907500308
11099238.589798166667704 1547669.028214845000264
11099238.589798166667704 1547669.326800782500220
11099238.589798166667704 1547669.625386720000176
11099238.589798166667704 1547669.923972657500132
11099238.589798166667704 1547670.222558595000088
11099238.589798166667704 1547670.521144532500044
11099238.589798166667704 1547670.819730470000000
11099238.589798166667704 1547671.118316407499956
11099238.589798166667704 1547671.416902344999912
11099238.589798166667704 1547671.715488282499868
11099238.589798166667704 1547672.014074219999824
11099238.589798166667704 1547672.312660157499780
11099238.589798166667704 1547672.611246094999736
11099238.589798166667704 1547672.909832032499692
11099238.589798166667704 1547673.208417969999648
11099238.888378895834241 1547668.132457032500396
11099238.888378895834241 1547668.431042970000352
11099238.888378895834241 1547668.729628907500308
11099238.888378895834241 1547669.028214845000264
11099238.888378895834241 1547669.326800782500220
11099238.888378895834241 1547669.625386720000176
11099238.888378895834241 1547669.923972657500132
11099238.888378895834241 1547670.222558595000088
11099238.888378895834241 1547670.521144532500044
11099238.888378895834241 1547670.819730470000000
11099238.888378895834241 1547671.118316407499956
11099238.888378895834241 1547671.416902344999912
11099238.888378895834241 1547671.715488282499868
11099238.888378895834241 1547672.014074219999824
11099238.888378895834241 1547672.312660157499780
11099238.888378895834241 1547672.611246094999736
11099238.888378895834241 1547672.909832032499692
11099238.888378895834241 1547673.208417969999648
11099239.186959625000778 1547668.132457032500396
11099239.186959625000778 1547668.431042970000352
11099239.186959625000778 1547668.729628907500308
11099239.186959625000778 1547669.028214845000264
11099239.186959625000778 1547669.326800782500220
11099239.186959625000778 1547669.625386720000176
11099239.186959625000778 1547669.923972657500132
11099239.186959625000778 1547670.222558595000088
11099239.186959625000778 1547670.521144532500044
11099239.186959625000778 1547670.819730470000000
11099239.186959625000778 1547671.118316407499956
11099239.186959625000778 1547671.416902344999912
11099239.186959625000778 1547671.715488282499868
11099239.186959625000778 1547672.014074219999824
11099239.186959625000778 1547672.312660157499780
11099239.186959625000778 1547672.611246094999736
11099239.186959625000778 1547672.909832032499692
11099239.186959625000778 1547673.208417969999648
11099239.485540354167315 1547668.132457032500396
11099239.485540354167315 1547668.431042970000352
11099239.485540354167315 1547668.729628907500308
11099239.485540354167315 1547669.028214845000264
11099239.485540354167315 1547669.326800782500220
11099239.485540354167315 1547669.625386720000176
11099239.485540354167315 1547669.923972657500132
11099239.485540354167315 1547670.222558595000088
11099239.485540354167315 1547670.521144532500044
11099239.485540354167315 1547670.819730470000000
11099239.485540354167315 1547671.118316407499956
11099239.485540354167315 1547671.416902344999912
11099239.485540354167315 1547671.715488282499868
11099239.485540354167315 1547672.014074219999824
11099239.485540354167315 1547672.312660157499780
11099239.485540354167315 1547672.611246094999736
11099239.485540354167315 1547672.909832032499692
11099239.485540354167315 1547673.208417969999648
11099239.784121083333852 1547668.132457032500396
11099239.784121083333852 1547668.431042970000352
11099239.784121083333852 1547668.729628907500308
11099239.784121083333852 1547669.028214845000264
11099239.784121083333852 1547669.326800782500220
11099239.784121083333852 1547669.625386720000176
11099239.784121083333852 1547669.923972657500132
11099239.784121083333852 1547670.222558595000088
11099239.784121083333852 1547670.521144532500044
11099239.784121083333852 1547670.819730470000000
11099239.784121083333852 1547671.118316407499956
11099239.784121083333852 1547671.416902344999912
11099239.784121083333852 1547671.715488282499868
11099239.784121083333852 1547672.014074219999824
11099239.784121083333852 1547672.312660157499780
11099239.784121083333852 1547672.611246094999736
11099239.784121083333852 1547672.909832032499692
11099239.784121083333852 1547673.208417969999648
11099240.082701812500389 1547668.132457032500396
11099240.082701812500389 1547668.431042970000352
11099240.082701812500389 1547668.729628907500308
11099240.082701812500389 1547669.028214845000264
11099240.082701812500389 1547669.326800782500220
11099240.082701812500389 1547669.625386720000176
11099240.082701812500389 1547669.923972657500132
11099240.082701812500389 1547670.222558595000088
11099240.082701812500389 1547670.521144532500044
11099240.082701812500389 1547670.819730470000000
11099240.082701812500389 1547671.118316407499956
11099240.082701812500389 1547671.416902344999912
11099240.082701812500389 1547671.715488282499868
11099240.082701812500389 1547672.014074219999824
11099240.082701812500389 1547672.312660157499780
11099240.082701812500389 1547672.611246094999736
11099240.082701812500389 1547672.909832032499692
11099240.082701812500389 1547673.208417969999648
11099240.381282541666926 1547668.132457032500396
11099240.381282541666926 1547668.431042970000352
11099240.381282541666926 1547668.729628907500308
11099240.381282541666926 1547669.028214845000264
11099240.381282541666926 1547669.326800782500220
11099240.381282541666926 1547669.625386720000176
11099240.381282541666926 1547669.923972657500132
11099240.381282541666926 1547670.222558595000088
11099240.381282541666926 1547670.521144532500044
11099240.381282541666926 1547670.819730470000000
11099240.381282541666926 1547671.118316407499956
11099240.381282541666926 1547671.416902344999912
11099240.381282541666926 1547671.715488282499868
11099240.381282541666926 1547672.014074219999824
11099240.381282541666926 1547672.312660157499780
11099240.381282541666926 1547672.611246094999736
11099240.381282541666926 1547672.909832032499692
11099240.381282541666926 1547673.208417969999648
11099240.679863270833463 1547668.132457032500396
11099240.679863270833463 1547668.431042970000352
11099240.679863270833463 1547668.729628907500308
11099240.679863270833463 1547669.028214845000264
11099240.679863270833463 1547669.326800782500220
11099240.679863270833463 1547669.625386720000176
11099240.679863270833463 1547669.923972657500132
11099240.679863270833463 1547670.222558595000088
11099240.679863270833463 1547670.521144532500044
11099240.679863270833463 1547670.819730470000000
11099240.679863270833463 1547671.118316407499956
11099240.679863270833463 1547671.416902344999912
11099240.679863270833463 1547671.715488282499868
11099240.679863270833463 1547672.014074219999824
11099240.679863270833463 1547672.312660157499780
11099240.679863270833463 1547672.611246094999736
11099240.679863270833463 1547672.909832032499692
11099240.679863270833463 1547673.208417969999648
11099240.978444000000000 1547668.132457032500396
11099240.978444000000000 1547668.431042970000352
11099240.978444000000000 1547668.729628907500308
11099240.978444000000000 1547669.028214845000264
11099240.978444000000000 1547669.326800782500220
11099240.978444000000000 1547669.625386720000176
11099240.978444000000000 1547669.923972657500132
11099240.978444000000000 1547670.222558595000088
11099240.978444000000000 1547670.521144532500044
11099240.978444000000000 1547670.819730470000000
11099240.978444000000000 1547671.118316407499956
11099240.978444000000000 1547671.416902344999912
11099240.978444000000000 1547671.715488282499868
11099240.978444000000000 1547672.014074219999824
11099240.978444000000000 1547672.312660157499780
11099240.978444000000000 1547672.611246094999736
11099240.978444000000000 1547672.909832032499692
11099240.978444000000000 1547673.208417969999648
11099241.277024729166537 1547668.132457032500396
11099241.277024729166537 1547668.431042970000352
11099241.277024729166537 1547668.729628907500308
11099241.277024729166537 1547669.028214845000264
11099241.277024729166537 1547669.326800782500220
11099241.277024729166537 1547669.625386720000176
11099241.277024729166537 1547669.923972657500132
11099241.277024729166537 1547670.222558595000088
11099241.277024729166537 1547670.521144532500044
11099241.277024729166537 1547670.819730470000000
11099241.277024729166537 1547671.118316407499956
11099241.277024729166537 1547671.416902344999912
11099241.277024729166537 1547671.715488282499868
11099241.277024729166537 1547672.014074219999824
11099241.277024729166537 1547672.312660157499780
11099241.277024729166537 1547672.611246094999736
11099241.277024729166537 1547672.909832032499692
11099241.277024729166537 1547673.208417969999648
11099241.575605458333074 1547668.132457032500396
11099241.575605458333074 1547668.431042970000352
11099241.575605458333074 1547668.729628907500308
11099241.575605458333074 1547669.028214845000264
11099241.575605458333074 1547669.326800782500220
11099241.575605458333074 1547669.625386720000176
11099241.575605458333074 1547669.923972657500132
11099241.575605458333074 1547670.222558595000088
11099241.575605458333074 1547670.521144532500044
11099241.575605458333074 1547670.819730470000000
11099241.575605458333074 1547671.118316407499956
11099241.575605458333074 1547671.416902344999912
11099241.575605458333074 1547671.715488282499868
11099241.575605458333074 1547672.014074219999824
11099241.575605458333074 1547672.312660157499780
11099241.575605458333074 1547672.611246094999736
11099241.575605458333074 1547672.909832032499692
11099241.575605458333074 1547673.208417969999648
11099241.874186187499611 1547668.132457032500396
11099241.874186187499611 1547668.431042970000352
11099241.874186187499611 1547668.729628907500308
11099241.874186187499611 1547669.028214845000264
11099241.874186187499611 1547669.326800782500220
11099241.874186187499611 1547669.625386720000176
11099241.874186187499611 1547669.923972657500132
11099241.874186187499611 1547670.222558595000088
11099241.874186187499611 1547670.521144532500044
11099241.874186187499611 1547670.819730470000000
11099241.874186187499611 1547671.118316407499956
11099241.874186187499611 1547671.416902344999912
11099241.874186187499611 1547671.715488282499868
11099241.874186187499611 1547672.014074219999824
11099241.874186187499611 1547672.312660157499780
11099241.874186187499611 1547672.611246094999736
11099241.874186187499611 1547672.909832032499692
11099241.874186187499611 1547673.208417969999648
11099242.172766916666148 1547668.132457032500396
11099242.172766916666148 1547668.431042970000352
11099242.172766916666148 1547668.729628907500308
11099242.172766916666148 1547669.028214845000264
11099242.172766916666148 1547669.326800782500220
11099242.172766916666148 1547669.625386720000176
11099242.172766916666148 1547669.923972657500132
11099242.172766916666148 1547670.222558595000088
11099242.172766916666148 1547670.521144532500044
11099242.172766916666148 1547670.819730470000000
11099242.172766916666148 1547671.118316407499956
11099242.172766916666148 1547671.416902344999912
11099242.172766916666148 1547671.715488282499868
11099242.172766916666148 1547672.014074219999824
11099242.172766916666148 1547672.312660157499780
11099242.172766916666148 1547672.611246094999736
11099242.172766916666148 1547672.909832032499692
11099242.172766916666148 1547673.208417969999648
11099242.471347645832685 1547668.132457032500396
11099242.471347645832685 1547668.431042970000352
11099242.471347645832685 1547668.729628907500308
11099242.471347645832685 1547669.028214845000264
11099242.471347645832685 1547669.326800782500220
11099242.471347645832685 1547669.625386720000176
11099242.471347645832685 1547669.923972657500132
11099242.471347645832685 1547670.222558595000088
11099242.471347645832685 1547670.521144532500044
11099242.471347645832685 1547670.819730470000000
11099242.471347645832685 1547671.118316407499956
11099242.471347645832685 1547671.416902344999912
11099242.471347645832685 1547671.715488282499868
11099242.471347645832685 1547672.014074219999824
11099242.471347645832685 1547672.312660157499780
11099242.471347645832685 1547672.611246094999736
11099242.471347645832685 1547672.909832032499692
11099242.471347645832685 1547673.208417969999648
11099242.769928374999222 1547668.132457032500396
11099242.769928374999222 1547668.431042970000352
11099242.769928374999222 1547668.729628907500308
11099242.769928374999222 1547669.028214845000264
11099242.769928374999222 1547669.326800782500220
11099242.769928374999222 1547669.625386720000176
11099242.769928374999222 1547669.923972657500132
11099242.769928374999222 1547670.222558595000088
11099242.769928374999222 1547670.521144532500044
11099242.769928374999222 1547670.819730470000000
11099242.769928374999222 1547671.118316407499956
11099242.769928374999222 1547671.416902344999912
11099242.769928374999222 1547671.715488282499868
11099242.769928374999222 1547672.014074219999824
11099242.769928374999222 1547672.312660157499780
11099242.769928374999222 1547672.611246094999736
11099242.769928374999222 1547672.909832032499692
11099242.769928374999222 1547673.208417969999648
11099243.068509104165759 1547668.132457032500396
11099243.068509104165759 1547668.431042970000352
11099243.068509104165759 1547668.729628907500308
11099243.068509104165759 1547669.028214845000264
11099243.068509104165759 1547669.326800782500220
11099243.068509104165759 1547669.625386720000176
11099243.068509104165759 1547669.923972657500132
11099243.068509104165759 1547670.222558595000088
11099243.068509104165759 1547670.521144532500044
11099243.068509104165759 1547670.819730470000000
11099243.068509104165759 1547671.118316407499956
11099243.068509104165759 1547671.416902344999912
11099243.068509104165759 1547671.715488282499868
11099243.068509104165759 1547672.014074219999824
11099243.068509104165759 1547672.312660157499780
11099243.068509104165759 1547672.611246094999736
11099243.068509104165759 1547672.909832032499692
11099243.068509104165759 1547673.208417969999648
11099243.367089833332296 1547668.132457032500396
11099243.367089833332296 1547668.431042970000352
11099243.367089833332296 1547668.729628907500308
11099243.367089833332296 1547669.028214845000264
11099243.367089833332296 1547669.326800782500220
11099243.367089833332296 1547669.625386720000176
11099243.367089833332296 1547669.923972657500132
11099243.367089833332296 1547670.222558595000088
11099243.367089833332296 1547670.521144532500044
11099243.367089833332296 1547670.819730470000000
11099243.367089833332296 1547671.118316407499956
11099243.367089833332296 1547671.416902344999912
11099243.367089833332296 1547671.715488282499868
11099243.367089833332296 1547672.014074219999824
11099243.367089833332296 1547672.312660157499780
11099243.367089833332296 1547672.611246094999736
11099243.367089833332296 1547672.909832032499692
11099243.367089833332296 1547673.208417969999648
