11099070.488847637501167 1547589.305769532500396
11099070.488847637501167 1547589.604355470000352
11099070.488847637501167 1547589.902941407500308
11099070.488847637501167 1547590.201527345000264
11099070.488847637501167 1547590.500113282500220
11099070.488847637501167 1547590.798699220000176
11099070.488847637501167 1547591.097285157500132
11099070.488847637501167 1547591.395871095000088
11099070.488847637501167 1547591.694457032500044
11099070.488847637501167 1547591.993042970000000
11099070.488847637501167 1547592.291628907499956
11099070.488847637501167 1547592.590214844999912
11099070.488847637501167 1547592.888800782499868
11099070.488847637501167 1547593.187386719999824
11099070.488847637501167 1547593.485972657499780
11099070.488847637501167 1547593.784558594999736
11099070.488847637501167 1547594.083144532499692
11099070.488847637501167 1547594.381730469999648
11099070.787428366667704 1547589.305769532500396
11099070.787428366667704 1547589.604355470000352
11099070.787428366667704 1547589.902941407500308
11099070.787428366667704 1547590.201527345000264
11099070.787428366667704 1547590.500113282500220
11099070.787428366667704 1547590.798699220000176
11099070.787428366667704 1547591.097285157500132
11099070.787428366667704 1547591.395871095000088
11099070.787428366667704 1547591.694457032500044
11099070.787428366667704 1547591.993042970000000
11099070.787428366667704 1547592.291628907499956
11099070.787428366667704 1547592.590214844999912
11099070.787428366667704 1547592.888800782499868
11099070.787428366667704 1547593.187386719999824
11099070.787428366667704 1547593.485972657499780
11099070.787428366667704 1547593.784558594999736
11099070.787428366667704 1547594.083144532499692
11099070.787428366667704 1547594.381730469999648
11099071.086009095834241 1547589.305769532500396
11099071.086009095834241 1547589.604355470000352
11099071.086009095834241 1547589.902941407500308
11099071.086009095834241 1547590.201527345000264
11099071.086009095834241 1547590.500113282500220
11099071.086009095834241 1547590.798699220000176
11099071.086009095834241 1547591.097285157500132
11099071.086009095834241 1547591.395871095000088
11099071.086009095834241 1547591.694457032500044
11099071.086009095834241 1547591.993042970000000
11099071.086009095834241 1547592.291628907499956
11099071.086009095834241 1547592.590214844999912
11099071.086009095834241 1547592.888800782499868
11099071.086009095834241 1547593.187386719999824
11099071.086009095834241 1547593.485972657499780
11099071.086009095834241 1547593.784558594999736
11099071.086009095834241 1547594.083144532499692
11099071.086009095834241 1547594.381730469999648
11099071.384589825000778 1547589.305769532500396
11099071.384589825000778 1547589.604355470000352
11099071.384589825000778 1547589.902941407500308
11099071.384589825000778 1547590.201527345000264
11099071.384589825000778 1547590.500113282500220
11099071.384589825000778 1547590.798699220000176
11099071.384589825000778 1547591.097285157500132
11099071.384589825000778 1547591.395871095000088
11099071.384589825000778 1547591.694457032500044
11099071.384589825000778 1547591.993042970000000
11099071.384589825000778 1547592.291628907499956
11099071.384589825000778 1547592.590214844999912
11099071.384589825000778 1547592.888800782499868
11099071.384589825000778 1547593.187386719999824
11099071.384589825000778 1547593.485972657499780
11099071.384589825000778 1547593.784558594999736
11099071.384589825000778 1547594.083144532499692
11099071.384589825000778 1547594.381730469999648
11099071.683170554167315 1547589.305769532500396
11099071.683170554167315 1547589.604355470000352
11099071.683170554167315 1547589.902941407500308
11099071.683170554167315 1547590.201527345000264
11099071.683170554167315 1547590.500113282500220
11099071.683170554167315 1547590.798699220000176
11099071.683170554167315 1547591.097285157500132
11099071.683170554167315 1547591.395871095000088
11099071.683170554167315 1547591.694457032500044
11099071.683170554167315 1547591.993042970000000
11099071.683170554167315 1547592.291628907499956
11099071.683170554167315 1547592.590214844999912
11099071.683170554167315 1547592.888800782499868
11099071.683170554167315 1547593.187386719999824
11099071.683170554167315 1547593.485972657499780
11099071.683170554167315 1547593.784558594999736
11099071.683170554167315 1547594.083144532499692
11099071.683170554167315 1547594.381730469999648
11099071.981751283333852 1547589.305769532500396
11099071.981751283333852 1547589.604355470000352
11099071.981751283333852 1547589.902941407500308
11099071.981751283333852 1547590.201527345000264
11099071.981751283333852 1547590.500113282500220
11099071.981751283333852 1547590.798699220000176
11099071.981751283333852 1547591.097285157500132
11099071.981751283333852 1547591.395871095000088
11099071.981751283333852 1547591.694457032500044
11099071.981751283333852 1547591.993042970000000
11099071.981751283333852 1547592.291628907499956
11099071.981751283333852 1547592.590214844999912
11099071.981751283333852 1547592.888800782499868
11099071.981751283333852 1547593.187386719999824
11099071.981751283333852 1547593.485972657499780
11099071.981751283333852 1547593.784558594999736
11099071.981751283333852 1547594.083144532499692
11099071.981751283333852 1547594.381730469999648
11099072.280332012500389 1547589.305769532500396
11099072.280332012500389 1547589.604355470000352
11099072.280332012500389 1547589.902941407500308
11099072.280332012500389 1547590.201527345000264
11099072.280332012500389 1547590.500113282500220
11099072.280332012500389 1547590.798699220000176
11099072.280332012500389 1547591.097285157500132
11099072.280332012500389 1547591.395871095000088
11099072.280332012500389 1547591.694457032500044
11099072.280332012500389 1547591.993042970000000
11099072.280332012500389 1547592.291628907499956
11099072.280332012500389 1547592.590214844999912
11099072.280332012500389 1547592.888800782499868
11099072.280332012500389 1547593.187386719999824
11099072.280332012500389 1547593.485972657499780
11099072.280332012500389 1547593.784558594999736
11099072.280332012500389 1547594.083144532499692
11099072.280332012500389 1547594.381730469999648
11099072.578912741666926 1547589.305769532500396
11099072.578912741666926 1547589.604355470000352
11099072.578912741666926 1547589.902941407500308
11099072.578912741666926 1547590.201527345000264
11099072.578912741666926 1547590.500113282500220
11099072.578912741666926 1547590.798699220000176
11099072.578912741666926 1547591.097285157500132
11099072.578912741666926 1547591.395871095000088
11099072.578912741666926 1547591.694457032500044
11099072.578912741666926 1547591.993042970000000
11099072.578912741666926 1547592.291628907499956
11099072.578912741666926 1547592.590214844999912
11099072.578912741666926 1547592.888800782499868
11099072.578912741666926 1547593.187386719999824
11099072.578912741666926 1547593.485972657499780
11099072.578912741666926 1547593.784558594999736
11099072.578912741666926 1547594.083144532499692
11099072.578912741666926 1547594.381730469999648
11099072.877493470833463 1547589.305769532500396
11099072.877493470833463 1547589.604355470000352
11099072.877493470833463 1547589.902941407500308
11099072.877493470833463 1547590.201527345000264
11099072.877493470833463 1547590.500113282500220
11099072.877493470833463 1547590.798699220000176
11099072.877493470833463 1547591.097285157500132
11099072.877493470833463 1547591.395871095000088
11099072.877493470833463 1547591.694457032500044
11099072.877493470833463 1547591.993042970000000
11099072.877493470833463 1547592.291628907499956
11099072.877493470833463 1547592.590214844999912
11099072.877493470833463 1547592.888800782499868
11099072.877493470833463 1547593.187386719999824
11099072.877493470833463 1547593.485972657499780
11099072.877493470833463 1547593.784558594999736
11099072.877493470833463 1547594.083144532499692
11099072.877493470833463 1547594.381730469999648
11099073.176074200000000 1547589.305769532500396
11099073.176074200000000 1547589.604355470000352
11099073.176074200000000 1547589.902941407500308
11099073.176074200000000 1547590.201527345000264
11099073.176074200000000 1547590.500113282500220
11099073.176074200000000 1547590.798699220000176
11099073.176074200000000 1547591.097285157500132
11099073.176074200000000 1547591.395871095000088
11099073.176074200000000 1547591.694457032500044
11099073.176074200000000 1547591.993042970000000
11099073.176074200000000 1547592.291628907499956
11099073.176074200000000 1547592.590214844999912
11099073.176074200000000 1547592.888800782499868
11099073.176074200000000 1547593.187386719999824
11099073.176074200000000 1547593.485972657499780
11099073.176074200000000 1547593.784558594999736
11099073.176074200000000 1547594.083144532499692
11099073.176074200000000 1547594.381730469999648
11099073.474654929166537 1547589.305769532500396
11099073.474654929166537 1547589.604355470000352
11099073.474654929166537 1547589.902941407500308
11099073.474654929166537 1547590.201527345000264
11099073.474654929166537 1547590.500113282500220
11099073.474654929166537 1547590.798699220000176
11099073.474654929166537 1547591.097285157500132
11099073.474654929166537 1547591.395871095000088
11099073.474654929166537 1547591.694457032500044
11099073.474654929166537 1547591.993042970000000
11099073.474654929166537 1547592.291628907499956
11099073.474654929166537 1547592.590214844999912
11099073.474654929166537 1547592.888800782499868
11099073.474654929166537 1547593.187386719999824
11099073.474654929166537 1547593.485972657499780
11099073.474654929166537 1547593.784558594999736
11099073.474654929166537 1547594.083144532499692
11099073.474654929166537 1547594.381730469999648
11099073.773235658333074 1547589.305769532500396
11099073.773235658333074 1547589.604355470000352
11099073.773235658333074 1547589.902941407500308
11099073.773235658333074 1547590.201527345000264
11099073.773235658333074 1547590.500113282500220
11099073.773235658333074 1547590.798699220000176
11099073.773235658333074 1547591.097285157500132
11099073.773235658333074 1547591.395871095000088
11099073.773235658333074 1547591.694457032500044
11099073.773235658333074 1547591.993042970000000
11099073.773235658333074 1547592.291628907499956
11099073.773235658333074 1547592.590214844999912
11099073.773235658333074 1547592.888800782499868
11099073.773235658333074 1547593.187386719999824
11099073.773235658333074 1547593.485972657499780
11099073.773235658333074 1547593.784558594999736
11099073.773235658333074 1547594.083144532499692
11099073.773235658333074 1547594.381730469999648
11099074.071816387499611 1547589.305769532500396
11099074.071816387499611 1547589.604355470000352
11099074.071816387499611 1547589.902941407500308
11099074.071816387499611 1547590.201527345000264
11099074.071816387499611 1547590.500113282500220
11099074.071816387499611 1547590.798699220000176
11099074.071816387499611 1547591.097285157500132
11099074.071816387499611 1547591.395871095000088
11099074.071816387499611 1547591.694457032500044
11099074.071816387499611 1547591.993042970000000
11099074.071816387499611 1547592.291628907499956
11099074.071816387499611 1547592.590214844999912
11099074.071816387499611 1547592.888800782499868
11099074.071816387499611 1547593.187386719999824
11099074.071816387499611 1547593.485972657499780
11099074.071816387499611 1547593.784558594999736
11099074.071816387499611 1547594.083144532499692
11099074.071816387499611 1547594.381730469999648
11099074.370397116666148 1547589.305769532500396
11099074.370397116666148 1547589.604355470000352
11099074.370397116666148 1547589.902941407500308
11099074.370397116666148 1547590.201527345000264
11099074.370397116666148 1547590.500113282500220
11099074.370397116666148 1547590.798699220000176
11099074.370397116666148 1547591.097285157500132
11099074.370397116666148 1547591.395871095000088
11099074.370397116666148 1547591.694457032500044
11099074.370397116666148 1547591.993042970000000
11099074.370397116666148 1547592.291628907499956
11099074.370397116666148 1547592.590214844999912
11099074.370397116666148 1547592.888800782499868
11099074.370397116666148 1547593.187386719999824
11099074.370397116666148 1547593.485972657499780
11099074.370397116666148 1547593.784558594999736
11099074.370397116666148 1547594.083144532499692
11099074.370397116666148 1547594.381730469999648
11099074.668977845832685 1547589.305769532500396
11099074.668977845832685 1547589.604355470000352
11099074.668977845832685 1547589.902941407500308
11099074.668977845832685 1547590.201527345000264
11099074.668977845832685 1547590.500113282500220
11099074.668977845832685 1547590.798699220000176
11099074.668977845832685 1547591.097285157500132
11099074.668977845832685 1547591.395871095000088
11099074.668977845832685 1547591.694457032500044
11099074.668977845832685 1547591.993042970000000
11099074.668977845832685 1547592.291628907499956
11099074.668977845832685 1547592.590214844999912
11099074.668977845832685 1547592.888800782499868
11099074.668977845832685 1547593.187386719999824
11099074.668977845832685 1547593.485972657499780
11099074.668977845832685 1547593.784558594999736
11099074.668977845832685 1547594.083144532499692
11099074.668977845832685 1547594.381730469999648
11099074.967558574999222 1547589.305769532500396
11099074.967558574999222 1547589.604355470000352
11099074.967558574999222 1547589.902941407500308
11099074.967558574999222 1547590.201527345000264
11099074.967558574999222 1547590.500113282500220
11099074.967558574999222 1547590.798699220000176
11099074.967558574999222 1547591.097285157500132
11099074.967558574999222 1547591.395871095000088
11099074.967558574999222 1547591.694457032500044
11099074.967558574999222 1547591.993042970000000
11099074.967558574999222 1547592.291628907499956
11099074.967558574999222 1547592.590214844999912
11099074.967558574999222 1547592.888800782499868
11099074.967558574999222 1547593.187386719999824
11099074.967558574999222 1547593.485972657499780
11099074.967558574999222 1547593.784558594999736
11099074.967558574999222 1547594.083144532499692
11099074.967558574999222 1547594.381730469999648
11099075.266139304165759 1547589.305769532500396
11099075.266139304165759 1547589.604355470000352
11099075.266139304165759 1547589.902941407500308
11099075.266139304165759 1547590.201527345000264
11099075.266139304165759 1547590.500113282500220
11099075.266139304165759 1547590.798699220000176
11099075.266139304165759 1547591.097285157500132
11099075.266139304165759 1547591.395871095000088
11099075.266139304165759 1547591.694457032500044
11099075.266139304165759 1547591.993042970000000
11099075.266139304165759 1547592.291628907499956
11099075.266139304165759 1547592.590214844999912
11099075.266139304165759 1547592.888800782499868
11099075.266139304165759 1547593.187386719999824
11099075.266139304165759 1547593.485972657499780
11099075.266139304165759 1547593.784558594999736
11099075.266139304165759 1547594.083144532499692
11099075.266139304165759 1547594.381730469999648
11099075.564720033332296 1547589.305769532500396
11099075.564720033332296 1547589.604355470000352
11099075.564720033332296 1547589.902941407500308
11099075.564720033332296 1547590.201527345000264
11099075.564720033332296 1547590.500113282500220
11099075.564720033332296 1547590.798699220000176
11099075.564720033332296 1547591.097285157500132
11099075.564720033332296 1547591.395871095000088
11099075.564720033332296 1547591.694457032500044
11099075.564720033332296 1547591.993042970000000
11099075.564720033332296 1547592.291628907499956
11099075.564720033332296 1547592.590214844999912
11099075.564720033332296 1547592.888800782499868
11099075.564720033332296 1547593.187386719999824
11099075.564720033332296 1547593.485972657499780
11099075.564720033332296 1547593.784558594999736
11099075.564720033332296 1547594.083144532499692
11099075.564720033332296 1547594.381730469999648
