11099114.678795537501167 1547657.681949222500396
11099114.678795537501167 1547657.980535160000352
11099114.678795537501167 1547658.279121097500308
11099114.678795537501167 1547658.577707035000264
11099114.678795537501167 1547658.876292972500220
11099114.678795537501167 1547659.174878910000176
11099114.678795537501167 1547659.473464847500132
11099114.678795537501167 1547659.772050785000088
11099114.678795537501167 1547660.070636722500044
11099114.678795537501167 1547660.369222660000000
11099114.678795537501167 1547660.667808597499956
11099114.678795537501167 1547660.966394534999912
11099114.678795537501167 1547661.264980472499868
11099114.678795537501167 1547661.563566409999824
11099114.678795537501167 1547661.862152347499780
11099114.678795537501167 1547662.160738284999736
11099114.678795537501167 1547662.459324222499692
11099114.678795537501167 1547662.757910159999648
11099114.977376266667704 1547657.681949222500396
11099114.977376266667704 1547657.980535160000352
11099114.977376266667704 1547658.279121097500308
11099114.977376266667704 1547658.577707035000264
11099114.977376266667704 1547658.876292972500220
11099114.977376266667704 1547659.174878910000176
11099114.977376266667704 1547659.473464847500132
11099114.977376266667704 1547659.772050785000088
11099114.977376266667704 1547660.070636722500044
11099114.977376266667704 1547660.369222660000000
11099114.977376266667704 1547660.667808597499956
11099114.977376266667704 1547660.966394534999912
11099114.977376266667704 1547661.264980472499868
11099114.977376266667704 1547661.563566409999824
11099114.977376266667704 1547661.862152347499780
11099114.977376266667704 1547662.160738284999736
11099114.977376266667704 1547662.459324222499692
11099114.977376266667704 1547662.757910159999648
11099115.275956995834241 1547657.681949222500396
11099115.275956995834241 1547657.980535160000352
11099115.275956995834241 1547658.279121097500308
11099115.275956995834241 1547658.577707035000264
11099115.275956995834241 1547658.876292972500220
11099115.275956995834241 1547659.174878910000176
11099115.275956995834241 1547659.473464847500132
11099115.275956995834241 1547659.772050785000088
11099115.275956995834241 1547660.070636722500044
11099115.275956995834241 1547660.369222660000000
11099115.275956995834241 1547660.667808597499956
11099115.275956995834241 1547660.966394534999912
11099115.275956995834241 1547661.264980472499868
11099115.275956995834241 1547661.563566409999824
11099115.275956995834241 1547661.862152347499780
11099115.275956995834241 1547662.160738284999736
11099115.275956995834241 1547662.459324222499692
11099115.275956995834241 1547662.757910159999648
11099115.574537725000778 1547657.681949222500396
11099115.574537725000778 1547657.980535160000352
11099115.574537725000778 1547658.279121097500308
11099115.574537725000778 1547658.577707035000264
11099115.574537725000778 1547658.876292972500220
11099115.574537725000778 1547659.174878910000176
11099115.574537725000778 1547659.473464847500132
11099115.574537725000778 1547659.772050785000088
11099115.574537725000778 1547660.070636722500044
11099115.574537725000778 1547660.369222660000000
11099115.574537725000778 1547660.667808597499956
11099115.574537725000778 1547660.966394534999912
11099115.574537725000778 1547661.264980472499868
11099115.574537725000778 1547661.563566409999824
11099115.574537725000778 1547661.862152347499780
11099115.574537725000778 1547662.160738284999736
11099115.574537725000778 1547662.459324222499692
11099115.574537725000778 1547662.757910159999648
11099115.873118454167315 1547657.681949222500396
11099115.873118454167315 1547657.980535160000352
11099115.873118454167315 1547658.279121097500308
11099115.873118454167315 1547658.577707035000264
11099115.873118454167315 1547658.876292972500220
11099115.873118454167315 1547659.174878910000176
11099115.873118454167315 1547659.473464847500132
11099115.873118454167315 1547659.772050785000088
11099115.873118454167315 1547660.070636722500044
11099115.873118454167315 1547660.369222660000000
11099115.873118454167315 1547660.667808597499956
11099115.873118454167315 1547660.966394534999912
11099115.873118454167315 1547661.264980472499868
11099115.873118454167315 1547661.563566409999824
11099115.873118454167315 1547661.862152347499780
11099115.873118454167315 1547662.160738284999736
11099115.873118454167315 1547662.459324222499692
11099115.873118454167315 1547662.757910159999648
11099116.171699183333852 1547657.681949222500396
11099116.171699183333852 1547657.980535160000352
11099116.171699183333852 1547658.279121097500308
11099116.171699183333852 1547658.577707035000264
11099116.171699183333852 1547658.876292972500220
11099116.171699183333852 1547659.174878910000176
11099116.171699183333852 1547659.473464847500132
11099116.171699183333852 1547659.772050785000088
11099116.171699183333852 1547660.070636722500044
11099116.171699183333852 1547660.369222660000000
11099116.171699183333852 1547660.667808597499956
11099116.171699183333852 1547660.966394534999912
11099116.171699183333852 1547661.264980472499868
11099116.171699183333852 1547661.563566409999824
11099116.171699183333852 1547661.862152347499780
11099116.171699183333852 1547662.160738284999736
11099116.171699183333852 1547662.459324222499692
11099116.171699183333852 1547662.757910159999648
11099116.470279912500389 1547657.681949222500396
11099116.470279912500389 1547657.980535160000352
11099116.470279912500389 1547658.279121097500308
11099116.470279912500389 1547658.577707035000264
11099116.470279912500389 1547658.876292972500220
11099116.470279912500389 1547659.174878910000176
11099116.470279912500389 1547659.473464847500132
11099116.470279912500389 1547659.772050785000088
11099116.470279912500389 1547660.070636722500044
11099116.470279912500389 1547660.369222660000000
11099116.470279912500389 1547660.667808597499956
11099116.470279912500389 1547660.966394534999912
11099116.470279912500389 1547661.264980472499868
11099116.470279912500389 1547661.563566409999824
11099116.470279912500389 1547661.862152347499780
11099116.470279912500389 1547662.160738284999736
11099116.470279912500389 1547662.459324222499692
11099116.470279912500389 1547662.757910159999648
11099116.768860641666926 1547657.681949222500396
11099116.768860641666926 1547657.980535160000352
11099116.768860641666926 1547658.279121097500308
11099116.768860641666926 1547658.577707035000264
11099116.768860641666926 1547658.876292972500220
11099116.768860641666926 1547659.174878910000176
11099116.768860641666926 1547659.473464847500132
11099116.768860641666926 1547659.772050785000088
11099116.768860641666926 1547660.070636722500044
11099116.768860641666926 1547660.369222660000000
11099116.768860641666926 1547660.667808597499956
11099116.768860641666926 1547660.966394534999912
11099116.768860641666926 1547661.264980472499868
11099116.768860641666926 1547661.563566409999824
11099116.768860641666926 1547661.862152347499780
11099116.768860641666926 1547662.160738284999736
11099116.768860641666926 1547662.459324222499692
11099116.768860641666926 1547662.757910159999648
11099117.067441370833463 1547657.681949222500396
11099117.067441370833463 1547657.980535160000352
11099117.067441370833463 1547658.279121097500308
11099117.067441370833463 1547658.577707035000264
11099117.067441370833463 1547658.876292972500220
11099117.067441370833463 1547659.174878910000176
11099117.067441370833463 1547659.473464847500132
11099117.067441370833463 1547659.772050785000088
11099117.067441370833463 1547660.070636722500044
11099117.067441370833463 1547660.369222660000000
11099117.067441370833463 1547660.667808597499956
11099117.067441370833463 1547660.966394534999912
11099117.067441370833463 1547661.264980472499868
11099117.067441370833463 1547661.563566409999824
11099117.067441370833463 1547661.862152347499780
11099117.067441370833463 1547662.160738284999736
11099117.067441370833463 1547662.459324222499692
11099117.067441370833463 1547662.757910159999648
11099117.366022100000000 1547657.681949222500396
11099117.366022100000000 1547657.980535160000352
11099117.366022100000000 1547658.279121097500308
11099117.366022100000000 1547658.577707035000264
11099117.366022100000000 1547658.876292972500220
11099117.366022100000000 1547659.174878910000176
11099117.366022100000000 1547659.473464847500132
11099117.366022100000000 1547659.772050785000088
11099117.366022100000000 1547660.070636722500044
11099117.366022100000000 1547660.369222660000000
11099117.366022100000000 1547660.667808597499956
11099117.366022100000000 1547660.966394534999912
11099117.366022100000000 1547661.264980472499868
11099117.366022100000000 1547661.563566409999824
11099117.366022100000000 1547661.862152347499780
11099117.366022100000000 1547662.160738284999736
11099117.366022100000000 1547662.459324222499692
11099117.366022100000000 1547662.757910159999648
11099117.664602829166537 1547657.681949222500396
11099117.664602829166537 1547657.980535160000352
11099117.664602829166537 1547658.279121097500308
11099117.664602829166537 1547658.577707035000264
11099117.664602829166537 1547658.876292972500220
11099117.664602829166537 1547659.174878910000176
11099117.664602829166537 1547659.473464847500132
11099117.664602829166537 1547659.772050785000088
11099117.664602829166537 1547660.070636722500044
11099117.664602829166537 1547660.369222660000000
11099117.664602829166537 1547660.667808597499956
11099117.664602829166537 1547660.966394534999912
11099117.664602829166537 1547661.264980472499868
11099117.664602829166537 1547661.563566409999824
11099117.664602829166537 1547661.862152347499780
11099117.664602829166537 1547662.160738284999736
11099117.664602829166537 1547662.459324222499692
11099117.664602829166537 1547662.757910159999648
11099117.963183558333074 1547657.681949222500396
11099117.963183558333074 1547657.980535160000352
11099117.963183558333074 1547658.279121097500308
11099117.963183558333074 1547658.577707035000264
11099117.963183558333074 1547658.876292972500220
11099117.963183558333074 1547659.174878910000176
11099117.963183558333074 1547659.473464847500132
11099117.963183558333074 1547659.772050785000088
11099117.963183558333074 1547660.070636722500044
11099117.963183558333074 1547660.369222660000000
11099117.963183558333074 1547660.667808597499956
11099117.963183558333074 1547660.966394534999912
11099117.963183558333074 1547661.264980472499868
11099117.963183558333074 1547661.563566409999824
11099117.963183558333074 1547661.862152347499780
11099117.963183558333074 1547662.160738284999736
11099117.963183558333074 1547662.459324222499692
11099117.963183558333074 1547662.757910159999648
11099118.261764287499611 1547657.681949222500396
11099118.261764287499611 1547657.980535160000352
11099118.261764287499611 1547658.279121097500308
11099118.261764287499611 1547658.577707035000264
11099118.261764287499611 1547658.876292972500220
11099118.261764287499611 1547659.174878910000176
11099118.261764287499611 1547659.473464847500132
11099118.261764287499611 1547659.772050785000088
11099118.261764287499611 1547660.070636722500044
11099118.261764287499611 1547660.369222660000000
11099118.261764287499611 1547660.667808597499956
11099118.261764287499611 1547660.966394534999912
11099118.261764287499611 1547661.264980472499868
11099118.261764287499611 1547661.563566409999824
11099118.261764287499611 1547661.862152347499780
11099118.261764287499611 1547662.160738284999736
11099118.261764287499611 1547662.459324222499692
11099118.261764287499611 1547662.757910159999648
11099118.560345016666148 1547657.681949222500396
11099118.560345016666148 1547657.980535160000352
11099118.560345016666148 1547658.279121097500308
11099118.560345016666148 1547658.577707035000264
11099118.560345016666148 1547658.876292972500220
11099118.560345016666148 1547659.174878910000176
11099118.560345016666148 1547659.473464847500132
11099118.560345016666148 1547659.772050785000088
11099118.560345016666148 1547660.070636722500044
11099118.560345016666148 1547660.369222660000000
11099118.560345016666148 1547660.667808597499956
11099118.560345016666148 1547660.966394534999912
11099118.560345016666148 1547661.264980472499868
11099118.560345016666148 1547661.563566409999824
11099118.560345016666148 1547661.862152347499780
11099118.560345016666148 1547662.160738284999736
11099118.560345016666148 1547662.459324222499692
11099118.560345016666148 1547662.757910159999648
11099118.858925745832685 1547657.681949222500396
11099118.858925745832685 1547657.980535160000352
11099118.858925745832685 1547658.279121097500308
11099118.858925745832685 1547658.577707035000264
11099118.858925745832685 1547658.876292972500220
11099118.858925745832685 1547659.174878910000176
11099118.858925745832685 1547659.473464847500132
11099118.858925745832685 1547659.772050785000088
11099118.858925745832685 1547660.070636722500044
11099118.858925745832685 1547660.369222660000000
11099118.858925745832685 1547660.667808597499956
11099118.858925745832685 1547660.966394534999912
11099118.858925745832685 1547661.264980472499868
11099118.858925745832685 1547661.563566409999824
11099118.858925745832685 1547661.862152347499780
11099118.858925745832685 1547662.160738284999736
11099118.858925745832685 1547662.459324222499692
11099118.858925745832685 1547662.757910159999648
11099119.157506474999222 1547657.681949222500396
11099119.157506474999222 1547657.980535160000352
11099119.157506474999222 1547658.279121097500308
11099119.157506474999222 1547658.577707035000264
11099119.157506474999222 1547658.876292972500220
11099119.157506474999222 1547659.174878910000176
11099119.157506474999222 1547659.473464847500132
11099119.157506474999222 1547659.772050785000088
11099119.157506474999222 1547660.070636722500044
11099119.157506474999222 1547660.369222660000000
11099119.157506474999222 1547660.667808597499956
11099119.157506474999222 1547660.966394534999912
11099119.157506474999222 1547661.264980472499868
11099119.157506474999222 1547661.563566409999824
11099119.157506474999222 1547661.862152347499780
11099119.157506474999222 1547662.160738284999736
11099119.157506474999222 1547662.459324222499692
11099119.157506474999222 1547662.757910159999648
11099119.456087204165759 1547657.681949222500396
11099119.456087204165759 1547657.980535160000352
11099119.456087204165759 1547658.279121097500308
11099119.456087204165759 1547658.577707035000264
11099119.456087204165759 1547658.876292972500220
11099119.456087204165759 1547659.174878910000176
11099119.456087204165759 1547659.473464847500132
11099119.456087204165759 1547659.772050785000088
11099119.456087204165759 1547660.070636722500044
11099119.456087204165759 1547660.369222660000000
11099119.456087204165759 1547660.667808597499956
11099119.456087204165759 1547660.966394534999912
11099119.456087204165759 1547661.264980472499868
11099119.456087204165759 1547661.563566409999824
11099119.456087204165759 1547661.862152347499780
11099119.456087204165759 1547662.160738284999736
11099119.456087204165759 1547662.459324222499692
11099119.456087204165759 1547662.757910159999648
11099119.754667933332296 1547657.681949222500396
11099119.754667933332296 1547657.980535160000352
11099119.754667933332296 1547658.279121097500308
11099119.754667933332296 1547658.577707035000264
11099119.754667933332296 1547658.876292972500220
11099119.754667933332296 1547659.174878910000176
11099119.754667933332296 1547659.473464847500132
11099119.754667933332296 1547659.772050785000088
11099119.754667933332296 1547660.070636722500044
11099119.754667933332296 1547660.369222660000000
11099119.754667933332296 1547660.667808597499956
11099119.754667933332296 1547660.966394534999912
11099119.754667933332296 1547661.264980472499868
11099119.754667933332296 1547661.563566409999824
11099119.754667933332296 1547661.862152347499780
11099119.754667933332296 1547662.160738284999736
11099119.754667933332296 1547662.459324222499692
11099119.754667933332296 1547662.757910159999648
