11098888.951764337501167 1547745.764800782500396
11098888.951764337501167 1547746.063386720000352
11098888.951764337501167 1547746.361972657500308
11098888.951764337501167 1547746.660558595000264
11098888.951764337501167 1547746.959144532500220
11098888.951764337501167 1547747.257730470000176
11098888.951764337501167 1547747.556316407500132
11098888.951764337501167 1547747.854902345000088
11098888.951764337501167 1547748.153488282500044
11098888.951764337501167 1547748.452074220000000
11098888.951764337501167 1547748.750660157499956
11098888.951764337501167 1547749.049246094999912
11098888.951764337501167 1547749.347832032499868
11098888.951764337501167 1547749.646417969999824
11098888.951764337501167 1547749.945003907499780
11098888.951764337501167 1547750.243589844999736
11098888.951764337501167 1547750.542175782499692
11098888.951764337501167 1547750.840761719999648
11098889.250345066667704 1547745.764800782500396
11098889.250345066667704 1547746.063386720000352
11098889.250345066667704 1547746.361972657500308
11098889.250345066667704 1547746.660558595000264
11098889.250345066667704 1547746.959144532500220
11098889.250345066667704 1547747.257730470000176
11098889.250345066667704 1547747.556316407500132
11098889.250345066667704 1547747.854902345000088
11098889.250345066667704 1547748.153488282500044
11098889.250345066667704 1547748.452074220000000
11098889.250345066667704 1547748.750660157499956
11098889.250345066667704 1547749.049246094999912
11098889.250345066667704 1547749.347832032499868
11098889.250345066667704 1547749.646417969999824
11098889.250345066667704 1547749.945003907499780
11098889.250345066667704 1547750.243589844999736
11098889.250345066667704 1547750.542175782499692
11098889.250345066667704 1547750.840761719999648
11098889.548925795834241 1547745.764800782500396
11098889.548925795834241 1547746.063386720000352
11098889.548925795834241 1547746.361972657500308
11098889.548925795834241 1547746.660558595000264
11098889.548925795834241 1547746.959144532500220
11098889.548925795834241 1547747.257730470000176
11098889.548925795834241 1547747.556316407500132
11098889.548925795834241 1547747.854902345000088
11098889.548925795834241 1547748.153488282500044
11098889.548925795834241 1547748.452074220000000
11098889.548925795834241 1547748.750660157499956
11098889.548925795834241 1547749.049246094999912
11098889.548925795834241 1547749.347832032499868
11098889.548925795834241 1547749.646417969999824
11098889.548925795834241 1547749.945003907499780
11098889.548925795834241 1547750.243589844999736
11098889.548925795834241 1547750.542175782499692
11098889.548925795834241 1547750.840761719999648
11098889.847506525000778 1547745.764800782500396
11098889.847506525000778 1547746.063386720000352
11098889.847506525000778 1547746.361972657500308
11098889.847506525000778 1547746.660558595000264
11098889.847506525000778 1547746.959144532500220
11098889.847506525000778 1547747.257730470000176
11098889.847506525000778 1547747.556316407500132
11098889.847506525000778 1547747.854902345000088
11098889.847506525000778 1547748.153488282500044
11098889.847506525000778 1547748.452074220000000
11098889.847506525000778 1547748.750660157499956
11098889.847506525000778 1547749.049246094999912
11098889.847506525000778 1547749.347832032499868
11098889.847506525000778 1547749.646417969999824
11098889.847506525000778 1547749.945003907499780
11098889.847506525000778 1547750.243589844999736
11098889.847506525000778 1547750.542175782499692
11098889.847506525000778 1547750.840761719999648
11098890.146087254167315 1547745.764800782500396
11098890.146087254167315 1547746.063386720000352
11098890.146087254167315 1547746.361972657500308
11098890.146087254167315 1547746.660558595000264
11098890.146087254167315 1547746.959144532500220
11098890.146087254167315 1547747.257730470000176
11098890.146087254167315 1547747.556316407500132
11098890.146087254167315 1547747.854902345000088
11098890.146087254167315 1547748.153488282500044
11098890.146087254167315 1547748.452074220000000
11098890.146087254167315 1547748.750660157499956
11098890.146087254167315 1547749.049246094999912
11098890.146087254167315 1547749.347832032499868
11098890.146087254167315 1547749.646417969999824
11098890.146087254167315 1547749.945003907499780
11098890.146087254167315 1547750.243589844999736
11098890.146087254167315 1547750.542175782499692
11098890.146087254167315 1547750.840761719999648
11098890.444667983333852 1547745.764800782500396
11098890.444667983333852 1547746.063386720000352
11098890.444667983333852 1547746.361972657500308
11098890.444667983333852 1547746.660558595000264
11098890.444667983333852 1547746.959144532500220
11098890.444667983333852 1547747.257730470000176
11098890.444667983333852 1547747.556316407500132
11098890.444667983333852 1547747.854902345000088
11098890.444667983333852 1547748.153488282500044
11098890.444667983333852 1547748.452074220000000
11098890.444667983333852 1547748.750660157499956
11098890.444667983333852 1547749.049246094999912
11098890.444667983333852 1547749.347832032499868
11098890.444667983333852 1547749.646417969999824
11098890.444667983333852 1547749.945003907499780
11098890.444667983333852 1547750.243589844999736
11098890.444667983333852 1547750.542175782499692
11098890.444667983333852 1547750.840761719999648
11098890.743248712500389 1547745.764800782500396
11098890.743248712500389 1547746.063386720000352
11098890.743248712500389 1547746.361972657500308
11098890.743248712500389 1547746.660558595000264
11098890.743248712500389 1547746.959144532500220
11098890.743248712500389 1547747.257730470000176
11098890.743248712500389 1547747.556316407500132
11098890.743248712500389 1547747.854902345000088
11098890.743248712500389 1547748.153488282500044
11098890.743248712500389 1547748.452074220000000
11098890.743248712500389 1547748.750660157499956
11098890.743248712500389 1547749.049246094999912
11098890.743248712500389 1547749.347832032499868
11098890.743248712500389 1547749.646417969999824
11098890.743248712500389 1547749.945003907499780
11098890.743248712500389 1547750.243589844999736
11098890.743248712500389 1547750.542175782499692
11098890.743248712500389 1547750.840761719999648
11098891.041829441666926 1547745.764800782500396
11098891.041829441666926 1547746.063386720000352
11098891.041829441666926 1547746.361972657500308
11098891.041829441666926 1547746.660558595000264
11098891.041829441666926 1547746.959144532500220
11098891.041829441666926 1547747.257730470000176
11098891.041829441666926 1547747.556316407500132
11098891.041829441666926 1547747.854902345000088
11098891.041829441666926 1547748.153488282500044
11098891.041829441666926 1547748.452074220000000
11098891.041829441666926 1547748.750660157499956
11098891.041829441666926 1547749.049246094999912
11098891.041829441666926 1547749.347832032499868
11098891.041829441666926 1547749.646417969999824
11098891.041829441666926 1547749.945003907499780
11098891.041829441666926 1547750.243589844999736
11098891.041829441666926 1547750.542175782499692
11098891.041829441666926 1547750.840761719999648
11098891.340410170833463 1547745.764800782500396
11098891.340410170833463 1547746.063386720000352
11098891.340410170833463 1547746.361972657500308
11098891.340410170833463 1547746.660558595000264
11098891.340410170833463 1547746.959144532500220
11098891.340410170833463 1547747.257730470000176
11098891.340410170833463 1547747.556316407500132
11098891.340410170833463 1547747.854902345000088
11098891.340410170833463 1547748.153488282500044
11098891.340410170833463 1547748.452074220000000
11098891.340410170833463 1547748.750660157499956
11098891.340410170833463 1547749.049246094999912
11098891.340410170833463 1547749.347832032499868
11098891.340410170833463 1547749.646417969999824
11098891.340410170833463 1547749.945003907499780
11098891.340410170833463 1547750.243589844999736
11098891.340410170833463 1547750.542175782499692
11098891.340410170833463 1547750.840761719999648
11098891.638990900000000 1547745.764800782500396
11098891.638990900000000 1547746.063386720000352
11098891.638990900000000 1547746.361972657500308
11098891.638990900000000 1547746.660558595000264
11098891.638990900000000 1547746.959144532500220
11098891.638990900000000 1547747.257730470000176
11098891.638990900000000 1547747.556316407500132
11098891.638990900000000 1547747.854902345000088
11098891.638990900000000 1547748.153488282500044
11098891.638990900000000 1547748.452074220000000
11098891.638990900000000 1547748.750660157499956
11098891.638990900000000 1547749.049246094999912
11098891.638990900000000 1547749.347832032499868
11098891.638990900000000 1547749.646417969999824
11098891.638990900000000 1547749.945003907499780
11098891.638990900000000 1547750.243589844999736
11098891.638990900000000 1547750.542175782499692
11098891.638990900000000 1547750.840761719999648
11098891.937571629166537 1547745.764800782500396
11098891.937571629166537 1547746.063386720000352
11098891.937571629166537 1547746.361972657500308
11098891.937571629166537 1547746.660558595000264
11098891.937571629166537 1547746.959144532500220
11098891.937571629166537 1547747.257730470000176
11098891.937571629166537 1547747.556316407500132
11098891.937571629166537 1547747.854902345000088
11098891.937571629166537 1547748.153488282500044
11098891.937571629166537 1547748.452074220000000
11098891.937571629166537 1547748.750660157499956
11098891.937571629166537 1547749.049246094999912
11098891.937571629166537 1547749.347832032499868
11098891.937571629166537 1547749.646417969999824
11098891.937571629166537 1547749.945003907499780
11098891.937571629166537 1547750.243589844999736
11098891.937571629166537 1547750.542175782499692
11098891.937571629166537 1547750.840761719999648
11098892.236152358333074 1547745.764800782500396
11098892.236152358333074 1547746.063386720000352
11098892.236152358333074 1547746.361972657500308
11098892.236152358333074 1547746.660558595000264
11098892.236152358333074 1547746.959144532500220
11098892.236152358333074 1547747.257730470000176
11098892.236152358333074 1547747.556316407500132
11098892.236152358333074 1547747.854902345000088
11098892.236152358333074 1547748.153488282500044
11098892.236152358333074 1547748.452074220000000
11098892.236152358333074 1547748.750660157499956
11098892.236152358333074 1547749.049246094999912
11098892.236152358333074 1547749.347832032499868
11098892.236152358333074 1547749.646417969999824
11098892.236152358333074 1547749.945003907499780
11098892.236152358333074 1547750.243589844999736
11098892.236152358333074 1547750.542175782499692
11098892.236152358333074 1547750.840761719999648
11098892.534733087499611 1547745.764800782500396
11098892.534733087499611 1547746.063386720000352
11098892.534733087499611 1547746.361972657500308
11098892.534733087499611 1547746.660558595000264
11098892.534733087499611 1547746.959144532500220
11098892.534733087499611 1547747.257730470000176
11098892.534733087499611 1547747.556316407500132
11098892.534733087499611 1547747.854902345000088
11098892.534733087499611 1547748.153488282500044
11098892.534733087499611 1547748.452074220000000
11098892.534733087499611 1547748.750660157499956
11098892.534733087499611 1547749.049246094999912
11098892.534733087499611 1547749.347832032499868
11098892.534733087499611 1547749.646417969999824
11098892.534733087499611 1547749.945003907499780
11098892.534733087499611 1547750.243589844999736
11098892.534733087499611 1547750.542175782499692
11098892.534733087499611 1547750.840761719999648
11098892.833313816666148 1547745.764800782500396
11098892.833313816666148 1547746.063386720000352
11098892.833313816666148 1547746.361972657500308
11098892.833313816666148 1547746.660558595000264
11098892.833313816666148 1547746.959144532500220
11098892.833313816666148 1547747.257730470000176
11098892.833313816666148 1547747.556316407500132
11098892.833313816666148 1547747.854902345000088
11098892.833313816666148 1547748.153488282500044
11098892.833313816666148 1547748.452074220000000
11098892.833313816666148 1547748.750660157499956
11098892.833313816666148 1547749.049246094999912
11098892.833313816666148 1547749.347832032499868
11098892.833313816666148 1547749.646417969999824
11098892.833313816666148 1547749.945003907499780
11098892.833313816666148 1547750.243589844999736
11098892.833313816666148 1547750.542175782499692
11098892.833313816666148 1547750.840761719999648
11098893.131894545832685 1547745.764800782500396
11098893.131894545832685 1547746.063386720000352
11098893.131894545832685 1547746.361972657500308
11098893.131894545832685 1547746.660558595000264
11098893.131894545832685 1547746.959144532500220
11098893.131894545832685 1547747.257730470000176
11098893.131894545832685 1547747.556316407500132
11098893.131894545832685 1547747.854902345000088
11098893.131894545832685 1547748.153488282500044
11098893.131894545832685 1547748.452074220000000
11098893.131894545832685 1547748.750660157499956
11098893.131894545832685 1547749.049246094999912
11098893.131894545832685 1547749.347832032499868
11098893.131894545832685 1547749.646417969999824
11098893.131894545832685 1547749.945003907499780
11098893.131894545832685 1547750.243589844999736
11098893.131894545832685 1547750.542175782499692
11098893.131894545832685 1547750.840761719999648
11098893.430475274999222 1547745.764800782500396
11098893.430475274999222 1547746.063386720000352
11098893.430475274999222 1547746.361972657500308
11098893.430475274999222 1547746.660558595000264
11098893.430475274999222 1547746.959144532500220
11098893.430475274999222 1547747.257730470000176
11098893.430475274999222 1547747.556316407500132
11098893.430475274999222 1547747.854902345000088
11098893.430475274999222 1547748.153488282500044
11098893.430475274999222 1547748.452074220000000
11098893.430475274999222 1547748.750660157499956
11098893.430475274999222 1547749.049246094999912
11098893.430475274999222 1547749.347832032499868
11098893.430475274999222 1547749.646417969999824
11098893.430475274999222 1547749.945003907499780
11098893.430475274999222 1547750.243589844999736
11098893.430475274999222 1547750.542175782499692
11098893.430475274999222 1547750.840761719999648
11098893.729056004165759 1547745.764800782500396
11098893.729056004165759 1547746.063386720000352
11098893.729056004165759 1547746.361972657500308
11098893.729056004165759 1547746.660558595000264
11098893.729056004165759 1547746.959144532500220
11098893.729056004165759 1547747.257730470000176
11098893.729056004165759 1547747.556316407500132
11098893.729056004165759 1547747.854902345000088
11098893.729056004165759 1547748.153488282500044
11098893.729056004165759 1547748.452074220000000
11098893.729056004165759 1547748.750660157499956
11098893.729056004165759 1547749.049246094999912
11098893.729056004165759 1547749.347832032499868
11098893.729056004165759 1547749.646417969999824
11098893.729056004165759 1547749.945003907499780
11098893.729056004165759 1547750.243589844999736
11098893.729056004165759 1547750.542175782499692
11098893.729056004165759 1547750.840761719999648
11098894.027636733332296 1547745.764800782500396
11098894.027636733332296 1547746.063386720000352
11098894.027636733332296 1547746.361972657500308
11098894.027636733332296 1547746.660558595000264
11098894.027636733332296 1547746.959144532500220
11098894.027636733332296 1547747.257730470000176
11098894.027636733332296 1547747.556316407500132
11098894.027636733332296 1547747.854902345000088
11098894.027636733332296 1547748.153488282500044
11098894.027636733332296 1547748.452074220000000
11098894.027636733332296 1547748.750660157499956
11098894.027636733332296 1547749.049246094999912
11098894.027636733332296 1547749.347832032499868
11098894.027636733332296 1547749.646417969999824
11098894.027636733332296 1547749.945003907499780
11098894.027636733332296 1547750.243589844999736
11098894.027636733332296 1547750.542175782499692
11098894.027636733332296 1547750.840761719999648
