11098830.728522137501167 1547807.273503902500396
11098830.728522137501167 1547807.572089840000352
11098830.728522137501167 1547807.870675777500308
11098830.728522137501167 1547808.169261715000264
11098830.728522137501167 1547808.467847652500220
11098830.728522137501167 1547808.766433590000176
11098830.728522137501167 1547809.065019527500132
11098830.728522137501167 1547809.363605465000088
11098830.728522137501167 1547809.662191402500044
11098830.728522137501167 1547809.960777340000000
11098830.728522137501167 1547810.259363277499956
11098830.728522137501167 1547810.557949214999912
11098830.728522137501167 1547810.856535152499868
11098830.728522137501167 1547811.155121089999824
11098830.728522137501167 1547811.453707027499780
11098830.728522137501167 1547811.752292964999736
11098830.728522137501167 1547812.050878902499692
11098830.728522137501167 1547812.349464839999648
11098831.027102866667704 1547807.273503902500396
11098831.027102866667704 1547807.572089840000352
11098831.027102866667704 1547807.870675777500308
11098831.027102866667704 1547808.169261715000264
11098831.027102866667704 1547808.467847652500220
11098831.027102866667704 1547808.766433590000176
11098831.027102866667704 1547809.065019527500132
11098831.027102866667704 1547809.363605465000088
11098831.027102866667704 1547809.662191402500044
11098831.027102866667704 1547809.960777340000000
11098831.027102866667704 1547810.259363277499956
11098831.027102866667704 1547810.557949214999912
11098831.027102866667704 1547810.856535152499868
11098831.027102866667704 1547811.155121089999824
11098831.027102866667704 1547811.453707027499780
11098831.027102866667704 1547811.752292964999736
11098831.027102866667704 1547812.050878902499692
11098831.027102866667704 1547812.349464839999648
11098831.325683595834241 1547807.273503902500396
11098831.325683595834241 1547807.572089840000352
11098831.325683595834241 1547807.870675777500308
11098831.325683595834241 1547808.169261715000264
11098831.325683595834241 1547808.467847652500220
11098831.325683595834241 1547808.766433590000176
11098831.325683595834241 1547809.065019527500132
11098831.325683595834241 1547809.363605465000088
11098831.325683595834241 1547809.662191402500044
11098831.325683595834241 1547809.960777340000000
11098831.325683595834241 1547810.259363277499956
11098831.325683595834241 1547810.557949214999912
11098831.325683595834241 1547810.856535152499868
11098831.325683595834241 1547811.155121089999824
11098831.325683595834241 1547811.453707027499780
11098831.325683595834241 1547811.752292964999736
11098831.325683595834241 1547812.050878902499692
11098831.325683595834241 1547812.349464839999648
11098831.624264325000778 1547807.273503902500396
11098831.624264325000778 1547807.572089840000352
11098831.624264325000778 1547807.870675777500308
11098831.624264325000778 1547808.169261715000264
11098831.624264325000778 1547808.467847652500220
11098831.624264325000778 1547808.766433590000176
11098831.624264325000778 1547809.065019527500132
11098831.624264325000778 1547809.363605465000088
11098831.624264325000778 1547809.662191402500044
11098831.624264325000778 1547809.960777340000000
11098831.624264325000778 1547810.259363277499956
11098831.624264325000778 1547810.557949214999912
11098831.624264325000778 1547810.856535152499868
11098831.624264325000778 1547811.155121089999824
11098831.624264325000778 1547811.453707027499780
11098831.624264325000778 1547811.752292964999736
11098831.624264325000778 1547812.050878902499692
11098831.624264325000778 1547812.349464839999648
11098831.922845054167315 1547807.273503902500396
11098831.922845054167315 1547807.572089840000352
11098831.922845054167315 1547807.870675777500308
11098831.922845054167315 1547808.169261715000264
11098831.922845054167315 1547808.467847652500220
11098831.922845054167315 1547808.766433590000176
11098831.922845054167315 1547809.065019527500132
11098831.922845054167315 1547809.363605465000088
11098831.922845054167315 1547809.662191402500044
11098831.922845054167315 1547809.960777340000000
11098831.922845054167315 1547810.259363277499956
11098831.922845054167315 1547810.557949214999912
11098831.922845054167315 1547810.856535152499868
11098831.922845054167315 1547811.155121089999824
11098831.922845054167315 1547811.453707027499780
11098831.922845054167315 1547811.752292964999736
11098831.922845054167315 1547812.050878902499692
11098831.922845054167315 1547812.349464839999648
11098832.221425783333852 1547807.273503902500396
11098832.221425783333852 1547807.572089840000352
11098832.221425783333852 1547807.870675777500308
11098832.221425783333852 1547808.169261715000264
11098832.221425783333852 1547808.467847652500220
11098832.221425783333852 1547808.766433590000176
11098832.221425783333852 1547809.065019527500132
11098832.221425783333852 1547809.363605465000088
11098832.221425783333852 1547809.662191402500044
11098832.221425783333852 1547809.960777340000000
11098832.221425783333852 1547810.259363277499956
11098832.221425783333852 1547810.557949214999912
11098832.221425783333852 1547810.856535152499868
11098832.221425783333852 1547811.155121089999824
11098832.221425783333852 1547811.453707027499780
11098832.221425783333852 1547811.752292964999736
11098832.221425783333852 1547812.050878902499692
11098832.221425783333852 1547812.349464839999648
11098832.520006512500389 1547807.273503902500396
11098832.520006512500389 1547807.572089840000352
11098832.520006512500389 1547807.870675777500308
11098832.520006512500389 1547808.169261715000264
11098832.520006512500389 1547808.467847652500220
11098832.520006512500389 1547808.766433590000176
11098832.520006512500389 1547809.065019527500132
11098832.520006512500389 1547809.363605465000088
11098832.520006512500389 1547809.662191402500044
11098832.520006512500389 1547809.960777340000000
11098832.520006512500389 1547810.259363277499956
11098832.520006512500389 1547810.557949214999912
11098832.520006512500389 1547810.856535152499868
11098832.520006512500389 1547811.155121089999824
11098832.520006512500389 1547811.453707027499780
11098832.520006512500389 1547811.752292964999736
11098832.520006512500389 1547812.050878902499692
11098832.520006512500389 1547812.349464839999648
11098832.818587241666926 1547807.273503902500396
11098832.818587241666926 1547807.572089840000352
11098832.818587241666926 1547807.870675777500308
11098832.818587241666926 1547808.169261715000264
11098832.818587241666926 1547808.467847652500220
11098832.818587241666926 1547808.766433590000176
11098832.818587241666926 1547809.065019527500132
11098832.818587241666926 1547809.363605465000088
11098832.818587241666926 1547809.662191402500044
11098832.818587241666926 1547809.960777340000000
11098832.818587241666926 1547810.259363277499956
11098832.818587241666926 1547810.557949214999912
11098832.818587241666926 1547810.856535152499868
11098832.818587241666926 1547811.155121089999824
11098832.818587241666926 1547811.453707027499780
11098832.818587241666926 1547811.752292964999736
11098832.818587241666926 1547812.050878902499692
11098832.818587241666926 1547812.349464839999648
11098833.117167970833463 1547807.273503902500396
11098833.117167970833463 1547807.572089840000352
11098833.117167970833463 1547807.870675777500308
11098833.117167970833463 1547808.169261715000264
11098833.117167970833463 1547808.467847652500220
11098833.117167970833463 1547808.766433590000176
11098833.117167970833463 1547809.065019527500132
11098833.117167970833463 1547809.363605465000088
11098833.117167970833463 1547809.662191402500044
11098833.117167970833463 1547809.960777340000000
11098833.117167970833463 1547810.259363277499956
11098833.117167970833463 1547810.557949214999912
11098833.117167970833463 1547810.856535152499868
11098833.117167970833463 1547811.155121089999824
11098833.117167970833463 1547811.453707027499780
11098833.117167970833463 1547811.752292964999736
11098833.117167970833463 1547812.050878902499692
11098833.117167970833463 1547812.349464839999648
11098833.415748700000000 1547807.273503902500396
11098833.415748700000000 1547807.572089840000352
11098833.415748700000000 1547807.870675777500308
11098833.415748700000000 1547808.169261715000264
11098833.415748700000000 1547808.467847652500220
11098833.415748700000000 1547808.766433590000176
11098833.415748700000000 1547809.065019527500132
11098833.415748700000000 1547809.363605465000088
11098833.415748700000000 1547809.662191402500044
11098833.415748700000000 1547809.960777340000000
11098833.415748700000000 1547810.259363277499956
11098833.415748700000000 1547810.557949214999912
11098833.415748700000000 1547810.856535152499868
11098833.415748700000000 1547811.155121089999824
11098833.415748700000000 1547811.453707027499780
11098833.415748700000000 1547811.752292964999736
11098833.415748700000000 1547812.050878902499692
11098833.415748700000000 1547812.349464839999648
11098833.714329429166537 1547807.273503902500396
11098833.714329429166537 1547807.572089840000352
11098833.714329429166537 1547807.870675777500308
11098833.714329429166537 1547808.169261715000264
11098833.714329429166537 1547808.467847652500220
11098833.714329429166537 1547808.766433590000176
11098833.714329429166537 1547809.065019527500132
11098833.714329429166537 1547809.363605465000088
11098833.714329429166537 1547809.662191402500044
11098833.714329429166537 1547809.960777340000000
11098833.714329429166537 1547810.259363277499956
11098833.714329429166537 1547810.557949214999912
11098833.714329429166537 1547810.856535152499868
11098833.714329429166537 1547811.155121089999824
11098833.714329429166537 1547811.453707027499780
11098833.714329429166537 1547811.752292964999736
11098833.714329429166537 1547812.050878902499692
11098833.714329429166537 1547812.349464839999648
11098834.012910158333074 1547807.273503902500396
11098834.012910158333074 1547807.572089840000352
11098834.012910158333074 1547807.870675777500308
11098834.012910158333074 1547808.169261715000264
11098834.012910158333074 1547808.467847652500220
11098834.012910158333074 1547808.766433590000176
11098834.012910158333074 1547809.065019527500132
11098834.012910158333074 1547809.363605465000088
11098834.012910158333074 1547809.662191402500044
11098834.012910158333074 1547809.960777340000000
11098834.012910158333074 1547810.259363277499956
11098834.012910158333074 1547810.557949214999912
11098834.012910158333074 1547810.856535152499868
11098834.012910158333074 1547811.155121089999824
11098834.012910158333074 1547811.453707027499780
11098834.012910158333074 1547811.752292964999736
11098834.012910158333074 1547812.050878902499692
11098834.012910158333074 1547812.349464839999648
11098834.311490887499611 1547807.273503902500396
11098834.311490887499611 1547807.572089840000352
11098834.311490887499611 1547807.870675777500308
11098834.311490887499611 1547808.169261715000264
11098834.311490887499611 1547808.467847652500220
11098834.311490887499611 1547808.766433590000176
11098834.311490887499611 1547809.065019527500132
11098834.311490887499611 1547809.363605465000088
11098834.311490887499611 1547809.662191402500044
11098834.311490887499611 1547809.960777340000000
11098834.311490887499611 1547810.259363277499956
11098834.311490887499611 1547810.557949214999912
11098834.311490887499611 1547810.856535152499868
11098834.311490887499611 1547811.155121089999824
11098834.311490887499611 1547811.453707027499780
11098834.311490887499611 1547811.752292964999736
11098834.311490887499611 1547812.050878902499692
11098834.311490887499611 1547812.349464839999648
11098834.610071616666148 1547807.273503902500396
11098834.610071616666148 1547807.572089840000352
11098834.610071616666148 1547807.870675777500308
11098834.610071616666148 1547808.169261715000264
11098834.610071616666148 1547808.467847652500220
11098834.610071616666148 1547808.766433590000176
11098834.610071616666148 1547809.065019527500132
11098834.610071616666148 1547809.363605465000088
11098834.610071616666148 1547809.662191402500044
11098834.610071616666148 1547809.960777340000000
11098834.610071616666148 1547810.259363277499956
11098834.610071616666148 1547810.557949214999912
11098834.610071616666148 1547810.856535152499868
11098834.610071616666148 1547811.155121089999824
11098834.610071616666148 1547811.453707027499780
11098834.610071616666148 1547811.752292964999736
11098834.610071616666148 1547812.050878902499692
11098834.610071616666148 1547812.349464839999648
11098834.908652345832685 1547807.273503902500396
11098834.908652345832685 1547807.572089840000352
11098834.908652345832685 1547807.870675777500308
11098834.908652345832685 1547808.169261715000264
11098834.908652345832685 1547808.467847652500220
11098834.908652345832685 1547808.766433590000176
11098834.908652345832685 1547809.065019527500132
11098834.908652345832685 1547809.363605465000088
11098834.908652345832685 1547809.662191402500044
11098834.908652345832685 1547809.960777340000000
11098834.908652345832685 1547810.259363277499956
11098834.908652345832685 1547810.557949214999912
11098834.908652345832685 1547810.856535152499868
11098834.908652345832685 1547811.155121089999824
11098834.908652345832685 1547811.453707027499780
11098834.908652345832685 1547811.752292964999736
11098834.908652345832685 1547812.050878902499692
11098834.908652345832685 1547812.349464839999648
11098835.207233074999222 1547807.273503902500396
11098835.207233074999222 1547807.572089840000352
11098835.207233074999222 1547807.870675777500308
11098835.207233074999222 1547808.169261715000264
11098835.207233074999222 1547808.467847652500220
11098835.207233074999222 1547808.766433590000176
11098835.207233074999222 1547809.065019527500132
11098835.207233074999222 1547809.363605465000088
11098835.207233074999222 1547809.662191402500044
11098835.207233074999222 1547809.960777340000000
11098835.207233074999222 1547810.259363277499956
11098835.207233074999222 1547810.557949214999912
11098835.207233074999222 1547810.856535152499868
11098835.207233074999222 1547811.155121089999824
11098835.207233074999222 1547811.453707027499780
11098835.207233074999222 1547811.752292964999736
11098835.207233074999222 1547812.050878902499692
11098835.207233074999222 1547812.349464839999648
11098835.505813804165759 1547807.273503902500396
11098835.505813804165759 1547807.572089840000352
11098835.505813804165759 1547807.870675777500308
11098835.505813804165759 1547808.169261715000264
11098835.505813804165759 1547808.467847652500220
11098835.505813804165759 1547808.766433590000176
11098835.505813804165759 1547809.065019527500132
11098835.505813804165759 1547809.363605465000088
11098835.505813804165759 1547809.662191402500044
11098835.505813804165759 1547809.960777340000000
11098835.505813804165759 1547810.259363277499956
11098835.505813804165759 1547810.557949214999912
11098835.505813804165759 1547810.856535152499868
11098835.505813804165759 1547811.155121089999824
11098835.505813804165759 1547811.453707027499780
11098835.505813804165759 1547811.752292964999736
11098835.505813804165759 1547812.050878902499692
11098835.505813804165759 1547812.349464839999648
11098835.804394533332296 1547807.273503902500396
11098835.804394533332296 1547807.572089840000352
11098835.804394533332296 1547807.870675777500308
11098835.804394533332296 1547808.169261715000264
11098835.804394533332296 1547808.467847652500220
11098835.804394533332296 1547808.766433590000176
11098835.804394533332296 1547809.065019527500132
11098835.804394533332296 1547809.363605465000088
11098835.804394533332296 1547809.662191402500044
11098835.804394533332296 1547809.960777340000000
11098835.804394533332296 1547810.259363277499956
11098835.804394533332296 1547810.557949214999912
11098835.804394533332296 1547810.856535152499868
11098835.804394533332296 1547811.155121089999824
11098835.804394533332296 1547811.453707027499780
11098835.804394533332296 1547811.752292964999736
11098835.804394533332296 1547812.050878902499692
11098835.804394533332296 1547812.349464839999648
