11099314.727884137501167 1547703.365597652500396
11099314.727884137501167 1547703.664183590000352
11099314.727884137501167 1547703.962769527500308
11099314.727884137501167 1547704.261355465000264
11099314.727884137501167 1547704.559941402500220
11099314.727884137501167 1547704.858527340000176
11099314.727884137501167 1547705.157113277500132
11099314.727884137501167 1547705.455699215000088
11099314.727884137501167 1547705.754285152500044
11099314.727884137501167 1547706.052871090000000
11099314.727884137501167 1547706.351457027499956
11099314.727884137501167 1547706.650042964999912
11099314.727884137501167 1547706.948628902499868
11099314.727884137501167 1547707.247214839999824
11099314.727884137501167 1547707.545800777499780
11099314.727884137501167 1547707.844386714999736
11099314.727884137501167 1547708.142972652499692
11099314.727884137501167 1547708.441558589999648
11099315.026464866667704 1547703.365597652500396
11099315.026464866667704 1547703.664183590000352
11099315.026464866667704 1547703.962769527500308
11099315.026464866667704 1547704.261355465000264
11099315.026464866667704 1547704.559941402500220
11099315.026464866667704 1547704.858527340000176
11099315.026464866667704 1547705.157113277500132
11099315.026464866667704 1547705.455699215000088
11099315.026464866667704 1547705.754285152500044
11099315.026464866667704 1547706.052871090000000
11099315.026464866667704 1547706.351457027499956
11099315.026464866667704 1547706.650042964999912
11099315.026464866667704 1547706.948628902499868
11099315.026464866667704 1547707.247214839999824
11099315.026464866667704 1547707.545800777499780
11099315.026464866667704 1547707.844386714999736
11099315.026464866667704 1547708.142972652499692
11099315.026464866667704 1547708.441558589999648
11099315.325045595834241 1547703.365597652500396
11099315.325045595834241 1547703.664183590000352
11099315.325045595834241 1547703.962769527500308
11099315.325045595834241 1547704.261355465000264
11099315.325045595834241 1547704.559941402500220
11099315.325045595834241 1547704.858527340000176
11099315.325045595834241 1547705.157113277500132
11099315.325045595834241 1547705.455699215000088
11099315.325045595834241 1547705.754285152500044
11099315.325045595834241 1547706.052871090000000
11099315.325045595834241 1547706.351457027499956
11099315.325045595834241 1547706.650042964999912
11099315.325045595834241 1547706.948628902499868
11099315.325045595834241 1547707.247214839999824
11099315.325045595834241 1547707.545800777499780
11099315.325045595834241 1547707.844386714999736
11099315.325045595834241 1547708.142972652499692
11099315.325045595834241 1547708.441558589999648
11099315.623626325000778 1547703.365597652500396
11099315.623626325000778 1547703.664183590000352
11099315.623626325000778 1547703.962769527500308
11099315.623626325000778 1547704.261355465000264
11099315.623626325000778 1547704.559941402500220
11099315.623626325000778 1547704.858527340000176
11099315.623626325000778 1547705.157113277500132
11099315.623626325000778 1547705.455699215000088
11099315.623626325000778 1547705.754285152500044
11099315.623626325000778 1547706.052871090000000
11099315.623626325000778 1547706.351457027499956
11099315.623626325000778 1547706.650042964999912
11099315.623626325000778 1547706.948628902499868
11099315.623626325000778 1547707.247214839999824
11099315.623626325000778 1547707.545800777499780
11099315.623626325000778 1547707.844386714999736
11099315.623626325000778 1547708.142972652499692
11099315.623626325000778 1547708.441558589999648
11099315.922207054167315 1547703.365597652500396
11099315.922207054167315 1547703.664183590000352
11099315.922207054167315 1547703.962769527500308
11099315.922207054167315 1547704.261355465000264
11099315.922207054167315 1547704.559941402500220
11099315.922207054167315 1547704.858527340000176
11099315.922207054167315 1547705.157113277500132
11099315.922207054167315 1547705.455699215000088
11099315.922207054167315 1547705.754285152500044
11099315.922207054167315 1547706.052871090000000
11099315.922207054167315 1547706.351457027499956
11099315.922207054167315 1547706.650042964999912
11099315.922207054167315 1547706.948628902499868
11099315.922207054167315 1547707.247214839999824
11099315.922207054167315 1547707.545800777499780
11099315.922207054167315 1547707.844386714999736
11099315.922207054167315 1547708.142972652499692
11099315.922207054167315 1547708.441558589999648
11099316.220787783333852 1547703.365597652500396
11099316.220787783333852 1547703.664183590000352
11099316.220787783333852 1547703.962769527500308
11099316.220787783333852 1547704.261355465000264
11099316.220787783333852 1547704.559941402500220
11099316.220787783333852 1547704.858527340000176
11099316.220787783333852 1547705.157113277500132
11099316.220787783333852 1547705.455699215000088
11099316.220787783333852 1547705.754285152500044
11099316.220787783333852 1547706.052871090000000
11099316.220787783333852 1547706.351457027499956
11099316.220787783333852 1547706.650042964999912
11099316.220787783333852 1547706.948628902499868
11099316.220787783333852 1547707.247214839999824
11099316.220787783333852 1547707.545800777499780
11099316.220787783333852 1547707.844386714999736
11099316.220787783333852 1547708.142972652499692
11099316.220787783333852 1547708.441558589999648
11099316.519368512500389 1547703.365597652500396
11099316.519368512500389 1547703.664183590000352
11099316.519368512500389 1547703.962769527500308
11099316.519368512500389 1547704.261355465000264
11099316.519368512500389 1547704.559941402500220
11099316.519368512500389 1547704.858527340000176
11099316.519368512500389 1547705.157113277500132
11099316.519368512500389 1547705.455699215000088
11099316.519368512500389 1547705.754285152500044
11099316.519368512500389 1547706.052871090000000
11099316.519368512500389 1547706.351457027499956
11099316.519368512500389 1547706.650042964999912
11099316.519368512500389 1547706.948628902499868
11099316.519368512500389 1547707.247214839999824
11099316.519368512500389 1547707.545800777499780
11099316.519368512500389 1547707.844386714999736
11099316.519368512500389 1547708.142972652499692
11099316.519368512500389 1547708.441558589999648
11099316.817949241666926 1547703.365597652500396
11099316.817949241666926 1547703.664183590000352
11099316.817949241666926 1547703.962769527500308
11099316.817949241666926 1547704.261355465000264
11099316.817949241666926 1547704.559941402500220
11099316.817949241666926 1547704.858527340000176
11099316.817949241666926 1547705.157113277500132
11099316.817949241666926 1547705.455699215000088
11099316.817949241666926 1547705.754285152500044
11099316.817949241666926 1547706.052871090000000
11099316.817949241666926 1547706.351457027499956
11099316.817949241666926 1547706.650042964999912
11099316.817949241666926 1547706.948628902499868
11099316.817949241666926 1547707.247214839999824
11099316.817949241666926 1547707.545800777499780
11099316.817949241666926 1547707.844386714999736
11099316.817949241666926 1547708.142972652499692
11099316.817949241666926 1547708.441558589999648
11099317.116529970833463 1547703.365597652500396
11099317.116529970833463 1547703.664183590000352
11099317.116529970833463 1547703.962769527500308
11099317.116529970833463 1547704.261355465000264
11099317.116529970833463 1547704.559941402500220
11099317.116529970833463 1547704.858527340000176
11099317.116529970833463 1547705.157113277500132
11099317.116529970833463 1547705.455699215000088
11099317.116529970833463 1547705.754285152500044
11099317.116529970833463 1547706.052871090000000
11099317.116529970833463 1547706.351457027499956
11099317.116529970833463 1547706.650042964999912
11099317.116529970833463 1547706.948628902499868
11099317.116529970833463 1547707.247214839999824
11099317.116529970833463 1547707.545800777499780
11099317.116529970833463 1547707.844386714999736
11099317.116529970833463 1547708.142972652499692
11099317.116529970833463 1547708.441558589999648
11099317.415110700000000 1547703.365597652500396
11099317.415110700000000 1547703.664183590000352
11099317.415110700000000 1547703.962769527500308
11099317.415110700000000 1547704.261355465000264
11099317.415110700000000 1547704.559941402500220
11099317.415110700000000 1547704.858527340000176
11099317.415110700000000 1547705.157113277500132
11099317.415110700000000 1547705.455699215000088
11099317.415110700000000 1547705.754285152500044
11099317.415110700000000 1547706.052871090000000
11099317.415110700000000 1547706.351457027499956
11099317.415110700000000 1547706.650042964999912
11099317.415110700000000 1547706.948628902499868
11099317.415110700000000 1547707.247214839999824
11099317.415110700000000 1547707.545800777499780
11099317.415110700000000 1547707.844386714999736
11099317.415110700000000 1547708.142972652499692
11099317.415110700000000 1547708.441558589999648
11099317.713691429166537 1547703.365597652500396
11099317.713691429166537 1547703.664183590000352
11099317.713691429166537 1547703.962769527500308
11099317.713691429166537 1547704.261355465000264
11099317.713691429166537 1547704.559941402500220
11099317.713691429166537 1547704.858527340000176
11099317.713691429166537 1547705.157113277500132
11099317.713691429166537 1547705.455699215000088
11099317.713691429166537 1547705.754285152500044
11099317.713691429166537 1547706.052871090000000
11099317.713691429166537 1547706.351457027499956
11099317.713691429166537 1547706.650042964999912
11099317.713691429166537 1547706.948628902499868
11099317.713691429166537 1547707.247214839999824
11099317.713691429166537 1547707.545800777499780
11099317.713691429166537 1547707.844386714999736
11099317.713691429166537 1547708.142972652499692
11099317.713691429166537 1547708.441558589999648
11099318.012272158333074 1547703.365597652500396
11099318.012272158333074 1547703.664183590000352
11099318.012272158333074 1547703.962769527500308
11099318.012272158333074 1547704.261355465000264
11099318.012272158333074 1547704.559941402500220
11099318.012272158333074 1547704.858527340000176
11099318.012272158333074 1547705.157113277500132
11099318.012272158333074 1547705.455699215000088
11099318.012272158333074 1547705.754285152500044
11099318.012272158333074 1547706.052871090000000
11099318.012272158333074 1547706.351457027499956
11099318.012272158333074 1547706.650042964999912
11099318.012272158333074 1547706.948628902499868
11099318.012272158333074 1547707.247214839999824
11099318.012272158333074 1547707.545800777499780
11099318.012272158333074 1547707.844386714999736
11099318.012272158333074 1547708.142972652499692
11099318.012272158333074 1547708.441558589999648
11099318.310852887499611 1547703.365597652500396
11099318.310852887499611 1547703.664183590000352
11099318.310852887499611 1547703.962769527500308
11099318.310852887499611 1547704.261355465000264
11099318.310852887499611 1547704.559941402500220
11099318.310852887499611 1547704.858527340000176
11099318.310852887499611 1547705.157113277500132
11099318.310852887499611 1547705.455699215000088
11099318.310852887499611 1547705.754285152500044
11099318.310852887499611 1547706.052871090000000
11099318.310852887499611 1547706.351457027499956
11099318.310852887499611 1547706.650042964999912
11099318.310852887499611 1547706.948628902499868
11099318.310852887499611 1547707.247214839999824
11099318.310852887499611 1547707.545800777499780
11099318.310852887499611 1547707.844386714999736
11099318.310852887499611 1547708.142972652499692
11099318.310852887499611 1547708.441558589999648
11099318.609433616666148 1547703.365597652500396
11099318.609433616666148 1547703.664183590000352
11099318.609433616666148 1547703.962769527500308
11099318.609433616666148 1547704.261355465000264
11099318.609433616666148 1547704.559941402500220
11099318.609433616666148 1547704.858527340000176
11099318.609433616666148 1547705.157113277500132
11099318.609433616666148 1547705.455699215000088
11099318.609433616666148 1547705.754285152500044
11099318.609433616666148 1547706.052871090000000
11099318.609433616666148 1547706.351457027499956
11099318.609433616666148 1547706.650042964999912
11099318.609433616666148 1547706.948628902499868
11099318.609433616666148 1547707.247214839999824
11099318.609433616666148 1547707.545800777499780
11099318.609433616666148 1547707.844386714999736
11099318.609433616666148 1547708.142972652499692
11099318.609433616666148 1547708.441558589999648
11099318.908014345832685 1547703.365597652500396
11099318.908014345832685 1547703.664183590000352
11099318.908014345832685 1547703.962769527500308
11099318.908014345832685 1547704.261355465000264
11099318.908014345832685 1547704.559941402500220
11099318.908014345832685 1547704.858527340000176
11099318.908014345832685 1547705.157113277500132
11099318.908014345832685 1547705.455699215000088
11099318.908014345832685 1547705.754285152500044
11099318.908014345832685 1547706.052871090000000
11099318.908014345832685 1547706.351457027499956
11099318.908014345832685 1547706.650042964999912
11099318.908014345832685 1547706.948628902499868
11099318.908014345832685 1547707.247214839999824
11099318.908014345832685 1547707.545800777499780
11099318.908014345832685 1547707.844386714999736
11099318.908014345832685 1547708.142972652499692
11099318.908014345832685 1547708.441558589999648
11099319.206595074999222 1547703.365597652500396
11099319.206595074999222 1547703.664183590000352
11099319.206595074999222 1547703.962769527500308
11099319.206595074999222 1547704.261355465000264
11099319.206595074999222 1547704.559941402500220
11099319.206595074999222 1547704.858527340000176
11099319.206595074999222 1547705.157113277500132
11099319.206595074999222 1547705.455699215000088
11099319.206595074999222 1547705.754285152500044
11099319.206595074999222 1547706.052871090000000
11099319.206595074999222 1547706.351457027499956
11099319.206595074999222 1547706.650042964999912
11099319.206595074999222 1547706.948628902499868
11099319.206595074999222 1547707.247214839999824
11099319.206595074999222 1547707.545800777499780
11099319.206595074999222 1547707.844386714999736
11099319.206595074999222 1547708.142972652499692
11099319.206595074999222 1547708.441558589999648
11099319.505175804165759 1547703.365597652500396
11099319.505175804165759 1547703.664183590000352
11099319.505175804165759 1547703.962769527500308
11099319.505175804165759 1547704.261355465000264
11099319.505175804165759 1547704.559941402500220
11099319.505175804165759 1547704.858527340000176
11099319.505175804165759 1547705.157113277500132
11099319.505175804165759 1547705.455699215000088
11099319.505175804165759 1547705.754285152500044
11099319.505175804165759 1547706.052871090000000
11099319.505175804165759 1547706.351457027499956
11099319.505175804165759 1547706.650042964999912
11099319.505175804165759 1547706.948628902499868
11099319.505175804165759 1547707.247214839999824
11099319.505175804165759 1547707.545800777499780
11099319.505175804165759 1547707.844386714999736
11099319.505175804165759 1547708.142972652499692
11099319.505175804165759 1547708.441558589999648
11099319.803756533332296 1547703.365597652500396
11099319.803756533332296 1547703.664183590000352
11099319.803756533332296 1547703.962769527500308
11099319.803756533332296 1547704.261355465000264
11099319.803756533332296 1547704.559941402500220
11099319.803756533332296 1547704.858527340000176
11099319.803756533332296 1547705.157113277500132
11099319.803756533332296 1547705.455699215000088
11099319.803756533332296 1547705.754285152500044
11099319.803756533332296 1547706.052871090000000
11099319.803756533332296 1547706.351457027499956
11099319.803756533332296 1547706.650042964999912
11099319.803756533332296 1547706.948628902499868
11099319.803756533332296 1547707.247214839999824
11099319.803756533332296 1547707.545800777499780
11099319.803756533332296 1547707.844386714999736
11099319.803756533332296 1547708.142972652499692
11099319.803756533332296 1547708.441558589999648
