11098921.497063837501167 1547617.372847652500396
11098921.497063837501167 1547617.671433590000352
11098921.497063837501167 1547617.970019527500308
11098921.497063837501167 1547618.268605465000264
11098921.497063837501167 1547618.567191402500220
11098921.497063837501167 1547618.865777340000176
11098921.497063837501167 1547619.164363277500132
11098921.497063837501167 1547619.462949215000088
11098921.497063837501167 1547619.761535152500044
11098921.497063837501167 1547620.060121090000000
11098921.497063837501167 1547620.358707027499956
11098921.497063837501167 1547620.657292964999912
11098921.497063837501167 1547620.955878902499868
11098921.497063837501167 1547621.254464839999824
11098921.497063837501167 1547621.553050777499780
11098921.497063837501167 1547621.851636714999736
11098921.497063837501167 1547622.150222652499692
11098921.497063837501167 1547622.448808589999648
11098921.795644566667704 1547617.372847652500396
11098921.795644566667704 1547617.671433590000352
11098921.795644566667704 1547617.970019527500308
11098921.795644566667704 1547618.268605465000264
11098921.795644566667704 1547618.567191402500220
11098921.795644566667704 1547618.865777340000176
11098921.795644566667704 1547619.164363277500132
11098921.795644566667704 1547619.462949215000088
11098921.795644566667704 1547619.761535152500044
11098921.795644566667704 1547620.060121090000000
11098921.795644566667704 1547620.358707027499956
11098921.795644566667704 1547620.657292964999912
11098921.795644566667704 1547620.955878902499868
11098921.795644566667704 1547621.254464839999824
11098921.795644566667704 1547621.553050777499780
11098921.795644566667704 1547621.851636714999736
11098921.795644566667704 1547622.150222652499692
11098921.795644566667704 1547622.448808589999648
11098922.094225295834241 1547617.372847652500396
11098922.094225295834241 1547617.671433590000352
11098922.094225295834241 1547617.970019527500308
11098922.094225295834241 1547618.268605465000264
11098922.094225295834241 1547618.567191402500220
11098922.094225295834241 1547618.865777340000176
11098922.094225295834241 1547619.164363277500132
11098922.094225295834241 1547619.462949215000088
11098922.094225295834241 1547619.761535152500044
11098922.094225295834241 1547620.060121090000000
11098922.094225295834241 1547620.358707027499956
11098922.094225295834241 1547620.657292964999912
11098922.094225295834241 1547620.955878902499868
11098922.094225295834241 1547621.254464839999824
11098922.094225295834241 1547621.553050777499780
11098922.094225295834241 1547621.851636714999736
11098922.094225295834241 1547622.150222652499692
11098922.094225295834241 1547622.448808589999648
11098922.392806025000778 1547617.372847652500396
11098922.392806025000778 1547617.671433590000352
11098922.392806025000778 1547617.970019527500308
11098922.392806025000778 1547618.268605465000264
11098922.392806025000778 1547618.567191402500220
11098922.392806025000778 1547618.865777340000176
11098922.392806025000778 1547619.164363277500132
11098922.392806025000778 1547619.462949215000088
11098922.392806025000778 1547619.761535152500044
11098922.392806025000778 1547620.060121090000000
11098922.392806025000778 1547620.358707027499956
11098922.392806025000778 1547620.657292964999912
11098922.392806025000778 1547620.955878902499868
11098922.392806025000778 1547621.254464839999824
11098922.392806025000778 1547621.553050777499780
11098922.392806025000778 1547621.851636714999736
11098922.392806025000778 1547622.150222652499692
11098922.392806025000778 1547622.448808589999648
11098922.691386754167315 1547617.372847652500396
11098922.691386754167315 1547617.671433590000352
11098922.691386754167315 1547617.970019527500308
11098922.691386754167315 1547618.268605465000264
11098922.691386754167315 1547618.567191402500220
11098922.691386754167315 1547618.865777340000176
11098922.691386754167315 1547619.164363277500132
11098922.691386754167315 1547619.462949215000088
11098922.691386754167315 1547619.761535152500044
11098922.691386754167315 1547620.060121090000000
11098922.691386754167315 1547620.358707027499956
11098922.691386754167315 1547620.657292964999912
11098922.691386754167315 1547620.955878902499868
11098922.691386754167315 1547621.254464839999824
11098922.691386754167315 1547621.553050777499780
11098922.691386754167315 1547621.851636714999736
11098922.691386754167315 1547622.150222652499692
11098922.691386754167315 1547622.448808589999648
11098922.989967483333852 1547617.372847652500396
11098922.989967483333852 1547617.671433590000352
11098922.989967483333852 1547617.970019527500308
11098922.989967483333852 1547618.268605465000264
11098922.989967483333852 1547618.567191402500220
11098922.989967483333852 1547618.865777340000176
11098922.989967483333852 1547619.164363277500132
11098922.989967483333852 1547619.462949215000088
11098922.989967483333852 1547619.761535152500044
11098922.989967483333852 1547620.060121090000000
11098922.989967483333852 1547620.358707027499956
11098922.989967483333852 1547620.657292964999912
11098922.989967483333852 1547620.955878902499868
11098922.989967483333852 1547621.254464839999824
11098922.989967483333852 1547621.553050777499780
11098922.989967483333852 1547621.851636714999736
11098922.989967483333852 1547622.150222652499692
11098922.989967483333852 1547622.448808589999648
11098923.288548212500389 1547617.372847652500396
11098923.288548212500389 1547617.671433590000352
11098923.288548212500389 1547617.970019527500308
11098923.288548212500389 1547618.268605465000264
11098923.288548212500389 1547618.567191402500220
11098923.288548212500389 1547618.865777340000176
11098923.288548212500389 1547619.164363277500132
11098923.288548212500389 1547619.462949215000088
11098923.288548212500389 1547619.761535152500044
11098923.288548212500389 1547620.060121090000000
11098923.288548212500389 1547620.358707027499956
11098923.288548212500389 1547620.657292964999912
11098923.288548212500389 1547620.955878902499868
11098923.288548212500389 1547621.254464839999824
11098923.288548212500389 1547621.553050777499780
11098923.288548212500389 1547621.851636714999736
11098923.288548212500389 1547622.150222652499692
11098923.288548212500389 1547622.448808589999648
11098923.587128941666926 1547617.372847652500396
11098923.587128941666926 1547617.671433590000352
11098923.587128941666926 1547617.970019527500308
11098923.587128941666926 1547618.268605465000264
11098923.587128941666926 1547618.567191402500220
11098923.587128941666926 1547618.865777340000176
11098923.587128941666926 1547619.164363277500132
11098923.587128941666926 1547619.462949215000088
11098923.587128941666926 1547619.761535152500044
11098923.587128941666926 1547620.060121090000000
11098923.587128941666926 1547620.358707027499956
11098923.587128941666926 1547620.657292964999912
11098923.587128941666926 1547620.955878902499868
11098923.587128941666926 1547621.254464839999824
11098923.587128941666926 1547621.553050777499780
11098923.587128941666926 1547621.851636714999736
11098923.587128941666926 1547622.150222652499692
11098923.587128941666926 1547622.448808589999648
11098923.885709670833463 1547617.372847652500396
11098923.885709670833463 1547617.671433590000352
11098923.885709670833463 1547617.970019527500308
11098923.885709670833463 1547618.268605465000264
11098923.885709670833463 1547618.567191402500220
11098923.885709670833463 1547618.865777340000176
11098923.885709670833463 1547619.164363277500132
11098923.885709670833463 1547619.462949215000088
11098923.885709670833463 1547619.761535152500044
11098923.885709670833463 1547620.060121090000000
11098923.885709670833463 1547620.358707027499956
11098923.885709670833463 1547620.657292964999912
11098923.885709670833463 1547620.955878902499868
11098923.885709670833463 1547621.254464839999824
11098923.885709670833463 1547621.553050777499780
11098923.885709670833463 1547621.851636714999736
11098923.885709670833463 1547622.150222652499692
11098923.885709670833463 1547622.448808589999648
11098924.184290400000000 1547617.372847652500396
11098924.184290400000000 1547617.671433590000352
11098924.184290400000000 1547617.970019527500308
11098924.184290400000000 1547618.268605465000264
11098924.184290400000000 1547618.567191402500220
11098924.184290400000000 1547618.865777340000176
11098924.184290400000000 1547619.164363277500132
11098924.184290400000000 1547619.462949215000088
11098924.184290400000000 1547619.761535152500044
11098924.184290400000000 1547620.060121090000000
11098924.184290400000000 1547620.358707027499956
11098924.184290400000000 1547620.657292964999912
11098924.184290400000000 1547620.955878902499868
11098924.184290400000000 1547621.254464839999824
11098924.184290400000000 1547621.553050777499780
11098924.184290400000000 1547621.851636714999736
11098924.184290400000000 1547622.150222652499692
11098924.184290400000000 1547622.448808589999648
11098924.482871129166537 1547617.372847652500396
11098924.482871129166537 1547617.671433590000352
11098924.482871129166537 1547617.970019527500308
11098924.482871129166537 1547618.268605465000264
11098924.482871129166537 1547618.567191402500220
11098924.482871129166537 1547618.865777340000176
11098924.482871129166537 1547619.164363277500132
11098924.482871129166537 1547619.462949215000088
11098924.482871129166537 1547619.761535152500044
11098924.482871129166537 1547620.060121090000000
11098924.482871129166537 1547620.358707027499956
11098924.482871129166537 1547620.657292964999912
11098924.482871129166537 1547620.955878902499868
11098924.482871129166537 1547621.254464839999824
11098924.482871129166537 1547621.553050777499780
11098924.482871129166537 1547621.851636714999736
11098924.482871129166537 1547622.150222652499692
11098924.482871129166537 1547622.448808589999648
11098924.781451858333074 1547617.372847652500396
11098924.781451858333074 1547617.671433590000352
11098924.781451858333074 1547617.970019527500308
11098924.781451858333074 1547618.268605465000264
11098924.781451858333074 1547618.567191402500220
11098924.781451858333074 1547618.865777340000176
11098924.781451858333074 1547619.164363277500132
11098924.781451858333074 1547619.462949215000088
11098924.781451858333074 1547619.761535152500044
11098924.781451858333074 1547620.060121090000000
11098924.781451858333074 1547620.358707027499956
11098924.781451858333074 1547620.657292964999912
11098924.781451858333074 1547620.955878902499868
11098924.781451858333074 1547621.254464839999824
11098924.781451858333074 1547621.553050777499780
11098924.781451858333074 1547621.851636714999736
11098924.781451858333074 1547622.150222652499692
11098924.781451858333074 1547622.448808589999648
11098925.080032587499611 1547617.372847652500396
11098925.080032587499611 1547617.671433590000352
11098925.080032587499611 1547617.970019527500308
11098925.080032587499611 1547618.268605465000264
11098925.080032587499611 1547618.567191402500220
11098925.080032587499611 1547618.865777340000176
11098925.080032587499611 1547619.164363277500132
11098925.080032587499611 1547619.462949215000088
11098925.080032587499611 1547619.761535152500044
11098925.080032587499611 1547620.060121090000000
11098925.080032587499611 1547620.358707027499956
11098925.080032587499611 1547620.657292964999912
11098925.080032587499611 1547620.955878902499868
11098925.080032587499611 1547621.254464839999824
11098925.080032587499611 1547621.553050777499780
11098925.080032587499611 1547621.851636714999736
11098925.080032587499611 1547622.150222652499692
11098925.080032587499611 1547622.448808589999648
11098925.378613316666148 1547617.372847652500396
11098925.378613316666148 1547617.671433590000352
11098925.378613316666148 1547617.970019527500308
11098925.378613316666148 1547618.268605465000264
11098925.378613316666148 1547618.567191402500220
11098925.378613316666148 1547618.865777340000176
11098925.378613316666148 1547619.164363277500132
11098925.378613316666148 1547619.462949215000088
11098925.378613316666148 1547619.761535152500044
11098925.378613316666148 1547620.060121090000000
11098925.378613316666148 1547620.358707027499956
11098925.378613316666148 1547620.657292964999912
11098925.378613316666148 1547620.955878902499868
11098925.378613316666148 1547621.254464839999824
11098925.378613316666148 1547621.553050777499780
11098925.378613316666148 1547621.851636714999736
11098925.378613316666148 1547622.150222652499692
11098925.378613316666148 1547622.448808589999648
11098925.677194045832685 1547617.372847652500396
11098925.677194045832685 1547617.671433590000352
11098925.677194045832685 1547617.970019527500308
11098925.677194045832685 1547618.268605465000264
11098925.677194045832685 1547618.567191402500220
11098925.677194045832685 1547618.865777340000176
11098925.677194045832685 1547619.164363277500132
11098925.677194045832685 1547619.462949215000088
11098925.677194045832685 1547619.761535152500044
11098925.677194045832685 1547620.060121090000000
11098925.677194045832685 1547620.358707027499956
11098925.677194045832685 1547620.657292964999912
11098925.677194045832685 1547620.955878902499868
11098925.677194045832685 1547621.254464839999824
11098925.677194045832685 1547621.553050777499780
11098925.677194045832685 1547621.851636714999736
11098925.677194045832685 1547622.150222652499692
11098925.677194045832685 1547622.448808589999648
11098925.975774774999222 1547617.372847652500396
11098925.975774774999222 1547617.671433590000352
11098925.975774774999222 1547617.970019527500308
11098925.975774774999222 1547618.268605465000264
11098925.975774774999222 1547618.567191402500220
11098925.975774774999222 1547618.865777340000176
11098925.975774774999222 1547619.164363277500132
11098925.975774774999222 1547619.462949215000088
11098925.975774774999222 1547619.761535152500044
11098925.975774774999222 1547620.060121090000000
11098925.975774774999222 1547620.358707027499956
11098925.975774774999222 1547620.657292964999912
11098925.975774774999222 1547620.955878902499868
11098925.975774774999222 1547621.254464839999824
11098925.975774774999222 1547621.553050777499780
11098925.975774774999222 1547621.851636714999736
11098925.975774774999222 1547622.150222652499692
11098925.975774774999222 1547622.448808589999648
11098926.274355504165759 1547617.372847652500396
11098926.274355504165759 1547617.671433590000352
11098926.274355504165759 1547617.970019527500308
11098926.274355504165759 1547618.268605465000264
11098926.274355504165759 1547618.567191402500220
11098926.274355504165759 1547618.865777340000176
11098926.274355504165759 1547619.164363277500132
11098926.274355504165759 1547619.462949215000088
11098926.274355504165759 1547619.761535152500044
11098926.274355504165759 1547620.060121090000000
11098926.274355504165759 1547620.358707027499956
11098926.274355504165759 1547620.657292964999912
11098926.274355504165759 1547620.955878902499868
11098926.274355504165759 1547621.254464839999824
11098926.274355504165759 1547621.553050777499780
11098926.274355504165759 1547621.851636714999736
11098926.274355504165759 1547622.150222652499692
11098926.274355504165759 1547622.448808589999648
11098926.572936233332296 1547617.372847652500396
11098926.572936233332296 1547617.671433590000352
11098926.572936233332296 1547617.970019527500308
11098926.572936233332296 1547618.268605465000264
11098926.572936233332296 1547618.567191402500220
11098926.572936233332296 1547618.865777340000176
11098926.572936233332296 1547619.164363277500132
11098926.572936233332296 1547619.462949215000088
11098926.572936233332296 1547619.761535152500044
11098926.572936233332296 1547620.060121090000000
11098926.572936233332296 1547620.358707027499956
11098926.572936233332296 1547620.657292964999912
11098926.572936233332296 1547620.955878902499868
11098926.572936233332296 1547621.254464839999824
11098926.572936233332296 1547621.553050777499780
11098926.572936233332296 1547621.851636714999736
11098926.572936233332296 1547622.150222652499692
11098926.572936233332296 1547622.448808589999648
