11098811.022194037501167 1547654.994675782500396
11098811.022194037501167 1547655.293261720000352
11098811.022194037501167 1547655.591847657500308
11098811.022194037501167 1547655.890433595000264
11098811.022194037501167 1547656.189019532500220
11098811.022194037501167 1547656.487605470000176
11098811.022194037501167 1547656.786191407500132
11098811.022194037501167 1547657.084777345000088
11098811.022194037501167 1547657.383363282500044
11098811.022194037501167 1547657.681949220000000
11098811.022194037501167 1547657.980535157499956
11098811.022194037501167 1547658.279121094999912
11098811.022194037501167 1547658.577707032499868
11098811.022194037501167 1547658.876292969999824
11098811.022194037501167 1547659.174878907499780
11098811.022194037501167 1547659.473464844999736
11098811.022194037501167 1547659.772050782499692
11098811.022194037501167 1547660.070636719999648
11098811.320774766667704 1547654.994675782500396
11098811.320774766667704 1547655.293261720000352
11098811.320774766667704 1547655.591847657500308
11098811.320774766667704 1547655.890433595000264
11098811.320774766667704 1547656.189019532500220
11098811.320774766667704 1547656.487605470000176
11098811.320774766667704 1547656.786191407500132
11098811.320774766667704 1547657.084777345000088
11098811.320774766667704 1547657.383363282500044
11098811.320774766667704 1547657.681949220000000
11098811.320774766667704 1547657.980535157499956
11098811.320774766667704 1547658.279121094999912
11098811.320774766667704 1547658.577707032499868
11098811.320774766667704 1547658.876292969999824
11098811.320774766667704 1547659.174878907499780
11098811.320774766667704 1547659.473464844999736
11098811.320774766667704 1547659.772050782499692
11098811.320774766667704 1547660.070636719999648
11098811.619355495834241 1547654.994675782500396
11098811.619355495834241 1547655.293261720000352
11098811.619355495834241 1547655.591847657500308
11098811.619355495834241 1547655.890433595000264
11098811.619355495834241 1547656.189019532500220
11098811.619355495834241 1547656.487605470000176
11098811.619355495834241 1547656.786191407500132
11098811.619355495834241 1547657.084777345000088
11098811.619355495834241 1547657.383363282500044
11098811.619355495834241 1547657.681949220000000
11098811.619355495834241 1547657.980535157499956
11098811.619355495834241 1547658.279121094999912
11098811.619355495834241 1547658.577707032499868
11098811.619355495834241 1547658.876292969999824
11098811.619355495834241 1547659.174878907499780
11098811.619355495834241 1547659.473464844999736
11098811.619355495834241 1547659.772050782499692
11098811.619355495834241 1547660.070636719999648
11098811.917936225000778 1547654.994675782500396
11098811.917936225000778 1547655.293261720000352
11098811.917936225000778 1547655.591847657500308
11098811.917936225000778 1547655.890433595000264
11098811.917936225000778 1547656.189019532500220
11098811.917936225000778 1547656.487605470000176
11098811.917936225000778 1547656.786191407500132
11098811.917936225000778 1547657.084777345000088
11098811.917936225000778 1547657.383363282500044
11098811.917936225000778 1547657.681949220000000
11098811.917936225000778 1547657.980535157499956
11098811.917936225000778 1547658.279121094999912
11098811.917936225000778 1547658.577707032499868
11098811.917936225000778 1547658.876292969999824
11098811.917936225000778 1547659.174878907499780
11098811.917936225000778 1547659.473464844999736
11098811.917936225000778 1547659.772050782499692
11098811.917936225000778 1547660.070636719999648
11098812.216516954167315 1547654.994675782500396
11098812.216516954167315 1547655.293261720000352
11098812.216516954167315 1547655.591847657500308
11098812.216516954167315 1547655.890433595000264
11098812.216516954167315 1547656.189019532500220
11098812.216516954167315 1547656.487605470000176
11098812.216516954167315 1547656.786191407500132
11098812.216516954167315 1547657.084777345000088
11098812.216516954167315 1547657.383363282500044
11098812.216516954167315 1547657.681949220000000
11098812.216516954167315 1547657.980535157499956
11098812.216516954167315 1547658.279121094999912
11098812.216516954167315 1547658.577707032499868
11098812.216516954167315 1547658.876292969999824
11098812.216516954167315 1547659.174878907499780
11098812.216516954167315 1547659.473464844999736
11098812.216516954167315 1547659.772050782499692
11098812.216516954167315 1547660.070636719999648
11098812.515097683333852 1547654.994675782500396
11098812.515097683333852 1547655.293261720000352
11098812.515097683333852 1547655.591847657500308
11098812.515097683333852 1547655.890433595000264
11098812.515097683333852 1547656.189019532500220
11098812.515097683333852 1547656.487605470000176
11098812.515097683333852 1547656.786191407500132
11098812.515097683333852 1547657.084777345000088
11098812.515097683333852 1547657.383363282500044
11098812.515097683333852 1547657.681949220000000
11098812.515097683333852 1547657.980535157499956
11098812.515097683333852 1547658.279121094999912
11098812.515097683333852 1547658.577707032499868
11098812.515097683333852 1547658.876292969999824
11098812.515097683333852 1547659.174878907499780
11098812.515097683333852 1547659.473464844999736
11098812.515097683333852 1547659.772050782499692
11098812.515097683333852 1547660.070636719999648
11098812.813678412500389 1547654.994675782500396
11098812.813678412500389 1547655.293261720000352
11098812.813678412500389 1547655.591847657500308
11098812.813678412500389 1547655.890433595000264
11098812.813678412500389 1547656.189019532500220
11098812.813678412500389 1547656.487605470000176
11098812.813678412500389 1547656.786191407500132
11098812.813678412500389 1547657.084777345000088
11098812.813678412500389 1547657.383363282500044
11098812.813678412500389 1547657.681949220000000
11098812.813678412500389 1547657.980535157499956
11098812.813678412500389 1547658.279121094999912
11098812.813678412500389 1547658.577707032499868
11098812.813678412500389 1547658.876292969999824
11098812.813678412500389 1547659.174878907499780
11098812.813678412500389 1547659.473464844999736
11098812.813678412500389 1547659.772050782499692
11098812.813678412500389 1547660.070636719999648
11098813.112259141666926 1547654.994675782500396
11098813.112259141666926 1547655.293261720000352
11098813.112259141666926 1547655.591847657500308
11098813.112259141666926 1547655.890433595000264
11098813.112259141666926 1547656.189019532500220
11098813.112259141666926 1547656.487605470000176
11098813.112259141666926 1547656.786191407500132
11098813.112259141666926 1547657.084777345000088
11098813.112259141666926 1547657.383363282500044
11098813.112259141666926 1547657.681949220000000
11098813.112259141666926 1547657.980535157499956
11098813.112259141666926 1547658.279121094999912
11098813.112259141666926 1547658.577707032499868
11098813.112259141666926 1547658.876292969999824
11098813.112259141666926 1547659.174878907499780
11098813.112259141666926 1547659.473464844999736
11098813.112259141666926 1547659.772050782499692
11098813.112259141666926 1547660.070636719999648
11098813.410839870833463 1547654.994675782500396
11098813.410839870833463 1547655.293261720000352
11098813.410839870833463 1547655.591847657500308
11098813.410839870833463 1547655.890433595000264
11098813.410839870833463 1547656.189019532500220
11098813.410839870833463 1547656.487605470000176
11098813.410839870833463 1547656.786191407500132
11098813.410839870833463 1547657.084777345000088
11098813.410839870833463 1547657.383363282500044
11098813.410839870833463 1547657.681949220000000
11098813.410839870833463 1547657.980535157499956
11098813.410839870833463 1547658.279121094999912
11098813.410839870833463 1547658.577707032499868
11098813.410839870833463 1547658.876292969999824
11098813.410839870833463 1547659.174878907499780
11098813.410839870833463 1547659.473464844999736
11098813.410839870833463 1547659.772050782499692
11098813.410839870833463 1547660.070636719999648
11098813.709420600000000 1547654.994675782500396
11098813.709420600000000 1547655.293261720000352
11098813.709420600000000 1547655.591847657500308
11098813.709420600000000 1547655.890433595000264
11098813.709420600000000 1547656.189019532500220
11098813.709420600000000 1547656.487605470000176
11098813.709420600000000 1547656.786191407500132
11098813.709420600000000 1547657.084777345000088
11098813.709420600000000 1547657.383363282500044
11098813.709420600000000 1547657.681949220000000
11098813.709420600000000 1547657.980535157499956
11098813.709420600000000 1547658.279121094999912
11098813.709420600000000 1547658.577707032499868
11098813.709420600000000 1547658.876292969999824
11098813.709420600000000 1547659.174878907499780
11098813.709420600000000 1547659.473464844999736
11098813.709420600000000 1547659.772050782499692
11098813.709420600000000 1547660.070636719999648
11098814.008001329166537 1547654.994675782500396
11098814.008001329166537 1547655.293261720000352
11098814.008001329166537 1547655.591847657500308
11098814.008001329166537 1547655.890433595000264
11098814.008001329166537 1547656.189019532500220
11098814.008001329166537 1547656.487605470000176
11098814.008001329166537 1547656.786191407500132
11098814.008001329166537 1547657.084777345000088
11098814.008001329166537 1547657.383363282500044
11098814.008001329166537 1547657.681949220000000
11098814.008001329166537 1547657.980535157499956
11098814.008001329166537 1547658.279121094999912
11098814.008001329166537 1547658.577707032499868
11098814.008001329166537 1547658.876292969999824
11098814.008001329166537 1547659.174878907499780
11098814.008001329166537 1547659.473464844999736
11098814.008001329166537 1547659.772050782499692
11098814.008001329166537 1547660.070636719999648
11098814.306582058333074 1547654.994675782500396
11098814.306582058333074 1547655.293261720000352
11098814.306582058333074 1547655.591847657500308
11098814.306582058333074 1547655.890433595000264
11098814.306582058333074 1547656.189019532500220
11098814.306582058333074 1547656.487605470000176
11098814.306582058333074 1547656.786191407500132
11098814.306582058333074 1547657.084777345000088
11098814.306582058333074 1547657.383363282500044
11098814.306582058333074 1547657.681949220000000
11098814.306582058333074 1547657.980535157499956
11098814.306582058333074 1547658.279121094999912
11098814.306582058333074 1547658.577707032499868
11098814.306582058333074 1547658.876292969999824
11098814.306582058333074 1547659.174878907499780
11098814.306582058333074 1547659.473464844999736
11098814.306582058333074 1547659.772050782499692
11098814.306582058333074 1547660.070636719999648
11098814.605162787499611 1547654.994675782500396
11098814.605162787499611 1547655.293261720000352
11098814.605162787499611 1547655.591847657500308
11098814.605162787499611 1547655.890433595000264
11098814.605162787499611 1547656.189019532500220
11098814.605162787499611 1547656.487605470000176
11098814.605162787499611 1547656.786191407500132
11098814.605162787499611 1547657.084777345000088
11098814.605162787499611 1547657.383363282500044
11098814.605162787499611 1547657.681949220000000
11098814.605162787499611 1547657.980535157499956
11098814.605162787499611 1547658.279121094999912
11098814.605162787499611 1547658.577707032499868
11098814.605162787499611 1547658.876292969999824
11098814.605162787499611 1547659.174878907499780
11098814.605162787499611 1547659.473464844999736
11098814.605162787499611 1547659.772050782499692
11098814.605162787499611 1547660.070636719999648
11098814.903743516666148 1547654.994675782500396
11098814.903743516666148 1547655.293261720000352
11098814.903743516666148 1547655.591847657500308
11098814.903743516666148 1547655.890433595000264
11098814.903743516666148 1547656.189019532500220
11098814.903743516666148 1547656.487605470000176
11098814.903743516666148 1547656.786191407500132
11098814.903743516666148 1547657.084777345000088
11098814.903743516666148 1547657.383363282500044
11098814.903743516666148 1547657.681949220000000
11098814.903743516666148 1547657.980535157499956
11098814.903743516666148 1547658.279121094999912
11098814.903743516666148 1547658.577707032499868
11098814.903743516666148 1547658.876292969999824
11098814.903743516666148 1547659.174878907499780
11098814.903743516666148 1547659.473464844999736
11098814.903743516666148 1547659.772050782499692
11098814.903743516666148 1547660.070636719999648
11098815.202324245832685 1547654.994675782500396
11098815.202324245832685 1547655.293261720000352
11098815.202324245832685 1547655.591847657500308
11098815.202324245832685 1547655.890433595000264
11098815.202324245832685 1547656.189019532500220
11098815.202324245832685 1547656.487605470000176
11098815.202324245832685 1547656.786191407500132
11098815.202324245832685 1547657.084777345000088
11098815.202324245832685 1547657.383363282500044
11098815.202324245832685 1547657.681949220000000
11098815.202324245832685 1547657.980535157499956
11098815.202324245832685 1547658.279121094999912
11098815.202324245832685 1547658.577707032499868
11098815.202324245832685 1547658.876292969999824
11098815.202324245832685 1547659.174878907499780
11098815.202324245832685 1547659.473464844999736
11098815.202324245832685 1547659.772050782499692
11098815.202324245832685 1547660.070636719999648
11098815.500904974999222 1547654.994675782500396
11098815.500904974999222 1547655.293261720000352
11098815.500904974999222 1547655.591847657500308
11098815.500904974999222 1547655.890433595000264
11098815.500904974999222 1547656.189019532500220
11098815.500904974999222 1547656.487605470000176
11098815.500904974999222 1547656.786191407500132
11098815.500904974999222 1547657.084777345000088
11098815.500904974999222 1547657.383363282500044
11098815.500904974999222 1547657.681949220000000
11098815.500904974999222 1547657.980535157499956
11098815.500904974999222 1547658.279121094999912
11098815.500904974999222 1547658.577707032499868
11098815.500904974999222 1547658.876292969999824
11098815.500904974999222 1547659.174878907499780
11098815.500904974999222 1547659.473464844999736
11098815.500904974999222 1547659.772050782499692
11098815.500904974999222 1547660.070636719999648
11098815.799485704165759 1547654.994675782500396
11098815.799485704165759 1547655.293261720000352
11098815.799485704165759 1547655.591847657500308
11098815.799485704165759 1547655.890433595000264
11098815.799485704165759 1547656.189019532500220
11098815.799485704165759 1547656.487605470000176
11098815.799485704165759 1547656.786191407500132
11098815.799485704165759 1547657.084777345000088
11098815.799485704165759 1547657.383363282500044
11098815.799485704165759 1547657.681949220000000
11098815.799485704165759 1547657.980535157499956
11098815.799485704165759 1547658.279121094999912
11098815.799485704165759 1547658.577707032499868
11098815.799485704165759 1547658.876292969999824
11098815.799485704165759 1547659.174878907499780
11098815.799485704165759 1547659.473464844999736
11098815.799485704165759 1547659.772050782499692
11098815.799485704165759 1547660.070636719999648
11098816.098066433332296 1547654.994675782500396
11098816.098066433332296 1547655.293261720000352
11098816.098066433332296 1547655.591847657500308
11098816.098066433332296 1547655.890433595000264
11098816.098066433332296 1547656.189019532500220
11098816.098066433332296 1547656.487605470000176
11098816.098066433332296 1547656.786191407500132
11098816.098066433332296 1547657.084777345000088
11098816.098066433332296 1547657.383363282500044
11098816.098066433332296 1547657.681949220000000
11098816.098066433332296 1547657.980535157499956
11098816.098066433332296 1547658.279121094999912
11098816.098066433332296 1547658.577707032499868
11098816.098066433332296 1547658.876292969999824
11098816.098066433332296 1547659.174878907499780
11098816.098066433332296 1547659.473464844999736
11098816.098066433332296 1547659.772050782499692
11098816.098066433332296 1547660.070636719999648
