11098836.401556037501167 1547725.759542972500396
11098836.401556037501167 1547726.058128910000352
11098836.401556037501167 1547726.356714847500308
11098836.401556037501167 1547726.655300785000264
11098836.401556037501167 1547726.953886722500220
11098836.401556037501167 1547727.252472660000176
11098836.401556037501167 1547727.551058597500132
11098836.401556037501167 1547727.849644535000088
11098836.401556037501167 1547728.148230472500044
11098836.401556037501167 1547728.446816410000000
11098836.401556037501167 1547728.745402347499956
11098836.401556037501167 1547729.043988284999912
11098836.401556037501167 1547729.342574222499868
11098836.401556037501167 1547729.641160159999824
11098836.401556037501167 1547729.939746097499780
11098836.401556037501167 1547730.238332034999736
11098836.401556037501167 1547730.536917972499692
11098836.401556037501167 1547730.835503909999648
11098836.700136766667704 1547725.759542972500396
11098836.700136766667704 1547726.058128910000352
11098836.700136766667704 1547726.356714847500308
11098836.700136766667704 1547726.655300785000264
11098836.700136766667704 1547726.953886722500220
11098836.700136766667704 1547727.252472660000176
11098836.700136766667704 1547727.551058597500132
11098836.700136766667704 1547727.849644535000088
11098836.700136766667704 1547728.148230472500044
11098836.700136766667704 1547728.446816410000000
11098836.700136766667704 1547728.745402347499956
11098836.700136766667704 1547729.043988284999912
11098836.700136766667704 1547729.342574222499868
11098836.700136766667704 1547729.641160159999824
11098836.700136766667704 1547729.939746097499780
11098836.700136766667704 1547730.238332034999736
11098836.700136766667704 1547730.536917972499692
11098836.700136766667704 1547730.835503909999648
11098836.998717495834241 1547725.759542972500396
11098836.998717495834241 1547726.058128910000352
11098836.998717495834241 1547726.356714847500308
11098836.998717495834241 1547726.655300785000264
11098836.998717495834241 1547726.953886722500220
11098836.998717495834241 1547727.252472660000176
11098836.998717495834241 1547727.551058597500132
11098836.998717495834241 1547727.849644535000088
11098836.998717495834241 1547728.148230472500044
11098836.998717495834241 1547728.446816410000000
11098836.998717495834241 1547728.745402347499956
11098836.998717495834241 1547729.043988284999912
11098836.998717495834241 1547729.342574222499868
11098836.998717495834241 1547729.641160159999824
11098836.998717495834241 1547729.939746097499780
11098836.998717495834241 1547730.238332034999736
11098836.998717495834241 1547730.536917972499692
11098836.998717495834241 1547730.835503909999648
11098837.297298225000778 1547725.759542972500396
11098837.297298225000778 1547726.058128910000352
11098837.297298225000778 1547726.356714847500308
11098837.297298225000778 1547726.655300785000264
11098837.297298225000778 1547726.953886722500220
11098837.297298225000778 1547727.252472660000176
11098837.297298225000778 1547727.551058597500132
11098837.297298225000778 1547727.849644535000088
11098837.297298225000778 1547728.148230472500044
11098837.297298225000778 1547728.446816410000000
11098837.297298225000778 1547728.745402347499956
11098837.297298225000778 1547729.043988284999912
11098837.297298225000778 1547729.342574222499868
11098837.297298225000778 1547729.641160159999824
11098837.297298225000778 1547729.939746097499780
11098837.297298225000778 1547730.238332034999736
11098837.297298225000778 1547730.536917972499692
11098837.297298225000778 1547730.835503909999648
11098837.595878954167315 1547725.759542972500396
11098837.595878954167315 1547726.058128910000352
11098837.595878954167315 1547726.356714847500308
11098837.595878954167315 1547726.655300785000264
11098837.595878954167315 1547726.953886722500220
11098837.595878954167315 1547727.252472660000176
11098837.595878954167315 1547727.551058597500132
11098837.595878954167315 1547727.849644535000088
11098837.595878954167315 1547728.148230472500044
11098837.595878954167315 1547728.446816410000000
11098837.595878954167315 1547728.745402347499956
11098837.595878954167315 1547729.043988284999912
11098837.595878954167315 1547729.342574222499868
11098837.595878954167315 1547729.641160159999824
11098837.595878954167315 1547729.939746097499780
11098837.595878954167315 1547730.238332034999736
11098837.595878954167315 1547730.536917972499692
11098837.595878954167315 1547730.835503909999648
11098837.894459683333852 1547725.759542972500396
11098837.894459683333852 1547726.058128910000352
11098837.894459683333852 1547726.356714847500308
11098837.894459683333852 1547726.655300785000264
11098837.894459683333852 1547726.953886722500220
11098837.894459683333852 1547727.252472660000176
11098837.894459683333852 1547727.551058597500132
11098837.894459683333852 1547727.849644535000088
11098837.894459683333852 1547728.148230472500044
11098837.894459683333852 1547728.446816410000000
11098837.894459683333852 1547728.745402347499956
11098837.894459683333852 1547729.043988284999912
11098837.894459683333852 1547729.342574222499868
11098837.894459683333852 1547729.641160159999824
11098837.894459683333852 1547729.939746097499780
11098837.894459683333852 1547730.238332034999736
11098837.894459683333852 1547730.536917972499692
11098837.894459683333852 1547730.835503909999648
11098838.193040412500389 1547725.759542972500396
11098838.193040412500389 1547726.058128910000352
11098838.193040412500389 1547726.356714847500308
11098838.193040412500389 1547726.655300785000264
11098838.193040412500389 1547726.953886722500220
11098838.193040412500389 1547727.252472660000176
11098838.193040412500389 1547727.551058597500132
11098838.193040412500389 1547727.849644535000088
11098838.193040412500389 1547728.148230472500044
11098838.193040412500389 1547728.446816410000000
11098838.193040412500389 1547728.745402347499956
11098838.193040412500389 1547729.043988284999912
11098838.193040412500389 1547729.342574222499868
11098838.193040412500389 1547729.641160159999824
11098838.193040412500389 1547729.939746097499780
11098838.193040412500389 1547730.238332034999736
11098838.193040412500389 1547730.536917972499692
11098838.193040412500389 1547730.835503909999648
11098838.491621141666926 1547725.759542972500396
11098838.491621141666926 1547726.058128910000352
11098838.491621141666926 1547726.356714847500308
11098838.491621141666926 1547726.655300785000264
11098838.491621141666926 1547726.953886722500220
11098838.491621141666926 1547727.252472660000176
11098838.491621141666926 1547727.551058597500132
11098838.491621141666926 1547727.849644535000088
11098838.491621141666926 1547728.148230472500044
11098838.491621141666926 1547728.446816410000000
11098838.491621141666926 1547728.745402347499956
11098838.491621141666926 1547729.043988284999912
11098838.491621141666926 1547729.342574222499868
11098838.491621141666926 1547729.641160159999824
11098838.491621141666926 1547729.939746097499780
11098838.491621141666926 1547730.238332034999736
11098838.491621141666926 1547730.536917972499692
11098838.491621141666926 1547730.835503909999648
11098838.790201870833463 1547725.759542972500396
11098838.790201870833463 1547726.058128910000352
11098838.790201870833463 1547726.356714847500308
11098838.790201870833463 1547726.655300785000264
11098838.790201870833463 1547726.953886722500220
11098838.790201870833463 1547727.252472660000176
11098838.790201870833463 1547727.551058597500132
11098838.790201870833463 1547727.849644535000088
11098838.790201870833463 1547728.148230472500044
11098838.790201870833463 1547728.446816410000000
11098838.790201870833463 1547728.745402347499956
11098838.790201870833463 1547729.043988284999912
11098838.790201870833463 1547729.342574222499868
11098838.790201870833463 1547729.641160159999824
11098838.790201870833463 1547729.939746097499780
11098838.790201870833463 1547730.238332034999736
11098838.790201870833463 1547730.536917972499692
11098838.790201870833463 1547730.835503909999648
11098839.088782600000000 1547725.759542972500396
11098839.088782600000000 1547726.058128910000352
11098839.088782600000000 1547726.356714847500308
11098839.088782600000000 1547726.655300785000264
11098839.088782600000000 1547726.953886722500220
11098839.088782600000000 1547727.252472660000176
11098839.088782600000000 1547727.551058597500132
11098839.088782600000000 1547727.849644535000088
11098839.088782600000000 1547728.148230472500044
11098839.088782600000000 1547728.446816410000000
11098839.088782600000000 1547728.745402347499956
11098839.088782600000000 1547729.043988284999912
11098839.088782600000000 1547729.342574222499868
11098839.088782600000000 1547729.641160159999824
11098839.088782600000000 1547729.939746097499780
11098839.088782600000000 1547730.238332034999736
11098839.088782600000000 1547730.536917972499692
11098839.088782600000000 1547730.835503909999648
11098839.387363329166537 1547725.759542972500396
11098839.387363329166537 1547726.058128910000352
11098839.387363329166537 1547726.356714847500308
11098839.387363329166537 1547726.655300785000264
11098839.387363329166537 1547726.953886722500220
11098839.387363329166537 1547727.252472660000176
11098839.387363329166537 1547727.551058597500132
11098839.387363329166537 1547727.849644535000088
11098839.387363329166537 1547728.148230472500044
11098839.387363329166537 1547728.446816410000000
11098839.387363329166537 1547728.745402347499956
11098839.387363329166537 1547729.043988284999912
11098839.387363329166537 1547729.342574222499868
11098839.387363329166537 1547729.641160159999824
11098839.387363329166537 1547729.939746097499780
11098839.387363329166537 1547730.238332034999736
11098839.387363329166537 1547730.536917972499692
11098839.387363329166537 1547730.835503909999648
11098839.685944058333074 1547725.759542972500396
11098839.685944058333074 1547726.058128910000352
11098839.685944058333074 1547726.356714847500308
11098839.685944058333074 1547726.655300785000264
11098839.685944058333074 1547726.953886722500220
11098839.685944058333074 1547727.252472660000176
11098839.685944058333074 1547727.551058597500132
11098839.685944058333074 1547727.849644535000088
11098839.685944058333074 1547728.148230472500044
11098839.685944058333074 1547728.446816410000000
11098839.685944058333074 1547728.745402347499956
11098839.685944058333074 1547729.043988284999912
11098839.685944058333074 1547729.342574222499868
11098839.685944058333074 1547729.641160159999824
11098839.685944058333074 1547729.939746097499780
11098839.685944058333074 1547730.238332034999736
11098839.685944058333074 1547730.536917972499692
11098839.685944058333074 1547730.835503909999648
11098839.984524787499611 1547725.759542972500396
11098839.984524787499611 1547726.058128910000352
11098839.984524787499611 1547726.356714847500308
11098839.984524787499611 1547726.655300785000264
11098839.984524787499611 1547726.953886722500220
11098839.984524787499611 1547727.252472660000176
11098839.984524787499611 1547727.551058597500132
11098839.984524787499611 1547727.849644535000088
11098839.984524787499611 1547728.148230472500044
11098839.984524787499611 1547728.446816410000000
11098839.984524787499611 1547728.745402347499956
11098839.984524787499611 1547729.043988284999912
11098839.984524787499611 1547729.342574222499868
11098839.984524787499611 1547729.641160159999824
11098839.984524787499611 1547729.939746097499780
11098839.984524787499611 1547730.238332034999736
11098839.984524787499611 1547730.536917972499692
11098839.984524787499611 1547730.835503909999648
11098840.283105516666148 1547725.759542972500396
11098840.283105516666148 1547726.058128910000352
11098840.283105516666148 1547726.356714847500308
11098840.283105516666148 1547726.655300785000264
11098840.283105516666148 1547726.953886722500220
11098840.283105516666148 1547727.252472660000176
11098840.283105516666148 1547727.551058597500132
11098840.283105516666148 1547727.849644535000088
11098840.283105516666148 1547728.148230472500044
11098840.283105516666148 1547728.446816410000000
11098840.283105516666148 1547728.745402347499956
11098840.283105516666148 1547729.043988284999912
11098840.283105516666148 1547729.342574222499868
11098840.283105516666148 1547729.641160159999824
11098840.283105516666148 1547729.939746097499780
11098840.283105516666148 1547730.238332034999736
11098840.283105516666148 1547730.536917972499692
11098840.283105516666148 1547730.835503909999648
11098840.581686245832685 1547725.759542972500396
11098840.581686245832685 1547726.058128910000352
11098840.581686245832685 1547726.356714847500308
11098840.581686245832685 1547726.655300785000264
11098840.581686245832685 1547726.953886722500220
11098840.581686245832685 1547727.252472660000176
11098840.581686245832685 1547727.551058597500132
11098840.581686245832685 1547727.849644535000088
11098840.581686245832685 1547728.148230472500044
11098840.581686245832685 1547728.446816410000000
11098840.581686245832685 1547728.745402347499956
11098840.581686245832685 1547729.043988284999912
11098840.581686245832685 1547729.342574222499868
11098840.581686245832685 1547729.641160159999824
11098840.581686245832685 1547729.939746097499780
11098840.581686245832685 1547730.238332034999736
11098840.581686245832685 1547730.536917972499692
11098840.581686245832685 1547730.835503909999648
11098840.880266974999222 1547725.759542972500396
11098840.880266974999222 1547726.058128910000352
11098840.880266974999222 1547726.356714847500308
11098840.880266974999222 1547726.655300785000264
11098840.880266974999222 1547726.953886722500220
11098840.880266974999222 1547727.252472660000176
11098840.880266974999222 1547727.551058597500132
11098840.880266974999222 1547727.849644535000088
11098840.880266974999222 1547728.148230472500044
11098840.880266974999222 1547728.446816410000000
11098840.880266974999222 1547728.745402347499956
11098840.880266974999222 1547729.043988284999912
11098840.880266974999222 1547729.342574222499868
11098840.880266974999222 1547729.641160159999824
11098840.880266974999222 1547729.939746097499780
11098840.880266974999222 1547730.238332034999736
11098840.880266974999222 1547730.536917972499692
11098840.880266974999222 1547730.835503909999648
11098841.178847704165759 1547725.759542972500396
11098841.178847704165759 1547726.058128910000352
11098841.178847704165759 1547726.356714847500308
11098841.178847704165759 1547726.655300785000264
11098841.178847704165759 1547726.953886722500220
11098841.178847704165759 1547727.252472660000176
11098841.178847704165759 1547727.551058597500132
11098841.178847704165759 1547727.849644535000088
11098841.178847704165759 1547728.148230472500044
11098841.178847704165759 1547728.446816410000000
11098841.178847704165759 1547728.745402347499956
11098841.178847704165759 1547729.043988284999912
11098841.178847704165759 1547729.342574222499868
11098841.178847704165759 1547729.641160159999824
11098841.178847704165759 1547729.939746097499780
11098841.178847704165759 1547730.238332034999736
11098841.178847704165759 1547730.536917972499692
11098841.178847704165759 1547730.835503909999648
11098841.477428433332296 1547725.759542972500396
11098841.477428433332296 1547726.058128910000352
11098841.477428433332296 1547726.356714847500308
11098841.477428433332296 1547726.655300785000264
11098841.477428433332296 1547726.953886722500220
11098841.477428433332296 1547727.252472660000176
11098841.477428433332296 1547727.551058597500132
11098841.477428433332296 1547727.849644535000088
11098841.477428433332296 1547728.148230472500044
11098841.477428433332296 1547728.446816410000000
11098841.477428433332296 1547728.745402347499956
11098841.477428433332296 1547729.043988284999912
11098841.477428433332296 1547729.342574222499868
11098841.477428433332296 1547729.641160159999824
11098841.477428433332296 1547729.939746097499780
11098841.477428433332296 1547730.238332034999736
11098841.477428433332296 1547730.536917972499692
11098841.477428433332296 1547730.835503909999648
