11099456.255149737501167 1547857.734527342500396
11099456.255149737501167 1547858.033113280000352
11099456.255149737501167 1547858.331699217500308
11099456.255149737501167 1547858.630285155000264
11099456.255149737501167 1547858.928871092500220
11099456.255149737501167 1547859.227457030000176
11099456.255149737501167 1547859.526042967500132
11099456.255149737501167 1547859.824628905000088
11099456.255149737501167 1547860.123214842500044
11099456.255149737501167 1547860.421800780000000
11099456.255149737501167 1547860.720386717499956
11099456.255149737501167 1547861.018972654999912
11099456.255149737501167 1547861.317558592499868
11099456.255149737501167 1547861.616144529999824
11099456.255149737501167 1547861.914730467499780
11099456.255149737501167 1547862.213316404999736
11099456.255149737501167 1547862.511902342499692
11099456.255149737501167 1547862.810488279999648
11099456.553730466667704 1547857.734527342500396
11099456.553730466667704 1547858.033113280000352
11099456.553730466667704 1547858.331699217500308
11099456.553730466667704 1547858.630285155000264
11099456.553730466667704 1547858.928871092500220
11099456.553730466667704 1547859.227457030000176
11099456.553730466667704 1547859.526042967500132
11099456.553730466667704 1547859.824628905000088
11099456.553730466667704 1547860.123214842500044
11099456.553730466667704 1547860.421800780000000
11099456.553730466667704 1547860.720386717499956
11099456.553730466667704 1547861.018972654999912
11099456.553730466667704 1547861.317558592499868
11099456.553730466667704 1547861.616144529999824
11099456.553730466667704 1547861.914730467499780
11099456.553730466667704 1547862.213316404999736
11099456.553730466667704 1547862.511902342499692
11099456.553730466667704 1547862.810488279999648
11099456.852311195834241 1547857.734527342500396
11099456.852311195834241 1547858.033113280000352
11099456.852311195834241 1547858.331699217500308
11099456.852311195834241 1547858.630285155000264
11099456.852311195834241 1547858.928871092500220
11099456.852311195834241 1547859.227457030000176
11099456.852311195834241 1547859.526042967500132
11099456.852311195834241 1547859.824628905000088
11099456.852311195834241 1547860.123214842500044
11099456.852311195834241 1547860.421800780000000
11099456.852311195834241 1547860.720386717499956
11099456.852311195834241 1547861.018972654999912
11099456.852311195834241 1547861.317558592499868
11099456.852311195834241 1547861.616144529999824
11099456.852311195834241 1547861.914730467499780
11099456.852311195834241 1547862.213316404999736
11099456.852311195834241 1547862.511902342499692
11099456.852311195834241 1547862.810488279999648
11099457.150891925000778 1547857.734527342500396
11099457.150891925000778 1547858.033113280000352
11099457.150891925000778 1547858.331699217500308
11099457.150891925000778 1547858.630285155000264
11099457.150891925000778 1547858.928871092500220
11099457.150891925000778 1547859.227457030000176
11099457.150891925000778 1547859.526042967500132
11099457.150891925000778 1547859.824628905000088
11099457.150891925000778 1547860.123214842500044
11099457.150891925000778 1547860.421800780000000
11099457.150891925000778 1547860.720386717499956
11099457.150891925000778 1547861.018972654999912
11099457.150891925000778 1547861.317558592499868
11099457.150891925000778 1547861.616144529999824
11099457.150891925000778 1547861.914730467499780
11099457.150891925000778 1547862.213316404999736
11099457.150891925000778 1547862.511902342499692
11099457.150891925000778 1547862.810488279999648
11099457.449472654167315 1547857.734527342500396
11099457.449472654167315 1547858.033113280000352
11099457.449472654167315 1547858.331699217500308
11099457.449472654167315 1547858.630285155000264
11099457.449472654167315 1547858.928871092500220
11099457.449472654167315 1547859.227457030000176
11099457.449472654167315 1547859.526042967500132
11099457.449472654167315 1547859.824628905000088
11099457.449472654167315 1547860.123214842500044
11099457.449472654167315 1547860.421800780000000
11099457.449472654167315 1547860.720386717499956
11099457.449472654167315 1547861.018972654999912
11099457.449472654167315 1547861.317558592499868
11099457.449472654167315 1547861.616144529999824
11099457.449472654167315 1547861.914730467499780
11099457.449472654167315 1547862.213316404999736
11099457.449472654167315 1547862.511902342499692
11099457.449472654167315 1547862.810488279999648
11099457.748053383333852 1547857.734527342500396
11099457.748053383333852 1547858.033113280000352
11099457.748053383333852 1547858.331699217500308
11099457.748053383333852 1547858.630285155000264
11099457.748053383333852 1547858.928871092500220
11099457.748053383333852 1547859.227457030000176
11099457.748053383333852 1547859.526042967500132
11099457.748053383333852 1547859.824628905000088
11099457.748053383333852 1547860.123214842500044
11099457.748053383333852 1547860.421800780000000
11099457.748053383333852 1547860.720386717499956
11099457.748053383333852 1547861.018972654999912
11099457.748053383333852 1547861.317558592499868
11099457.748053383333852 1547861.616144529999824
11099457.748053383333852 1547861.914730467499780
11099457.748053383333852 1547862.213316404999736
11099457.748053383333852 1547862.511902342499692
11099457.748053383333852 1547862.810488279999648
11099458.046634112500389 1547857.734527342500396
11099458.046634112500389 1547858.033113280000352
11099458.046634112500389 1547858.331699217500308
11099458.046634112500389 1547858.630285155000264
11099458.046634112500389 1547858.928871092500220
11099458.046634112500389 1547859.227457030000176
11099458.046634112500389 1547859.526042967500132
11099458.046634112500389 1547859.824628905000088
11099458.046634112500389 1547860.123214842500044
11099458.046634112500389 1547860.421800780000000
11099458.046634112500389 1547860.720386717499956
11099458.046634112500389 1547861.018972654999912
11099458.046634112500389 1547861.317558592499868
11099458.046634112500389 1547861.616144529999824
11099458.046634112500389 1547861.914730467499780
11099458.046634112500389 1547862.213316404999736
11099458.046634112500389 1547862.511902342499692
11099458.046634112500389 1547862.810488279999648
11099458.345214841666926 1547857.734527342500396
11099458.345214841666926 1547858.033113280000352
11099458.345214841666926 1547858.331699217500308
11099458.345214841666926 1547858.630285155000264
11099458.345214841666926 1547858.928871092500220
11099458.345214841666926 1547859.227457030000176
11099458.345214841666926 1547859.526042967500132
11099458.345214841666926 1547859.824628905000088
11099458.345214841666926 1547860.123214842500044
11099458.345214841666926 1547860.421800780000000
11099458.345214841666926 1547860.720386717499956
11099458.345214841666926 1547861.018972654999912
11099458.345214841666926 1547861.317558592499868
11099458.345214841666926 1547861.616144529999824
11099458.345214841666926 1547861.914730467499780
11099458.345214841666926 1547862.213316404999736
11099458.345214841666926 1547862.511902342499692
11099458.345214841666926 1547862.810488279999648
11099458.643795570833463 1547857.734527342500396
11099458.643795570833463 1547858.033113280000352
11099458.643795570833463 1547858.331699217500308
11099458.643795570833463 1547858.630285155000264
11099458.643795570833463 1547858.928871092500220
11099458.643795570833463 1547859.227457030000176
11099458.643795570833463 1547859.526042967500132
11099458.643795570833463 1547859.824628905000088
11099458.643795570833463 1547860.123214842500044
11099458.643795570833463 1547860.421800780000000
11099458.643795570833463 1547860.720386717499956
11099458.643795570833463 1547861.018972654999912
11099458.643795570833463 1547861.317558592499868
11099458.643795570833463 1547861.616144529999824
11099458.643795570833463 1547861.914730467499780
11099458.643795570833463 1547862.213316404999736
11099458.643795570833463 1547862.511902342499692
11099458.643795570833463 1547862.810488279999648
11099458.942376300000000 1547857.734527342500396
11099458.942376300000000 1547858.033113280000352
11099458.942376300000000 1547858.331699217500308
11099458.942376300000000 1547858.630285155000264
11099458.942376300000000 1547858.928871092500220
11099458.942376300000000 1547859.227457030000176
11099458.942376300000000 1547859.526042967500132
11099458.942376300000000 1547859.824628905000088
11099458.942376300000000 1547860.123214842500044
11099458.942376300000000 1547860.421800780000000
11099458.942376300000000 1547860.720386717499956
11099458.942376300000000 1547861.018972654999912
11099458.942376300000000 1547861.317558592499868
11099458.942376300000000 1547861.616144529999824
11099458.942376300000000 1547861.914730467499780
11099458.942376300000000 1547862.213316404999736
11099458.942376300000000 1547862.511902342499692
11099458.942376300000000 1547862.810488279999648
11099459.240957029166537 1547857.734527342500396
11099459.240957029166537 1547858.033113280000352
11099459.240957029166537 1547858.331699217500308
11099459.240957029166537 1547858.630285155000264
11099459.240957029166537 1547858.928871092500220
11099459.240957029166537 1547859.227457030000176
11099459.240957029166537 1547859.526042967500132
11099459.240957029166537 1547859.824628905000088
11099459.240957029166537 1547860.123214842500044
11099459.240957029166537 1547860.421800780000000
11099459.240957029166537 1547860.720386717499956
11099459.240957029166537 1547861.018972654999912
11099459.240957029166537 1547861.317558592499868
11099459.240957029166537 1547861.616144529999824
11099459.240957029166537 1547861.914730467499780
11099459.240957029166537 1547862.213316404999736
11099459.240957029166537 1547862.511902342499692
11099459.240957029166537 1547862.810488279999648
11099459.539537758333074 1547857.734527342500396
11099459.539537758333074 1547858.033113280000352
11099459.539537758333074 1547858.331699217500308
11099459.539537758333074 1547858.630285155000264
11099459.539537758333074 1547858.928871092500220
11099459.539537758333074 1547859.227457030000176
11099459.539537758333074 1547859.526042967500132
11099459.539537758333074 1547859.824628905000088
11099459.539537758333074 1547860.123214842500044
11099459.539537758333074 1547860.421800780000000
11099459.539537758333074 1547860.720386717499956
11099459.539537758333074 1547861.018972654999912
11099459.539537758333074 1547861.317558592499868
11099459.539537758333074 1547861.616144529999824
11099459.539537758333074 1547861.914730467499780
11099459.539537758333074 1547862.213316404999736
11099459.539537758333074 1547862.511902342499692
11099459.539537758333074 1547862.810488279999648
11099459.838118487499611 1547857.734527342500396
11099459.838118487499611 1547858.033113280000352
11099459.838118487499611 1547858.331699217500308
11099459.838118487499611 1547858.630285155000264
11099459.838118487499611 1547858.928871092500220
11099459.838118487499611 1547859.227457030000176
11099459.838118487499611 1547859.526042967500132
11099459.838118487499611 1547859.824628905000088
11099459.838118487499611 1547860.123214842500044
11099459.838118487499611 1547860.421800780000000
11099459.838118487499611 1547860.720386717499956
11099459.838118487499611 1547861.018972654999912
11099459.838118487499611 1547861.317558592499868
11099459.838118487499611 1547861.616144529999824
11099459.838118487499611 1547861.914730467499780
11099459.838118487499611 1547862.213316404999736
11099459.838118487499611 1547862.511902342499692
11099459.838118487499611 1547862.810488279999648
11099460.136699216666148 1547857.734527342500396
11099460.136699216666148 1547858.033113280000352
11099460.136699216666148 1547858.331699217500308
11099460.136699216666148 1547858.630285155000264
11099460.136699216666148 1547858.928871092500220
11099460.136699216666148 1547859.227457030000176
11099460.136699216666148 1547859.526042967500132
11099460.136699216666148 1547859.824628905000088
11099460.136699216666148 1547860.123214842500044
11099460.136699216666148 1547860.421800780000000
11099460.136699216666148 1547860.720386717499956
11099460.136699216666148 1547861.018972654999912
11099460.136699216666148 1547861.317558592499868
11099460.136699216666148 1547861.616144529999824
11099460.136699216666148 1547861.914730467499780
11099460.136699216666148 1547862.213316404999736
11099460.136699216666148 1547862.511902342499692
11099460.136699216666148 1547862.810488279999648
11099460.435279945832685 1547857.734527342500396
11099460.435279945832685 1547858.033113280000352
11099460.435279945832685 1547858.331699217500308
11099460.435279945832685 1547858.630285155000264
11099460.435279945832685 1547858.928871092500220
11099460.435279945832685 1547859.227457030000176
11099460.435279945832685 1547859.526042967500132
11099460.435279945832685 1547859.824628905000088
11099460.435279945832685 1547860.123214842500044
11099460.435279945832685 1547860.421800780000000
11099460.435279945832685 1547860.720386717499956
11099460.435279945832685 1547861.018972654999912
11099460.435279945832685 1547861.317558592499868
11099460.435279945832685 1547861.616144529999824
11099460.435279945832685 1547861.914730467499780
11099460.435279945832685 1547862.213316404999736
11099460.435279945832685 1547862.511902342499692
11099460.435279945832685 1547862.810488279999648
11099460.733860674999222 1547857.734527342500396
11099460.733860674999222 1547858.033113280000352
11099460.733860674999222 1547858.331699217500308
11099460.733860674999222 1547858.630285155000264
11099460.733860674999222 1547858.928871092500220
11099460.733860674999222 1547859.227457030000176
11099460.733860674999222 1547859.526042967500132
11099460.733860674999222 1547859.824628905000088
11099460.733860674999222 1547860.123214842500044
11099460.733860674999222 1547860.421800780000000
11099460.733860674999222 1547860.720386717499956
11099460.733860674999222 1547861.018972654999912
11099460.733860674999222 1547861.317558592499868
11099460.733860674999222 1547861.616144529999824
11099460.733860674999222 1547861.914730467499780
11099460.733860674999222 1547862.213316404999736
11099460.733860674999222 1547862.511902342499692
11099460.733860674999222 1547862.810488279999648
11099461.032441404165759 1547857.734527342500396
11099461.032441404165759 1547858.033113280000352
11099461.032441404165759 1547858.331699217500308
11099461.032441404165759 1547858.630285155000264
11099461.032441404165759 1547858.928871092500220
11099461.032441404165759 1547859.227457030000176
11099461.032441404165759 1547859.526042967500132
11099461.032441404165759 1547859.824628905000088
11099461.032441404165759 1547860.123214842500044
11099461.032441404165759 1547860.421800780000000
11099461.032441404165759 1547860.720386717499956
11099461.032441404165759 1547861.018972654999912
11099461.032441404165759 1547861.317558592499868
11099461.032441404165759 1547861.616144529999824
11099461.032441404165759 1547861.914730467499780
11099461.032441404165759 1547862.213316404999736
11099461.032441404165759 1547862.511902342499692
11099461.032441404165759 1547862.810488279999648
11099461.331022133332296 1547857.734527342500396
11099461.331022133332296 1547858.033113280000352
11099461.331022133332296 1547858.331699217500308
11099461.331022133332296 1547858.630285155000264
11099461.331022133332296 1547858.928871092500220
11099461.331022133332296 1547859.227457030000176
11099461.331022133332296 1547859.526042967500132
11099461.331022133332296 1547859.824628905000088
11099461.331022133332296 1547860.123214842500044
11099461.331022133332296 1547860.421800780000000
11099461.331022133332296 1547860.720386717499956
11099461.331022133332296 1547861.018972654999912
11099461.331022133332296 1547861.317558592499868
11099461.331022133332296 1547861.616144529999824
11099461.331022133332296 1547861.914730467499780
11099461.331022133332296 1547862.213316404999736
11099461.331022133332296 1547862.511902342499692
11099461.331022133332296 1547862.810488279999648
