11099126.323444037501167 1547830.861792972500396
11099126.323444037501167 1547831.160378910000352
11099126.323444037501167 1547831.458964847500308
11099126.323444037501167 1547831.757550785000264
11099126.323444037501167 1547832.056136722500220
11099126.323444037501167 1547832.354722660000176
11099126.323444037501167 1547832.653308597500132
11099126.323444037501167 1547832.951894535000088
11099126.323444037501167 1547833.250480472500044
11099126.323444037501167 1547833.549066410000000
11099126.323444037501167 1547833.847652347499956
11099126.323444037501167 1547834.146238284999912
11099126.323444037501167 1547834.444824222499868
11099126.323444037501167 1547834.743410159999824
11099126.323444037501167 1547835.041996097499780
11099126.323444037501167 1547835.340582034999736
11099126.323444037501167 1547835.639167972499692
11099126.323444037501167 1547835.937753909999648
11099126.622024766667704 1547830.861792972500396
11099126.622024766667704 1547831.160378910000352
11099126.622024766667704 1547831.458964847500308
11099126.622024766667704 1547831.757550785000264
11099126.622024766667704 1547832.056136722500220
11099126.622024766667704 1547832.354722660000176
11099126.622024766667704 1547832.653308597500132
11099126.622024766667704 1547832.951894535000088
11099126.622024766667704 1547833.250480472500044
11099126.622024766667704 1547833.549066410000000
11099126.622024766667704 1547833.847652347499956
11099126.622024766667704 1547834.146238284999912
11099126.622024766667704 1547834.444824222499868
11099126.622024766667704 1547834.743410159999824
11099126.622024766667704 1547835.041996097499780
11099126.622024766667704 1547835.340582034999736
11099126.622024766667704 1547835.639167972499692
11099126.622024766667704 1547835.937753909999648
11099126.920605495834241 1547830.861792972500396
11099126.920605495834241 1547831.160378910000352
11099126.920605495834241 1547831.458964847500308
11099126.920605495834241 1547831.757550785000264
11099126.920605495834241 1547832.056136722500220
11099126.920605495834241 1547832.354722660000176
11099126.920605495834241 1547832.653308597500132
11099126.920605495834241 1547832.951894535000088
11099126.920605495834241 1547833.250480472500044
11099126.920605495834241 1547833.549066410000000
11099126.920605495834241 1547833.847652347499956
11099126.920605495834241 1547834.146238284999912
11099126.920605495834241 1547834.444824222499868
11099126.920605495834241 1547834.743410159999824
11099126.920605495834241 1547835.041996097499780
11099126.920605495834241 1547835.340582034999736
11099126.920605495834241 1547835.639167972499692
11099126.920605495834241 1547835.937753909999648
11099127.219186225000778 1547830.861792972500396
11099127.219186225000778 1547831.160378910000352
11099127.219186225000778 1547831.458964847500308
11099127.219186225000778 1547831.757550785000264
11099127.219186225000778 1547832.056136722500220
11099127.219186225000778 1547832.354722660000176
11099127.219186225000778 1547832.653308597500132
11099127.219186225000778 1547832.951894535000088
11099127.219186225000778 1547833.250480472500044
11099127.219186225000778 1547833.549066410000000
11099127.219186225000778 1547833.847652347499956
11099127.219186225000778 1547834.146238284999912
11099127.219186225000778 1547834.444824222499868
11099127.219186225000778 1547834.743410159999824
11099127.219186225000778 1547835.041996097499780
11099127.219186225000778 1547835.340582034999736
11099127.219186225000778 1547835.639167972499692
11099127.219186225000778 1547835.937753909999648
11099127.517766954167315 1547830.861792972500396
11099127.517766954167315 1547831.160378910000352
11099127.517766954167315 1547831.458964847500308
11099127.517766954167315 1547831.757550785000264
11099127.517766954167315 1547832.056136722500220
11099127.517766954167315 1547832.354722660000176
11099127.517766954167315 1547832.653308597500132
11099127.517766954167315 1547832.951894535000088
11099127.517766954167315 1547833.250480472500044
11099127.517766954167315 1547833.549066410000000
11099127.517766954167315 1547833.847652347499956
11099127.517766954167315 1547834.146238284999912
11099127.517766954167315 1547834.444824222499868
11099127.517766954167315 1547834.743410159999824
11099127.517766954167315 1547835.041996097499780
11099127.517766954167315 1547835.340582034999736
11099127.517766954167315 1547835.639167972499692
11099127.517766954167315 1547835.937753909999648
11099127.816347683333852 1547830.861792972500396
11099127.816347683333852 1547831.160378910000352
11099127.816347683333852 1547831.458964847500308
11099127.816347683333852 1547831.757550785000264
11099127.816347683333852 1547832.056136722500220
11099127.816347683333852 1547832.354722660000176
11099127.816347683333852 1547832.653308597500132
11099127.816347683333852 1547832.951894535000088
11099127.816347683333852 1547833.250480472500044
11099127.816347683333852 1547833.549066410000000
11099127.816347683333852 1547833.847652347499956
11099127.816347683333852 1547834.146238284999912
11099127.816347683333852 1547834.444824222499868
11099127.816347683333852 1547834.743410159999824
11099127.816347683333852 1547835.041996097499780
11099127.816347683333852 1547835.340582034999736
11099127.816347683333852 1547835.639167972499692
11099127.816347683333852 1547835.937753909999648
11099128.114928412500389 1547830.861792972500396
11099128.114928412500389 1547831.160378910000352
11099128.114928412500389 1547831.458964847500308
11099128.114928412500389 1547831.757550785000264
11099128.114928412500389 1547832.056136722500220
11099128.114928412500389 1547832.354722660000176
11099128.114928412500389 1547832.653308597500132
11099128.114928412500389 1547832.951894535000088
11099128.114928412500389 1547833.250480472500044
11099128.114928412500389 1547833.549066410000000
11099128.114928412500389 1547833.847652347499956
11099128.114928412500389 1547834.146238284999912
11099128.114928412500389 1547834.444824222499868
11099128.114928412500389 1547834.743410159999824
11099128.114928412500389 1547835.041996097499780
11099128.114928412500389 1547835.340582034999736
11099128.114928412500389 1547835.639167972499692
11099128.114928412500389 1547835.937753909999648
11099128.413509141666926 1547830.861792972500396
11099128.413509141666926 1547831.160378910000352
11099128.413509141666926 1547831.458964847500308
11099128.413509141666926 1547831.757550785000264
11099128.413509141666926 1547832.056136722500220
11099128.413509141666926 1547832.354722660000176
11099128.413509141666926 1547832.653308597500132
11099128.413509141666926 1547832.951894535000088
11099128.413509141666926 1547833.250480472500044
11099128.413509141666926 1547833.549066410000000
11099128.413509141666926 1547833.847652347499956
11099128.413509141666926 1547834.146238284999912
11099128.413509141666926 1547834.444824222499868
11099128.413509141666926 1547834.743410159999824
11099128.413509141666926 1547835.041996097499780
11099128.413509141666926 1547835.340582034999736
11099128.413509141666926 1547835.639167972499692
11099128.413509141666926 1547835.937753909999648
11099128.712089870833463 1547830.861792972500396
11099128.712089870833463 1547831.160378910000352
11099128.712089870833463 1547831.458964847500308
11099128.712089870833463 1547831.757550785000264
11099128.712089870833463 1547832.056136722500220
11099128.712089870833463 1547832.354722660000176
11099128.712089870833463 1547832.653308597500132
11099128.712089870833463 1547832.951894535000088
11099128.712089870833463 1547833.250480472500044
11099128.712089870833463 1547833.549066410000000
11099128.712089870833463 1547833.847652347499956
11099128.712089870833463 1547834.146238284999912
11099128.712089870833463 1547834.444824222499868
11099128.712089870833463 1547834.743410159999824
11099128.712089870833463 1547835.041996097499780
11099128.712089870833463 1547835.340582034999736
11099128.712089870833463 1547835.639167972499692
11099128.712089870833463 1547835.937753909999648
11099129.010670600000000 1547830.861792972500396
11099129.010670600000000 1547831.160378910000352
11099129.010670600000000 1547831.458964847500308
11099129.010670600000000 1547831.757550785000264
11099129.010670600000000 1547832.056136722500220
11099129.010670600000000 1547832.354722660000176
11099129.010670600000000 1547832.653308597500132
11099129.010670600000000 1547832.951894535000088
11099129.010670600000000 1547833.250480472500044
11099129.010670600000000 1547833.549066410000000
11099129.010670600000000 1547833.847652347499956
11099129.010670600000000 1547834.146238284999912
11099129.010670600000000 1547834.444824222499868
11099129.010670600000000 1547834.743410159999824
11099129.010670600000000 1547835.041996097499780
11099129.010670600000000 1547835.340582034999736
11099129.010670600000000 1547835.639167972499692
11099129.010670600000000 1547835.937753909999648
11099129.309251329166537 1547830.861792972500396
11099129.309251329166537 1547831.160378910000352
11099129.309251329166537 1547831.458964847500308
11099129.309251329166537 1547831.757550785000264
11099129.309251329166537 1547832.056136722500220
11099129.309251329166537 1547832.354722660000176
11099129.309251329166537 1547832.653308597500132
11099129.309251329166537 1547832.951894535000088
11099129.309251329166537 1547833.250480472500044
11099129.309251329166537 1547833.549066410000000
11099129.309251329166537 1547833.847652347499956
11099129.309251329166537 1547834.146238284999912
11099129.309251329166537 1547834.444824222499868
11099129.309251329166537 1547834.743410159999824
11099129.309251329166537 1547835.041996097499780
11099129.309251329166537 1547835.340582034999736
11099129.309251329166537 1547835.639167972499692
11099129.309251329166537 1547835.937753909999648
11099129.607832058333074 1547830.861792972500396
11099129.607832058333074 1547831.160378910000352
11099129.607832058333074 1547831.458964847500308
11099129.607832058333074 1547831.757550785000264
11099129.607832058333074 1547832.056136722500220
11099129.607832058333074 1547832.354722660000176
11099129.607832058333074 1547832.653308597500132
11099129.607832058333074 1547832.951894535000088
11099129.607832058333074 1547833.250480472500044
11099129.607832058333074 1547833.549066410000000
11099129.607832058333074 1547833.847652347499956
11099129.607832058333074 1547834.146238284999912
11099129.607832058333074 1547834.444824222499868
11099129.607832058333074 1547834.743410159999824
11099129.607832058333074 1547835.041996097499780
11099129.607832058333074 1547835.340582034999736
11099129.607832058333074 1547835.639167972499692
11099129.607832058333074 1547835.937753909999648
11099129.906412787499611 1547830.861792972500396
11099129.906412787499611 1547831.160378910000352
11099129.906412787499611 1547831.458964847500308
11099129.906412787499611 1547831.757550785000264
11099129.906412787499611 1547832.056136722500220
11099129.906412787499611 1547832.354722660000176
11099129.906412787499611 1547832.653308597500132
11099129.906412787499611 1547832.951894535000088
11099129.906412787499611 1547833.250480472500044
11099129.906412787499611 1547833.549066410000000
11099129.906412787499611 1547833.847652347499956
11099129.906412787499611 1547834.146238284999912
11099129.906412787499611 1547834.444824222499868
11099129.906412787499611 1547834.743410159999824
11099129.906412787499611 1547835.041996097499780
11099129.906412787499611 1547835.340582034999736
11099129.906412787499611 1547835.639167972499692
11099129.906412787499611 1547835.937753909999648
11099130.204993516666148 1547830.861792972500396
11099130.204993516666148 1547831.160378910000352
11099130.204993516666148 1547831.458964847500308
11099130.204993516666148 1547831.757550785000264
11099130.204993516666148 1547832.056136722500220
11099130.204993516666148 1547832.354722660000176
11099130.204993516666148 1547832.653308597500132
11099130.204993516666148 1547832.951894535000088
11099130.204993516666148 1547833.250480472500044
11099130.204993516666148 1547833.549066410000000
11099130.204993516666148 1547833.847652347499956
11099130.204993516666148 1547834.146238284999912
11099130.204993516666148 1547834.444824222499868
11099130.204993516666148 1547834.743410159999824
11099130.204993516666148 1547835.041996097499780
11099130.204993516666148 1547835.340582034999736
11099130.204993516666148 1547835.639167972499692
11099130.204993516666148 1547835.937753909999648
11099130.503574245832685 1547830.861792972500396
11099130.503574245832685 1547831.160378910000352
11099130.503574245832685 1547831.458964847500308
11099130.503574245832685 1547831.757550785000264
11099130.503574245832685 1547832.056136722500220
11099130.503574245832685 1547832.354722660000176
11099130.503574245832685 1547832.653308597500132
11099130.503574245832685 1547832.951894535000088
11099130.503574245832685 1547833.250480472500044
11099130.503574245832685 1547833.549066410000000
11099130.503574245832685 1547833.847652347499956
11099130.503574245832685 1547834.146238284999912
11099130.503574245832685 1547834.444824222499868
11099130.503574245832685 1547834.743410159999824
11099130.503574245832685 1547835.041996097499780
11099130.503574245832685 1547835.340582034999736
11099130.503574245832685 1547835.639167972499692
11099130.503574245832685 1547835.937753909999648
11099130.802154974999222 1547830.861792972500396
11099130.802154974999222 1547831.160378910000352
11099130.802154974999222 1547831.458964847500308
11099130.802154974999222 1547831.757550785000264
11099130.802154974999222 1547832.056136722500220
11099130.802154974999222 1547832.354722660000176
11099130.802154974999222 1547832.653308597500132
11099130.802154974999222 1547832.951894535000088
11099130.802154974999222 1547833.250480472500044
11099130.802154974999222 1547833.549066410000000
11099130.802154974999222 1547833.847652347499956
11099130.802154974999222 1547834.146238284999912
11099130.802154974999222 1547834.444824222499868
11099130.802154974999222 1547834.743410159999824
11099130.802154974999222 1547835.041996097499780
11099130.802154974999222 1547835.340582034999736
11099130.802154974999222 1547835.639167972499692
11099130.802154974999222 1547835.937753909999648
11099131.100735704165759 1547830.861792972500396
11099131.100735704165759 1547831.160378910000352
11099131.100735704165759 1547831.458964847500308
11099131.100735704165759 1547831.757550785000264
11099131.100735704165759 1547832.056136722500220
11099131.100735704165759 1547832.354722660000176
11099131.100735704165759 1547832.653308597500132
11099131.100735704165759 1547832.951894535000088
11099131.100735704165759 1547833.250480472500044
11099131.100735704165759 1547833.549066410000000
11099131.100735704165759 1547833.847652347499956
11099131.100735704165759 1547834.146238284999912
11099131.100735704165759 1547834.444824222499868
11099131.100735704165759 1547834.743410159999824
11099131.100735704165759 1547835.041996097499780
11099131.100735704165759 1547835.340582034999736
11099131.100735704165759 1547835.639167972499692
11099131.100735704165759 1547835.937753909999648
11099131.399316433332296 1547830.861792972500396
11099131.399316433332296 1547831.160378910000352
11099131.399316433332296 1547831.458964847500308
11099131.399316433332296 1547831.757550785000264
11099131.399316433332296 1547832.056136722500220
11099131.399316433332296 1547832.354722660000176
11099131.399316433332296 1547832.653308597500132
11099131.399316433332296 1547832.951894535000088
11099131.399316433332296 1547833.250480472500044
11099131.399316433332296 1547833.549066410000000
11099131.399316433332296 1547833.847652347499956
11099131.399316433332296 1547834.146238284999912
11099131.399316433332296 1547834.444824222499868
11099131.399316433332296 1547834.743410159999824
11099131.399316433332296 1547835.041996097499780
11099131.399316433332296 1547835.340582034999736
11099131.399316433332296 1547835.639167972499692
11099131.399316433332296 1547835.937753909999648
