11099340.405826837501167 1547762.784199222500396
11099340.405826837501167 1547763.082785160000352
11099340.405826837501167 1547763.381371097500308
11099340.405826837501167 1547763.679957035000264
11099340.405826837501167 1547763.978542972500220
11099340.405826837501167 1547764.277128910000176
11099340.405826837501167 1547764.575714847500132
11099340.405826837501167 1547764.874300785000088
11099340.405826837501167 1547765.172886722500044
11099340.405826837501167 1547765.471472660000000
11099340.405826837501167 1547765.770058597499956
11099340.405826837501167 1547766.068644534999912
11099340.405826837501167 1547766.367230472499868
11099340.405826837501167 1547766.665816409999824
11099340.405826837501167 1547766.964402347499780
11099340.405826837501167 1547767.262988284999736
11099340.405826837501167 1547767.561574222499692
11099340.405826837501167 1547767.860160159999648
11099340.704407566667704 1547762.784199222500396
11099340.704407566667704 1547763.082785160000352
11099340.704407566667704 1547763.381371097500308
11099340.704407566667704 1547763.679957035000264
11099340.704407566667704 1547763.978542972500220
11099340.704407566667704 1547764.277128910000176
11099340.704407566667704 1547764.575714847500132
11099340.704407566667704 1547764.874300785000088
11099340.704407566667704 1547765.172886722500044
11099340.704407566667704 1547765.471472660000000
11099340.704407566667704 1547765.770058597499956
11099340.704407566667704 1547766.068644534999912
11099340.704407566667704 1547766.367230472499868
11099340.704407566667704 1547766.665816409999824
11099340.704407566667704 1547766.964402347499780
11099340.704407566667704 1547767.262988284999736
11099340.704407566667704 1547767.561574222499692
11099340.704407566667704 1547767.860160159999648
11099341.002988295834241 1547762.784199222500396
11099341.002988295834241 1547763.082785160000352
11099341.002988295834241 1547763.381371097500308
11099341.002988295834241 1547763.679957035000264
11099341.002988295834241 1547763.978542972500220
11099341.002988295834241 1547764.277128910000176
11099341.002988295834241 1547764.575714847500132
11099341.002988295834241 1547764.874300785000088
11099341.002988295834241 1547765.172886722500044
11099341.002988295834241 1547765.471472660000000
11099341.002988295834241 1547765.770058597499956
11099341.002988295834241 1547766.068644534999912
11099341.002988295834241 1547766.367230472499868
11099341.002988295834241 1547766.665816409999824
11099341.002988295834241 1547766.964402347499780
11099341.002988295834241 1547767.262988284999736
11099341.002988295834241 1547767.561574222499692
11099341.002988295834241 1547767.860160159999648
11099341.301569025000778 1547762.784199222500396
11099341.301569025000778 1547763.082785160000352
11099341.301569025000778 1547763.381371097500308
11099341.301569025000778 1547763.679957035000264
11099341.301569025000778 1547763.978542972500220
11099341.301569025000778 1547764.277128910000176
11099341.301569025000778 1547764.575714847500132
11099341.301569025000778 1547764.874300785000088
11099341.301569025000778 1547765.172886722500044
11099341.301569025000778 1547765.471472660000000
11099341.301569025000778 1547765.770058597499956
11099341.301569025000778 1547766.068644534999912
11099341.301569025000778 1547766.367230472499868
11099341.301569025000778 1547766.665816409999824
11099341.301569025000778 1547766.964402347499780
11099341.301569025000778 1547767.262988284999736
11099341.301569025000778 1547767.561574222499692
11099341.301569025000778 1547767.860160159999648
11099341.600149754167315 1547762.784199222500396
11099341.600149754167315 1547763.082785160000352
11099341.600149754167315 1547763.381371097500308
11099341.600149754167315 1547763.679957035000264
11099341.600149754167315 1547763.978542972500220
11099341.600149754167315 1547764.277128910000176
11099341.600149754167315 1547764.575714847500132
11099341.600149754167315 1547764.874300785000088
11099341.600149754167315 1547765.172886722500044
11099341.600149754167315 1547765.471472660000000
11099341.600149754167315 1547765.770058597499956
11099341.600149754167315 1547766.068644534999912
11099341.600149754167315 1547766.367230472499868
11099341.600149754167315 1547766.665816409999824
11099341.600149754167315 1547766.964402347499780
11099341.600149754167315 1547767.262988284999736
11099341.600149754167315 1547767.561574222499692
11099341.600149754167315 1547767.860160159999648
11099341.898730483333852 1547762.784199222500396
11099341.898730483333852 1547763.082785160000352
11099341.898730483333852 1547763.381371097500308
11099341.898730483333852 1547763.679957035000264
11099341.898730483333852 1547763.978542972500220
11099341.898730483333852 1547764.277128910000176
11099341.898730483333852 1547764.575714847500132
11099341.898730483333852 1547764.874300785000088
11099341.898730483333852 1547765.172886722500044
11099341.898730483333852 1547765.471472660000000
11099341.898730483333852 1547765.770058597499956
11099341.898730483333852 1547766.068644534999912
11099341.898730483333852 1547766.367230472499868
11099341.898730483333852 1547766.665816409999824
11099341.898730483333852 1547766.964402347499780
11099341.898730483333852 1547767.262988284999736
11099341.898730483333852 1547767.561574222499692
11099341.898730483333852 1547767.860160159999648
11099342.197311212500389 1547762.784199222500396
11099342.197311212500389 1547763.082785160000352
11099342.197311212500389 1547763.381371097500308
11099342.197311212500389 1547763.679957035000264
11099342.197311212500389 1547763.978542972500220
11099342.197311212500389 1547764.277128910000176
11099342.197311212500389 1547764.575714847500132
11099342.197311212500389 1547764.874300785000088
11099342.197311212500389 1547765.172886722500044
11099342.197311212500389 1547765.471472660000000
11099342.197311212500389 1547765.770058597499956
11099342.197311212500389 1547766.068644534999912
11099342.197311212500389 1547766.367230472499868
11099342.197311212500389 1547766.665816409999824
11099342.197311212500389 1547766.964402347499780
11099342.197311212500389 1547767.262988284999736
11099342.197311212500389 1547767.561574222499692
11099342.197311212500389 1547767.860160159999648
11099342.495891941666926 1547762.784199222500396
11099342.495891941666926 1547763.082785160000352
11099342.495891941666926 1547763.381371097500308
11099342.495891941666926 1547763.679957035000264
11099342.495891941666926 1547763.978542972500220
11099342.495891941666926 1547764.277128910000176
11099342.495891941666926 1547764.575714847500132
11099342.495891941666926 1547764.874300785000088
11099342.495891941666926 1547765.172886722500044
11099342.495891941666926 1547765.471472660000000
11099342.495891941666926 1547765.770058597499956
11099342.495891941666926 1547766.068644534999912
11099342.495891941666926 1547766.367230472499868
11099342.495891941666926 1547766.665816409999824
11099342.495891941666926 1547766.964402347499780
11099342.495891941666926 1547767.262988284999736
11099342.495891941666926 1547767.561574222499692
11099342.495891941666926 1547767.860160159999648
11099342.794472670833463 1547762.784199222500396
11099342.794472670833463 1547763.082785160000352
11099342.794472670833463 1547763.381371097500308
11099342.794472670833463 1547763.679957035000264
11099342.794472670833463 1547763.978542972500220
11099342.794472670833463 1547764.277128910000176
11099342.794472670833463 1547764.575714847500132
11099342.794472670833463 1547764.874300785000088
11099342.794472670833463 1547765.172886722500044
11099342.794472670833463 1547765.471472660000000
11099342.794472670833463 1547765.770058597499956
11099342.794472670833463 1547766.068644534999912
11099342.794472670833463 1547766.367230472499868
11099342.794472670833463 1547766.665816409999824
11099342.794472670833463 1547766.964402347499780
11099342.794472670833463 1547767.262988284999736
11099342.794472670833463 1547767.561574222499692
11099342.794472670833463 1547767.860160159999648
11099343.093053400000000 1547762.784199222500396
11099343.093053400000000 1547763.082785160000352
11099343.093053400000000 1547763.381371097500308
11099343.093053400000000 1547763.679957035000264
11099343.093053400000000 1547763.978542972500220
11099343.093053400000000 1547764.277128910000176
11099343.093053400000000 1547764.575714847500132
11099343.093053400000000 1547764.874300785000088
11099343.093053400000000 1547765.172886722500044
11099343.093053400000000 1547765.471472660000000
11099343.093053400000000 1547765.770058597499956
11099343.093053400000000 1547766.068644534999912
11099343.093053400000000 1547766.367230472499868
11099343.093053400000000 1547766.665816409999824
11099343.093053400000000 1547766.964402347499780
11099343.093053400000000 1547767.262988284999736
11099343.093053400000000 1547767.561574222499692
11099343.093053400000000 1547767.860160159999648
11099343.391634129166537 1547762.784199222500396
11099343.391634129166537 1547763.082785160000352
11099343.391634129166537 1547763.381371097500308
11099343.391634129166537 1547763.679957035000264
11099343.391634129166537 1547763.978542972500220
11099343.391634129166537 1547764.277128910000176
11099343.391634129166537 1547764.575714847500132
11099343.391634129166537 1547764.874300785000088
11099343.391634129166537 1547765.172886722500044
11099343.391634129166537 1547765.471472660000000
11099343.391634129166537 1547765.770058597499956
11099343.391634129166537 1547766.068644534999912
11099343.391634129166537 1547766.367230472499868
11099343.391634129166537 1547766.665816409999824
11099343.391634129166537 1547766.964402347499780
11099343.391634129166537 1547767.262988284999736
11099343.391634129166537 1547767.561574222499692
11099343.391634129166537 1547767.860160159999648
11099343.690214858333074 1547762.784199222500396
11099343.690214858333074 1547763.082785160000352
11099343.690214858333074 1547763.381371097500308
11099343.690214858333074 1547763.679957035000264
11099343.690214858333074 1547763.978542972500220
11099343.690214858333074 1547764.277128910000176
11099343.690214858333074 1547764.575714847500132
11099343.690214858333074 1547764.874300785000088
11099343.690214858333074 1547765.172886722500044
11099343.690214858333074 1547765.471472660000000
11099343.690214858333074 1547765.770058597499956
11099343.690214858333074 1547766.068644534999912
11099343.690214858333074 1547766.367230472499868
11099343.690214858333074 1547766.665816409999824
11099343.690214858333074 1547766.964402347499780
11099343.690214858333074 1547767.262988284999736
11099343.690214858333074 1547767.561574222499692
11099343.690214858333074 1547767.860160159999648
11099343.988795587499611 1547762.784199222500396
11099343.988795587499611 1547763.082785160000352
11099343.988795587499611 1547763.381371097500308
11099343.988795587499611 1547763.679957035000264
11099343.988795587499611 1547763.978542972500220
11099343.988795587499611 1547764.277128910000176
11099343.988795587499611 1547764.575714847500132
11099343.988795587499611 1547764.874300785000088
11099343.988795587499611 1547765.172886722500044
11099343.988795587499611 1547765.471472660000000
11099343.988795587499611 1547765.770058597499956
11099343.988795587499611 1547766.068644534999912
11099343.988795587499611 1547766.367230472499868
11099343.988795587499611 1547766.665816409999824
11099343.988795587499611 1547766.964402347499780
11099343.988795587499611 1547767.262988284999736
11099343.988795587499611 1547767.561574222499692
11099343.988795587499611 1547767.860160159999648
11099344.287376316666148 1547762.784199222500396
11099344.287376316666148 1547763.082785160000352
11099344.287376316666148 1547763.381371097500308
11099344.287376316666148 1547763.679957035000264
11099344.287376316666148 1547763.978542972500220
11099344.287376316666148 1547764.277128910000176
11099344.287376316666148 1547764.575714847500132
11099344.287376316666148 1547764.874300785000088
11099344.287376316666148 1547765.172886722500044
11099344.287376316666148 1547765.471472660000000
11099344.287376316666148 1547765.770058597499956
11099344.287376316666148 1547766.068644534999912
11099344.287376316666148 1547766.367230472499868
11099344.287376316666148 1547766.665816409999824
11099344.287376316666148 1547766.964402347499780
11099344.287376316666148 1547767.262988284999736
11099344.287376316666148 1547767.561574222499692
11099344.287376316666148 1547767.860160159999648
11099344.585957045832685 1547762.784199222500396
11099344.585957045832685 1547763.082785160000352
11099344.585957045832685 1547763.381371097500308
11099344.585957045832685 1547763.679957035000264
11099344.585957045832685 1547763.978542972500220
11099344.585957045832685 1547764.277128910000176
11099344.585957045832685 1547764.575714847500132
11099344.585957045832685 1547764.874300785000088
11099344.585957045832685 1547765.172886722500044
11099344.585957045832685 1547765.471472660000000
11099344.585957045832685 1547765.770058597499956
11099344.585957045832685 1547766.068644534999912
11099344.585957045832685 1547766.367230472499868
11099344.585957045832685 1547766.665816409999824
11099344.585957045832685 1547766.964402347499780
11099344.585957045832685 1547767.262988284999736
11099344.585957045832685 1547767.561574222499692
11099344.585957045832685 1547767.860160159999648
11099344.884537774999222 1547762.784199222500396
11099344.884537774999222 1547763.082785160000352
11099344.884537774999222 1547763.381371097500308
11099344.884537774999222 1547763.679957035000264
11099344.884537774999222 1547763.978542972500220
11099344.884537774999222 1547764.277128910000176
11099344.884537774999222 1547764.575714847500132
11099344.884537774999222 1547764.874300785000088
11099344.884537774999222 1547765.172886722500044
11099344.884537774999222 1547765.471472660000000
11099344.884537774999222 1547765.770058597499956
11099344.884537774999222 1547766.068644534999912
11099344.884537774999222 1547766.367230472499868
11099344.884537774999222 1547766.665816409999824
11099344.884537774999222 1547766.964402347499780
11099344.884537774999222 1547767.262988284999736
11099344.884537774999222 1547767.561574222499692
11099344.884537774999222 1547767.860160159999648
11099345.183118504165759 1547762.784199222500396
11099345.183118504165759 1547763.082785160000352
11099345.183118504165759 1547763.381371097500308
11099345.183118504165759 1547763.679957035000264
11099345.183118504165759 1547763.978542972500220
11099345.183118504165759 1547764.277128910000176
11099345.183118504165759 1547764.575714847500132
11099345.183118504165759 1547764.874300785000088
11099345.183118504165759 1547765.172886722500044
11099345.183118504165759 1547765.471472660000000
11099345.183118504165759 1547765.770058597499956
11099345.183118504165759 1547766.068644534999912
11099345.183118504165759 1547766.367230472499868
11099345.183118504165759 1547766.665816409999824
11099345.183118504165759 1547766.964402347499780
11099345.183118504165759 1547767.262988284999736
11099345.183118504165759 1547767.561574222499692
11099345.183118504165759 1547767.860160159999648
11099345.481699233332296 1547762.784199222500396
11099345.481699233332296 1547763.082785160000352
11099345.481699233332296 1547763.381371097500308
11099345.481699233332296 1547763.679957035000264
11099345.481699233332296 1547763.978542972500220
11099345.481699233332296 1547764.277128910000176
11099345.481699233332296 1547764.575714847500132
11099345.481699233332296 1547764.874300785000088
11099345.481699233332296 1547765.172886722500044
11099345.481699233332296 1547765.471472660000000
11099345.481699233332296 1547765.770058597499956
11099345.481699233332296 1547766.068644534999912
11099345.481699233332296 1547766.367230472499868
11099345.481699233332296 1547766.665816409999824
11099345.481699233332296 1547766.964402347499780
11099345.481699233332296 1547767.262988284999736
11099345.481699233332296 1547767.561574222499692
11099345.481699233332296 1547767.860160159999648
