11099379.221321637501167 1547552.579699222500396
11099379.221321637501167 1547552.878285160000352
11099379.221321637501167 1547553.176871097500308
11099379.221321637501167 1547553.475457035000264
11099379.221321637501167 1547553.774042972500220
11099379.221321637501167 1547554.072628910000176
11099379.221321637501167 1547554.371214847500132
11099379.221321637501167 1547554.669800785000088
11099379.221321637501167 1547554.968386722500044
11099379.221321637501167 1547555.266972660000000
11099379.221321637501167 1547555.565558597499956
11099379.221321637501167 1547555.864144534999912
11099379.221321637501167 1547556.162730472499868
11099379.221321637501167 1547556.461316409999824
11099379.221321637501167 1547556.759902347499780
11099379.221321637501167 1547557.058488284999736
11099379.221321637501167 1547557.357074222499692
11099379.221321637501167 1547557.655660159999648
11099379.519902366667704 1547552.579699222500396
11099379.519902366667704 1547552.878285160000352
11099379.519902366667704 1547553.176871097500308
11099379.519902366667704 1547553.475457035000264
11099379.519902366667704 1547553.774042972500220
11099379.519902366667704 1547554.072628910000176
11099379.519902366667704 1547554.371214847500132
11099379.519902366667704 1547554.669800785000088
11099379.519902366667704 1547554.968386722500044
11099379.519902366667704 1547555.266972660000000
11099379.519902366667704 1547555.565558597499956
11099379.519902366667704 1547555.864144534999912
11099379.519902366667704 1547556.162730472499868
11099379.519902366667704 1547556.461316409999824
11099379.519902366667704 1547556.759902347499780
11099379.519902366667704 1547557.058488284999736
11099379.519902366667704 1547557.357074222499692
11099379.519902366667704 1547557.655660159999648
11099379.818483095834241 1547552.579699222500396
11099379.818483095834241 1547552.878285160000352
11099379.818483095834241 1547553.176871097500308
11099379.818483095834241 1547553.475457035000264
11099379.818483095834241 1547553.774042972500220
11099379.818483095834241 1547554.072628910000176
11099379.818483095834241 1547554.371214847500132
11099379.818483095834241 1547554.669800785000088
11099379.818483095834241 1547554.968386722500044
11099379.818483095834241 1547555.266972660000000
11099379.818483095834241 1547555.565558597499956
11099379.818483095834241 1547555.864144534999912
11099379.818483095834241 1547556.162730472499868
11099379.818483095834241 1547556.461316409999824
11099379.818483095834241 1547556.759902347499780
11099379.818483095834241 1547557.058488284999736
11099379.818483095834241 1547557.357074222499692
11099379.818483095834241 1547557.655660159999648
11099380.117063825000778 1547552.579699222500396
11099380.117063825000778 1547552.878285160000352
11099380.117063825000778 1547553.176871097500308
11099380.117063825000778 1547553.475457035000264
11099380.117063825000778 1547553.774042972500220
11099380.117063825000778 1547554.072628910000176
11099380.117063825000778 1547554.371214847500132
11099380.117063825000778 1547554.669800785000088
11099380.117063825000778 1547554.968386722500044
11099380.117063825000778 1547555.266972660000000
11099380.117063825000778 1547555.565558597499956
11099380.117063825000778 1547555.864144534999912
11099380.117063825000778 1547556.162730472499868
11099380.117063825000778 1547556.461316409999824
11099380.117063825000778 1547556.759902347499780
11099380.117063825000778 1547557.058488284999736
11099380.117063825000778 1547557.357074222499692
11099380.117063825000778 1547557.655660159999648
11099380.415644554167315 1547552.579699222500396
11099380.415644554167315 1547552.878285160000352
11099380.415644554167315 1547553.176871097500308
11099380.415644554167315 1547553.475457035000264
11099380.415644554167315 1547553.774042972500220
11099380.415644554167315 1547554.072628910000176
11099380.415644554167315 1547554.371214847500132
11099380.415644554167315 1547554.669800785000088
11099380.415644554167315 1547554.968386722500044
11099380.415644554167315 1547555.266972660000000
11099380.415644554167315 1547555.565558597499956
11099380.415644554167315 1547555.864144534999912
11099380.415644554167315 1547556.162730472499868
11099380.415644554167315 1547556.461316409999824
11099380.415644554167315 1547556.759902347499780
11099380.415644554167315 1547557.058488284999736
11099380.415644554167315 1547557.357074222499692
11099380.415644554167315 1547557.655660159999648
11099380.714225283333852 1547552.579699222500396
11099380.714225283333852 1547552.878285160000352
11099380.714225283333852 1547553.176871097500308
11099380.714225283333852 1547553.475457035000264
11099380.714225283333852 1547553.774042972500220
11099380.714225283333852 1547554.072628910000176
11099380.714225283333852 1547554.371214847500132
11099380.714225283333852 1547554.669800785000088
11099380.714225283333852 1547554.968386722500044
11099380.714225283333852 1547555.266972660000000
11099380.714225283333852 1547555.565558597499956
11099380.714225283333852 1547555.864144534999912
11099380.714225283333852 1547556.162730472499868
11099380.714225283333852 1547556.461316409999824
11099380.714225283333852 1547556.759902347499780
11099380.714225283333852 1547557.058488284999736
11099380.714225283333852 1547557.357074222499692
11099380.714225283333852 1547557.655660159999648
11099381.012806012500389 1547552.579699222500396
11099381.012806012500389 1547552.878285160000352
11099381.012806012500389 1547553.176871097500308
11099381.012806012500389 1547553.475457035000264
11099381.012806012500389 1547553.774042972500220
11099381.012806012500389 1547554.072628910000176
11099381.012806012500389 1547554.371214847500132
11099381.012806012500389 1547554.669800785000088
11099381.012806012500389 1547554.968386722500044
11099381.012806012500389 1547555.266972660000000
11099381.012806012500389 1547555.565558597499956
11099381.012806012500389 1547555.864144534999912
11099381.012806012500389 1547556.162730472499868
11099381.012806012500389 1547556.461316409999824
11099381.012806012500389 1547556.759902347499780
11099381.012806012500389 1547557.058488284999736
11099381.012806012500389 1547557.357074222499692
11099381.012806012500389 1547557.655660159999648
11099381.311386741666926 1547552.579699222500396
11099381.311386741666926 1547552.878285160000352
11099381.311386741666926 1547553.176871097500308
11099381.311386741666926 1547553.475457035000264
11099381.311386741666926 1547553.774042972500220
11099381.311386741666926 1547554.072628910000176
11099381.311386741666926 1547554.371214847500132
11099381.311386741666926 1547554.669800785000088
11099381.311386741666926 1547554.968386722500044
11099381.311386741666926 1547555.266972660000000
11099381.311386741666926 1547555.565558597499956
11099381.311386741666926 1547555.864144534999912
11099381.311386741666926 1547556.162730472499868
11099381.311386741666926 1547556.461316409999824
11099381.311386741666926 1547556.759902347499780
11099381.311386741666926 1547557.058488284999736
11099381.311386741666926 1547557.357074222499692
11099381.311386741666926 1547557.655660159999648
11099381.609967470833463 1547552.579699222500396
11099381.609967470833463 1547552.878285160000352
11099381.609967470833463 1547553.176871097500308
11099381.609967470833463 1547553.475457035000264
11099381.609967470833463 1547553.774042972500220
11099381.609967470833463 1547554.072628910000176
11099381.609967470833463 1547554.371214847500132
11099381.609967470833463 1547554.669800785000088
11099381.609967470833463 1547554.968386722500044
11099381.609967470833463 1547555.266972660000000
11099381.609967470833463 1547555.565558597499956
11099381.609967470833463 1547555.864144534999912
11099381.609967470833463 1547556.162730472499868
11099381.609967470833463 1547556.461316409999824
11099381.609967470833463 1547556.759902347499780
11099381.609967470833463 1547557.058488284999736
11099381.609967470833463 1547557.357074222499692
11099381.609967470833463 1547557.655660159999648
11099381.908548200000000 1547552.579699222500396
11099381.908548200000000 1547552.878285160000352
11099381.908548200000000 1547553.176871097500308
11099381.908548200000000 1547553.475457035000264
11099381.908548200000000 1547553.774042972500220
11099381.908548200000000 1547554.072628910000176
11099381.908548200000000 1547554.371214847500132
11099381.908548200000000 1547554.669800785000088
11099381.908548200000000 1547554.968386722500044
11099381.908548200000000 1547555.266972660000000
11099381.908548200000000 1547555.565558597499956
11099381.908548200000000 1547555.864144534999912
11099381.908548200000000 1547556.162730472499868
11099381.908548200000000 1547556.461316409999824
11099381.908548200000000 1547556.759902347499780
11099381.908548200000000 1547557.058488284999736
11099381.908548200000000 1547557.357074222499692
11099381.908548200000000 1547557.655660159999648
11099382.207128929166537 1547552.579699222500396
11099382.207128929166537 1547552.878285160000352
11099382.207128929166537 1547553.176871097500308
11099382.207128929166537 1547553.475457035000264
11099382.207128929166537 1547553.774042972500220
11099382.207128929166537 1547554.072628910000176
11099382.207128929166537 1547554.371214847500132
11099382.207128929166537 1547554.669800785000088
11099382.207128929166537 1547554.968386722500044
11099382.207128929166537 1547555.266972660000000
11099382.207128929166537 1547555.565558597499956
11099382.207128929166537 1547555.864144534999912
11099382.207128929166537 1547556.162730472499868
11099382.207128929166537 1547556.461316409999824
11099382.207128929166537 1547556.759902347499780
11099382.207128929166537 1547557.058488284999736
11099382.207128929166537 1547557.357074222499692
11099382.207128929166537 1547557.655660159999648
11099382.505709658333074 1547552.579699222500396
11099382.505709658333074 1547552.878285160000352
11099382.505709658333074 1547553.176871097500308
11099382.505709658333074 1547553.475457035000264
11099382.505709658333074 1547553.774042972500220
11099382.505709658333074 1547554.072628910000176
11099382.505709658333074 1547554.371214847500132
11099382.505709658333074 1547554.669800785000088
11099382.505709658333074 1547554.968386722500044
11099382.505709658333074 1547555.266972660000000
11099382.505709658333074 1547555.565558597499956
11099382.505709658333074 1547555.864144534999912
11099382.505709658333074 1547556.162730472499868
11099382.505709658333074 1547556.461316409999824
11099382.505709658333074 1547556.759902347499780
11099382.505709658333074 1547557.058488284999736
11099382.505709658333074 1547557.357074222499692
11099382.505709658333074 1547557.655660159999648
11099382.804290387499611 1547552.579699222500396
11099382.804290387499611 1547552.878285160000352
11099382.804290387499611 1547553.176871097500308
11099382.804290387499611 1547553.475457035000264
11099382.804290387499611 1547553.774042972500220
11099382.804290387499611 1547554.072628910000176
11099382.804290387499611 1547554.371214847500132
11099382.804290387499611 1547554.669800785000088
11099382.804290387499611 1547554.968386722500044
11099382.804290387499611 1547555.266972660000000
11099382.804290387499611 1547555.565558597499956
11099382.804290387499611 1547555.864144534999912
11099382.804290387499611 1547556.162730472499868
11099382.804290387499611 1547556.461316409999824
11099382.804290387499611 1547556.759902347499780
11099382.804290387499611 1547557.058488284999736
11099382.804290387499611 1547557.357074222499692
11099382.804290387499611 1547557.655660159999648
11099383.102871116666148 1547552.579699222500396
11099383.102871116666148 1547552.878285160000352
11099383.102871116666148 1547553.176871097500308
11099383.102871116666148 1547553.475457035000264
11099383.102871116666148 1547553.774042972500220
11099383.102871116666148 1547554.072628910000176
11099383.102871116666148 1547554.371214847500132
11099383.102871116666148 1547554.669800785000088
11099383.102871116666148 1547554.968386722500044
11099383.102871116666148 1547555.266972660000000
11099383.102871116666148 1547555.565558597499956
11099383.102871116666148 1547555.864144534999912
11099383.102871116666148 1547556.162730472499868
11099383.102871116666148 1547556.461316409999824
11099383.102871116666148 1547556.759902347499780
11099383.102871116666148 1547557.058488284999736
11099383.102871116666148 1547557.357074222499692
11099383.102871116666148 1547557.655660159999648
11099383.401451845832685 1547552.579699222500396
11099383.401451845832685 1547552.878285160000352
11099383.401451845832685 1547553.176871097500308
11099383.401451845832685 1547553.475457035000264
11099383.401451845832685 1547553.774042972500220
11099383.401451845832685 1547554.072628910000176
11099383.401451845832685 1547554.371214847500132
11099383.401451845832685 1547554.669800785000088
11099383.401451845832685 1547554.968386722500044
11099383.401451845832685 1547555.266972660000000
11099383.401451845832685 1547555.565558597499956
11099383.401451845832685 1547555.864144534999912
11099383.401451845832685 1547556.162730472499868
11099383.401451845832685 1547556.461316409999824
11099383.401451845832685 1547556.759902347499780
11099383.401451845832685 1547557.058488284999736
11099383.401451845832685 1547557.357074222499692
11099383.401451845832685 1547557.655660159999648
11099383.700032574999222 1547552.579699222500396
11099383.700032574999222 1547552.878285160000352
11099383.700032574999222 1547553.176871097500308
11099383.700032574999222 1547553.475457035000264
11099383.700032574999222 1547553.774042972500220
11099383.700032574999222 1547554.072628910000176
11099383.700032574999222 1547554.371214847500132
11099383.700032574999222 1547554.669800785000088
11099383.700032574999222 1547554.968386722500044
11099383.700032574999222 1547555.266972660000000
11099383.700032574999222 1547555.565558597499956
11099383.700032574999222 1547555.864144534999912
11099383.700032574999222 1547556.162730472499868
11099383.700032574999222 1547556.461316409999824
11099383.700032574999222 1547556.759902347499780
11099383.700032574999222 1547557.058488284999736
11099383.700032574999222 1547557.357074222499692
11099383.700032574999222 1547557.655660159999648
11099383.998613304165759 1547552.579699222500396
11099383.998613304165759 1547552.878285160000352
11099383.998613304165759 1547553.176871097500308
11099383.998613304165759 1547553.475457035000264
11099383.998613304165759 1547553.774042972500220
11099383.998613304165759 1547554.072628910000176
11099383.998613304165759 1547554.371214847500132
11099383.998613304165759 1547554.669800785000088
11099383.998613304165759 1547554.968386722500044
11099383.998613304165759 1547555.266972660000000
11099383.998613304165759 1547555.565558597499956
11099383.998613304165759 1547555.864144534999912
11099383.998613304165759 1547556.162730472499868
11099383.998613304165759 1547556.461316409999824
11099383.998613304165759 1547556.759902347499780
11099383.998613304165759 1547557.058488284999736
11099383.998613304165759 1547557.357074222499692
11099383.998613304165759 1547557.655660159999648
11099384.297194033332296 1547552.579699222500396
11099384.297194033332296 1547552.878285160000352
11099384.297194033332296 1547553.176871097500308
11099384.297194033332296 1547553.475457035000264
11099384.297194033332296 1547553.774042972500220
11099384.297194033332296 1547554.072628910000176
11099384.297194033332296 1547554.371214847500132
11099384.297194033332296 1547554.669800785000088
11099384.297194033332296 1547554.968386722500044
11099384.297194033332296 1547555.266972660000000
11099384.297194033332296 1547555.565558597499956
11099384.297194033332296 1547555.864144534999912
11099384.297194033332296 1547556.162730472499868
11099384.297194033332296 1547556.461316409999824
11099384.297194033332296 1547556.759902347499780
11099384.297194033332296 1547557.058488284999736
11099384.297194033332296 1547557.357074222499692
11099384.297194033332296 1547557.655660159999648
