11099309.353431037501167 1547554.072628902500396
11099309.353431037501167 1547554.371214840000352
11099309.353431037501167 1547554.669800777500308
11099309.353431037501167 1547554.968386715000264
11099309.353431037501167 1547555.266972652500220
11099309.353431037501167 1547555.565558590000176
11099309.353431037501167 1547555.864144527500132
11099309.353431037501167 1547556.162730465000088
11099309.353431037501167 1547556.461316402500044
11099309.353431037501167 1547556.759902340000000
11099309.353431037501167 1547557.058488277499956
11099309.353431037501167 1547557.357074214999912
11099309.353431037501167 1547557.655660152499868
11099309.353431037501167 1547557.954246089999824
11099309.353431037501167 1547558.252832027499780
11099309.353431037501167 1547558.551417964999736
11099309.353431037501167 1547558.850003902499692
11099309.353431037501167 1547559.148589839999648
11099309.652011766667704 1547554.072628902500396
11099309.652011766667704 1547554.371214840000352
11099309.652011766667704 1547554.669800777500308
11099309.652011766667704 1547554.968386715000264
11099309.652011766667704 1547555.266972652500220
11099309.652011766667704 1547555.565558590000176
11099309.652011766667704 1547555.864144527500132
11099309.652011766667704 1547556.162730465000088
11099309.652011766667704 1547556.461316402500044
11099309.652011766667704 1547556.759902340000000
11099309.652011766667704 1547557.058488277499956
11099309.652011766667704 1547557.357074214999912
11099309.652011766667704 1547557.655660152499868
11099309.652011766667704 1547557.954246089999824
11099309.652011766667704 1547558.252832027499780
11099309.652011766667704 1547558.551417964999736
11099309.652011766667704 1547558.850003902499692
11099309.652011766667704 1547559.148589839999648
11099309.950592495834241 1547554.072628902500396
11099309.950592495834241 1547554.371214840000352
11099309.950592495834241 1547554.669800777500308
11099309.950592495834241 1547554.968386715000264
11099309.950592495834241 1547555.266972652500220
11099309.950592495834241 1547555.565558590000176
11099309.950592495834241 1547555.864144527500132
11099309.950592495834241 1547556.162730465000088
11099309.950592495834241 1547556.461316402500044
11099309.950592495834241 1547556.759902340000000
11099309.950592495834241 1547557.058488277499956
11099309.950592495834241 1547557.357074214999912
11099309.950592495834241 1547557.655660152499868
11099309.950592495834241 1547557.954246089999824
11099309.950592495834241 1547558.252832027499780
11099309.950592495834241 1547558.551417964999736
11099309.950592495834241 1547558.850003902499692
11099309.950592495834241 1547559.148589839999648
11099310.249173225000778 1547554.072628902500396
11099310.249173225000778 1547554.371214840000352
11099310.249173225000778 1547554.669800777500308
11099310.249173225000778 1547554.968386715000264
11099310.249173225000778 1547555.266972652500220
11099310.249173225000778 1547555.565558590000176
11099310.249173225000778 1547555.864144527500132
11099310.249173225000778 1547556.162730465000088
11099310.249173225000778 1547556.461316402500044
11099310.249173225000778 1547556.759902340000000
11099310.249173225000778 1547557.058488277499956
11099310.249173225000778 1547557.357074214999912
11099310.249173225000778 1547557.655660152499868
11099310.249173225000778 1547557.954246089999824
11099310.249173225000778 1547558.252832027499780
11099310.249173225000778 1547558.551417964999736
11099310.249173225000778 1547558.850003902499692
11099310.249173225000778 1547559.148589839999648
11099310.547753954167315 1547554.072628902500396
11099310.547753954167315 1547554.371214840000352
11099310.547753954167315 1547554.669800777500308
11099310.547753954167315 1547554.968386715000264
11099310.547753954167315 1547555.266972652500220
11099310.547753954167315 1547555.565558590000176
11099310.547753954167315 1547555.864144527500132
11099310.547753954167315 1547556.162730465000088
11099310.547753954167315 1547556.461316402500044
11099310.547753954167315 1547556.759902340000000
11099310.547753954167315 1547557.058488277499956
11099310.547753954167315 1547557.357074214999912
11099310.547753954167315 1547557.655660152499868
11099310.547753954167315 1547557.954246089999824
11099310.547753954167315 1547558.252832027499780
11099310.547753954167315 1547558.551417964999736
11099310.547753954167315 1547558.850003902499692
11099310.547753954167315 1547559.148589839999648
11099310.846334683333852 1547554.072628902500396
11099310.846334683333852 1547554.371214840000352
11099310.846334683333852 1547554.669800777500308
11099310.846334683333852 1547554.968386715000264
11099310.846334683333852 1547555.266972652500220
11099310.846334683333852 1547555.565558590000176
11099310.846334683333852 1547555.864144527500132
11099310.846334683333852 1547556.162730465000088
11099310.846334683333852 1547556.461316402500044
11099310.846334683333852 1547556.759902340000000
11099310.846334683333852 1547557.058488277499956
11099310.846334683333852 1547557.357074214999912
11099310.846334683333852 1547557.655660152499868
11099310.846334683333852 1547557.954246089999824
11099310.846334683333852 1547558.252832027499780
11099310.846334683333852 1547558.551417964999736
11099310.846334683333852 1547558.850003902499692
11099310.846334683333852 1547559.148589839999648
11099311.144915412500389 1547554.072628902500396
11099311.144915412500389 1547554.371214840000352
11099311.144915412500389 1547554.669800777500308
11099311.144915412500389 1547554.968386715000264
11099311.144915412500389 1547555.266972652500220
11099311.144915412500389 1547555.565558590000176
11099311.144915412500389 1547555.864144527500132
11099311.144915412500389 1547556.162730465000088
11099311.144915412500389 1547556.461316402500044
11099311.144915412500389 1547556.759902340000000
11099311.144915412500389 1547557.058488277499956
11099311.144915412500389 1547557.357074214999912
11099311.144915412500389 1547557.655660152499868
11099311.144915412500389 1547557.954246089999824
11099311.144915412500389 1547558.252832027499780
11099311.144915412500389 1547558.551417964999736
11099311.144915412500389 1547558.850003902499692
11099311.144915412500389 1547559.148589839999648
11099311.443496141666926 1547554.072628902500396
11099311.443496141666926 1547554.371214840000352
11099311.443496141666926 1547554.669800777500308
11099311.443496141666926 1547554.968386715000264
11099311.443496141666926 1547555.266972652500220
11099311.443496141666926 1547555.565558590000176
11099311.443496141666926 1547555.864144527500132
11099311.443496141666926 1547556.162730465000088
11099311.443496141666926 1547556.461316402500044
11099311.443496141666926 1547556.759902340000000
11099311.443496141666926 1547557.058488277499956
11099311.443496141666926 1547557.357074214999912
11099311.443496141666926 1547557.655660152499868
11099311.443496141666926 1547557.954246089999824
11099311.443496141666926 1547558.252832027499780
11099311.443496141666926 1547558.551417964999736
11099311.443496141666926 1547558.850003902499692
11099311.443496141666926 1547559.148589839999648
11099311.742076870833463 1547554.072628902500396
11099311.742076870833463 1547554.371214840000352
11099311.742076870833463 1547554.669800777500308
11099311.742076870833463 1547554.968386715000264
11099311.742076870833463 1547555.266972652500220
11099311.742076870833463 1547555.565558590000176
11099311.742076870833463 1547555.864144527500132
11099311.742076870833463 1547556.162730465000088
11099311.742076870833463 1547556.461316402500044
11099311.742076870833463 1547556.759902340000000
11099311.742076870833463 1547557.058488277499956
11099311.742076870833463 1547557.357074214999912
11099311.742076870833463 1547557.655660152499868
11099311.742076870833463 1547557.954246089999824
11099311.742076870833463 1547558.252832027499780
11099311.742076870833463 1547558.551417964999736
11099311.742076870833463 1547558.850003902499692
11099311.742076870833463 1547559.148589839999648
11099312.040657600000000 1547554.072628902500396
11099312.040657600000000 1547554.371214840000352
11099312.040657600000000 1547554.669800777500308
11099312.040657600000000 1547554.968386715000264
11099312.040657600000000 1547555.266972652500220
11099312.040657600000000 1547555.565558590000176
11099312.040657600000000 1547555.864144527500132
11099312.040657600000000 1547556.162730465000088
11099312.040657600000000 1547556.461316402500044
11099312.040657600000000 1547556.759902340000000
11099312.040657600000000 1547557.058488277499956
11099312.040657600000000 1547557.357074214999912
11099312.040657600000000 1547557.655660152499868
11099312.040657600000000 1547557.954246089999824
11099312.040657600000000 1547558.252832027499780
11099312.040657600000000 1547558.551417964999736
11099312.040657600000000 1547558.850003902499692
11099312.040657600000000 1547559.148589839999648
11099312.339238329166537 1547554.072628902500396
11099312.339238329166537 1547554.371214840000352
11099312.339238329166537 1547554.669800777500308
11099312.339238329166537 1547554.968386715000264
11099312.339238329166537 1547555.266972652500220
11099312.339238329166537 1547555.565558590000176
11099312.339238329166537 1547555.864144527500132
11099312.339238329166537 1547556.162730465000088
11099312.339238329166537 1547556.461316402500044
11099312.339238329166537 1547556.759902340000000
11099312.339238329166537 1547557.058488277499956
11099312.339238329166537 1547557.357074214999912
11099312.339238329166537 1547557.655660152499868
11099312.339238329166537 1547557.954246089999824
11099312.339238329166537 1547558.252832027499780
11099312.339238329166537 1547558.551417964999736
11099312.339238329166537 1547558.850003902499692
11099312.339238329166537 1547559.148589839999648
11099312.637819058333074 1547554.072628902500396
11099312.637819058333074 1547554.371214840000352
11099312.637819058333074 1547554.669800777500308
11099312.637819058333074 1547554.968386715000264
11099312.637819058333074 1547555.266972652500220
11099312.637819058333074 1547555.565558590000176
11099312.637819058333074 1547555.864144527500132
11099312.637819058333074 1547556.162730465000088
11099312.637819058333074 1547556.461316402500044
11099312.637819058333074 1547556.759902340000000
11099312.637819058333074 1547557.058488277499956
11099312.637819058333074 1547557.357074214999912
11099312.637819058333074 1547557.655660152499868
11099312.637819058333074 1547557.954246089999824
11099312.637819058333074 1547558.252832027499780
11099312.637819058333074 1547558.551417964999736
11099312.637819058333074 1547558.850003902499692
11099312.637819058333074 1547559.148589839999648
11099312.936399787499611 1547554.072628902500396
11099312.936399787499611 1547554.371214840000352
11099312.936399787499611 1547554.669800777500308
11099312.936399787499611 1547554.968386715000264
11099312.936399787499611 1547555.266972652500220
11099312.936399787499611 1547555.565558590000176
11099312.936399787499611 1547555.864144527500132
11099312.936399787499611 1547556.162730465000088
11099312.936399787499611 1547556.461316402500044
11099312.936399787499611 1547556.759902340000000
11099312.936399787499611 1547557.058488277499956
11099312.936399787499611 1547557.357074214999912
11099312.936399787499611 1547557.655660152499868
11099312.936399787499611 1547557.954246089999824
11099312.936399787499611 1547558.252832027499780
11099312.936399787499611 1547558.551417964999736
11099312.936399787499611 1547558.850003902499692
11099312.936399787499611 1547559.148589839999648
11099313.234980516666148 1547554.072628902500396
11099313.234980516666148 1547554.371214840000352
11099313.234980516666148 1547554.669800777500308
11099313.234980516666148 1547554.968386715000264
11099313.234980516666148 1547555.266972652500220
11099313.234980516666148 1547555.565558590000176
11099313.234980516666148 1547555.864144527500132
11099313.234980516666148 1547556.162730465000088
11099313.234980516666148 1547556.461316402500044
11099313.234980516666148 1547556.759902340000000
11099313.234980516666148 1547557.058488277499956
11099313.234980516666148 1547557.357074214999912
11099313.234980516666148 1547557.655660152499868
11099313.234980516666148 1547557.954246089999824
11099313.234980516666148 1547558.252832027499780
11099313.234980516666148 1547558.551417964999736
11099313.234980516666148 1547558.850003902499692
11099313.234980516666148 1547559.148589839999648
11099313.533561245832685 1547554.072628902500396
11099313.533561245832685 1547554.371214840000352
11099313.533561245832685 1547554.669800777500308
11099313.533561245832685 1547554.968386715000264
11099313.533561245832685 1547555.266972652500220
11099313.533561245832685 1547555.565558590000176
11099313.533561245832685 1547555.864144527500132
11099313.533561245832685 1547556.162730465000088
11099313.533561245832685 1547556.461316402500044
11099313.533561245832685 1547556.759902340000000
11099313.533561245832685 1547557.058488277499956
11099313.533561245832685 1547557.357074214999912
11099313.533561245832685 1547557.655660152499868
11099313.533561245832685 1547557.954246089999824
11099313.533561245832685 1547558.252832027499780
11099313.533561245832685 1547558.551417964999736
11099313.533561245832685 1547558.850003902499692
11099313.533561245832685 1547559.148589839999648
11099313.832141974999222 1547554.072628902500396
11099313.832141974999222 1547554.371214840000352
11099313.832141974999222 1547554.669800777500308
11099313.832141974999222 1547554.968386715000264
11099313.832141974999222 1547555.266972652500220
11099313.832141974999222 1547555.565558590000176
11099313.832141974999222 1547555.864144527500132
11099313.832141974999222 1547556.162730465000088
11099313.832141974999222 1547556.461316402500044
11099313.832141974999222 1547556.759902340000000
11099313.832141974999222 1547557.058488277499956
11099313.832141974999222 1547557.357074214999912
11099313.832141974999222 1547557.655660152499868
11099313.832141974999222 1547557.954246089999824
11099313.832141974999222 1547558.252832027499780
11099313.832141974999222 1547558.551417964999736
11099313.832141974999222 1547558.850003902499692
11099313.832141974999222 1547559.148589839999648
11099314.130722704165759 1547554.072628902500396
11099314.130722704165759 1547554.371214840000352
11099314.130722704165759 1547554.669800777500308
11099314.130722704165759 1547554.968386715000264
11099314.130722704165759 1547555.266972652500220
11099314.130722704165759 1547555.565558590000176
11099314.130722704165759 1547555.864144527500132
11099314.130722704165759 1547556.162730465000088
11099314.130722704165759 1547556.461316402500044
11099314.130722704165759 1547556.759902340000000
11099314.130722704165759 1547557.058488277499956
11099314.130722704165759 1547557.357074214999912
11099314.130722704165759 1547557.655660152499868
11099314.130722704165759 1547557.954246089999824
11099314.130722704165759 1547558.252832027499780
11099314.130722704165759 1547558.551417964999736
11099314.130722704165759 1547558.850003902499692
11099314.130722704165759 1547559.148589839999648
11099314.429303433332296 1547554.072628902500396
11099314.429303433332296 1547554.371214840000352
11099314.429303433332296 1547554.669800777500308
11099314.429303433332296 1547554.968386715000264
11099314.429303433332296 1547555.266972652500220
11099314.429303433332296 1547555.565558590000176
11099314.429303433332296 1547555.864144527500132
11099314.429303433332296 1547556.162730465000088
11099314.429303433332296 1547556.461316402500044
11099314.429303433332296 1547556.759902340000000
11099314.429303433332296 1547557.058488277499956
11099314.429303433332296 1547557.357074214999912
11099314.429303433332296 1547557.655660152499868
11099314.429303433332296 1547557.954246089999824
11099314.429303433332296 1547558.252832027499780
11099314.429303433332296 1547558.551417964999736
11099314.429303433332296 1547558.850003902499692
11099314.429303433332296 1547559.148589839999648
