11099115.873118537501167 1547809.662191402500396
11099115.873118537501167 1547809.960777340000352
11099115.873118537501167 1547810.259363277500308
11099115.873118537501167 1547810.557949215000264
11099115.873118537501167 1547810.856535152500220
11099115.873118537501167 1547811.155121090000176
11099115.873118537501167 1547811.453707027500132
11099115.873118537501167 1547811.752292965000088
11099115.873118537501167 1547812.050878902500044
11099115.873118537501167 1547812.349464840000000
11099115.873118537501167 1547812.648050777499956
11099115.873118537501167 1547812.946636714999912
11099115.873118537501167 1547813.245222652499868
11099115.873118537501167 1547813.543808589999824
11099115.873118537501167 1547813.842394527499780
11099115.873118537501167 1547814.140980464999736
11099115.873118537501167 1547814.439566402499692
11099115.873118537501167 1547814.738152339999648
11099116.171699266667704 1547809.662191402500396
11099116.171699266667704 1547809.960777340000352
11099116.171699266667704 1547810.259363277500308
11099116.171699266667704 1547810.557949215000264
11099116.171699266667704 1547810.856535152500220
11099116.171699266667704 1547811.155121090000176
11099116.171699266667704 1547811.453707027500132
11099116.171699266667704 1547811.752292965000088
11099116.171699266667704 1547812.050878902500044
11099116.171699266667704 1547812.349464840000000
11099116.171699266667704 1547812.648050777499956
11099116.171699266667704 1547812.946636714999912
11099116.171699266667704 1547813.245222652499868
11099116.171699266667704 1547813.543808589999824
11099116.171699266667704 1547813.842394527499780
11099116.171699266667704 1547814.140980464999736
11099116.171699266667704 1547814.439566402499692
11099116.171699266667704 1547814.738152339999648
11099116.470279995834241 1547809.662191402500396
11099116.470279995834241 1547809.960777340000352
11099116.470279995834241 1547810.259363277500308
11099116.470279995834241 1547810.557949215000264
11099116.470279995834241 1547810.856535152500220
11099116.470279995834241 1547811.155121090000176
11099116.470279995834241 1547811.453707027500132
11099116.470279995834241 1547811.752292965000088
11099116.470279995834241 1547812.050878902500044
11099116.470279995834241 1547812.349464840000000
11099116.470279995834241 1547812.648050777499956
11099116.470279995834241 1547812.946636714999912
11099116.470279995834241 1547813.245222652499868
11099116.470279995834241 1547813.543808589999824
11099116.470279995834241 1547813.842394527499780
11099116.470279995834241 1547814.140980464999736
11099116.470279995834241 1547814.439566402499692
11099116.470279995834241 1547814.738152339999648
11099116.768860725000778 1547809.662191402500396
11099116.768860725000778 1547809.960777340000352
11099116.768860725000778 1547810.259363277500308
11099116.768860725000778 1547810.557949215000264
11099116.768860725000778 1547810.856535152500220
11099116.768860725000778 1547811.155121090000176
11099116.768860725000778 1547811.453707027500132
11099116.768860725000778 1547811.752292965000088
11099116.768860725000778 1547812.050878902500044
11099116.768860725000778 1547812.349464840000000
11099116.768860725000778 1547812.648050777499956
11099116.768860725000778 1547812.946636714999912
11099116.768860725000778 1547813.245222652499868
11099116.768860725000778 1547813.543808589999824
11099116.768860725000778 1547813.842394527499780
11099116.768860725000778 1547814.140980464999736
11099116.768860725000778 1547814.439566402499692
11099116.768860725000778 1547814.738152339999648
11099117.067441454167315 1547809.662191402500396
11099117.067441454167315 1547809.960777340000352
11099117.067441454167315 1547810.259363277500308
11099117.067441454167315 1547810.557949215000264
11099117.067441454167315 1547810.856535152500220
11099117.067441454167315 1547811.155121090000176
11099117.067441454167315 1547811.453707027500132
11099117.067441454167315 1547811.752292965000088
11099117.067441454167315 1547812.050878902500044
11099117.067441454167315 1547812.349464840000000
11099117.067441454167315 1547812.648050777499956
11099117.067441454167315 1547812.946636714999912
11099117.067441454167315 1547813.245222652499868
11099117.067441454167315 1547813.543808589999824
11099117.067441454167315 1547813.842394527499780
11099117.067441454167315 1547814.140980464999736
11099117.067441454167315 1547814.439566402499692
11099117.067441454167315 1547814.738152339999648
11099117.366022183333852 1547809.662191402500396
11099117.366022183333852 1547809.960777340000352
11099117.366022183333852 1547810.259363277500308
11099117.366022183333852 1547810.557949215000264
11099117.366022183333852 1547810.856535152500220
11099117.366022183333852 1547811.155121090000176
11099117.366022183333852 1547811.453707027500132
11099117.366022183333852 1547811.752292965000088
11099117.366022183333852 1547812.050878902500044
11099117.366022183333852 1547812.349464840000000
11099117.366022183333852 1547812.648050777499956
11099117.366022183333852 1547812.946636714999912
11099117.366022183333852 1547813.245222652499868
11099117.366022183333852 1547813.543808589999824
11099117.366022183333852 1547813.842394527499780
11099117.366022183333852 1547814.140980464999736
11099117.366022183333852 1547814.439566402499692
11099117.366022183333852 1547814.738152339999648
11099117.664602912500389 1547809.662191402500396
11099117.664602912500389 1547809.960777340000352
11099117.664602912500389 1547810.259363277500308
11099117.664602912500389 1547810.557949215000264
11099117.664602912500389 1547810.856535152500220
11099117.664602912500389 1547811.155121090000176
11099117.664602912500389 1547811.453707027500132
11099117.664602912500389 1547811.752292965000088
11099117.664602912500389 1547812.050878902500044
11099117.664602912500389 1547812.349464840000000
11099117.664602912500389 1547812.648050777499956
11099117.664602912500389 1547812.946636714999912
11099117.664602912500389 1547813.245222652499868
11099117.664602912500389 1547813.543808589999824
11099117.664602912500389 1547813.842394527499780
11099117.664602912500389 1547814.140980464999736
11099117.664602912500389 1547814.439566402499692
11099117.664602912500389 1547814.738152339999648
11099117.963183641666926 1547809.662191402500396
11099117.963183641666926 1547809.960777340000352
11099117.963183641666926 1547810.259363277500308
11099117.963183641666926 1547810.557949215000264
11099117.963183641666926 1547810.856535152500220
11099117.963183641666926 1547811.155121090000176
11099117.963183641666926 1547811.453707027500132
11099117.963183641666926 1547811.752292965000088
11099117.963183641666926 1547812.050878902500044
11099117.963183641666926 1547812.349464840000000
11099117.963183641666926 1547812.648050777499956
11099117.963183641666926 1547812.946636714999912
11099117.963183641666926 1547813.245222652499868
11099117.963183641666926 1547813.543808589999824
11099117.963183641666926 1547813.842394527499780
11099117.963183641666926 1547814.140980464999736
11099117.963183641666926 1547814.439566402499692
11099117.963183641666926 1547814.738152339999648
11099118.261764370833463 1547809.662191402500396
11099118.261764370833463 1547809.960777340000352
11099118.261764370833463 1547810.259363277500308
11099118.261764370833463 1547810.557949215000264
11099118.261764370833463 1547810.856535152500220
11099118.261764370833463 1547811.155121090000176
11099118.261764370833463 1547811.453707027500132
11099118.261764370833463 1547811.752292965000088
11099118.261764370833463 1547812.050878902500044
11099118.261764370833463 1547812.349464840000000
11099118.261764370833463 1547812.648050777499956
11099118.261764370833463 1547812.946636714999912
11099118.261764370833463 1547813.245222652499868
11099118.261764370833463 1547813.543808589999824
11099118.261764370833463 1547813.842394527499780
11099118.261764370833463 1547814.140980464999736
11099118.261764370833463 1547814.439566402499692
11099118.261764370833463 1547814.738152339999648
11099118.560345100000000 1547809.662191402500396
11099118.560345100000000 1547809.960777340000352
11099118.560345100000000 1547810.259363277500308
11099118.560345100000000 1547810.557949215000264
11099118.560345100000000 1547810.856535152500220
11099118.560345100000000 1547811.155121090000176
11099118.560345100000000 1547811.453707027500132
11099118.560345100000000 1547811.752292965000088
11099118.560345100000000 1547812.050878902500044
11099118.560345100000000 1547812.349464840000000
11099118.560345100000000 1547812.648050777499956
11099118.560345100000000 1547812.946636714999912
11099118.560345100000000 1547813.245222652499868
11099118.560345100000000 1547813.543808589999824
11099118.560345100000000 1547813.842394527499780
11099118.560345100000000 1547814.140980464999736
11099118.560345100000000 1547814.439566402499692
11099118.560345100000000 1547814.738152339999648
11099118.858925829166537 1547809.662191402500396
11099118.858925829166537 1547809.960777340000352
11099118.858925829166537 1547810.259363277500308
11099118.858925829166537 1547810.557949215000264
11099118.858925829166537 1547810.856535152500220
11099118.858925829166537 1547811.155121090000176
11099118.858925829166537 1547811.453707027500132
11099118.858925829166537 1547811.752292965000088
11099118.858925829166537 1547812.050878902500044
11099118.858925829166537 1547812.349464840000000
11099118.858925829166537 1547812.648050777499956
11099118.858925829166537 1547812.946636714999912
11099118.858925829166537 1547813.245222652499868
11099118.858925829166537 1547813.543808589999824
11099118.858925829166537 1547813.842394527499780
11099118.858925829166537 1547814.140980464999736
11099118.858925829166537 1547814.439566402499692
11099118.858925829166537 1547814.738152339999648
11099119.157506558333074 1547809.662191402500396
11099119.157506558333074 1547809.960777340000352
11099119.157506558333074 1547810.259363277500308
11099119.157506558333074 1547810.557949215000264
11099119.157506558333074 1547810.856535152500220
11099119.157506558333074 1547811.155121090000176
11099119.157506558333074 1547811.453707027500132
11099119.157506558333074 1547811.752292965000088
11099119.157506558333074 1547812.050878902500044
11099119.157506558333074 1547812.349464840000000
11099119.157506558333074 1547812.648050777499956
11099119.157506558333074 1547812.946636714999912
11099119.157506558333074 1547813.245222652499868
11099119.157506558333074 1547813.543808589999824
11099119.157506558333074 1547813.842394527499780
11099119.157506558333074 1547814.140980464999736
11099119.157506558333074 1547814.439566402499692
11099119.157506558333074 1547814.738152339999648
11099119.456087287499611 1547809.662191402500396
11099119.456087287499611 1547809.960777340000352
11099119.456087287499611 1547810.259363277500308
11099119.456087287499611 1547810.557949215000264
11099119.456087287499611 1547810.856535152500220
11099119.456087287499611 1547811.155121090000176
11099119.456087287499611 1547811.453707027500132
11099119.456087287499611 1547811.752292965000088
11099119.456087287499611 1547812.050878902500044
11099119.456087287499611 1547812.349464840000000
11099119.456087287499611 1547812.648050777499956
11099119.456087287499611 1547812.946636714999912
11099119.456087287499611 1547813.245222652499868
11099119.456087287499611 1547813.543808589999824
11099119.456087287499611 1547813.842394527499780
11099119.456087287499611 1547814.140980464999736
11099119.456087287499611 1547814.439566402499692
11099119.456087287499611 1547814.738152339999648
11099119.754668016666148 1547809.662191402500396
11099119.754668016666148 1547809.960777340000352
11099119.754668016666148 1547810.259363277500308
11099119.754668016666148 1547810.557949215000264
11099119.754668016666148 1547810.856535152500220
11099119.754668016666148 1547811.155121090000176
11099119.754668016666148 1547811.453707027500132
11099119.754668016666148 1547811.752292965000088
11099119.754668016666148 1547812.050878902500044
11099119.754668016666148 1547812.349464840000000
11099119.754668016666148 1547812.648050777499956
11099119.754668016666148 1547812.946636714999912
11099119.754668016666148 1547813.245222652499868
11099119.754668016666148 1547813.543808589999824
11099119.754668016666148 1547813.842394527499780
11099119.754668016666148 1547814.140980464999736
11099119.754668016666148 1547814.439566402499692
11099119.754668016666148 1547814.738152339999648
11099120.053248745832685 1547809.662191402500396
11099120.053248745832685 1547809.960777340000352
11099120.053248745832685 1547810.259363277500308
11099120.053248745832685 1547810.557949215000264
11099120.053248745832685 1547810.856535152500220
11099120.053248745832685 1547811.155121090000176
11099120.053248745832685 1547811.453707027500132
11099120.053248745832685 1547811.752292965000088
11099120.053248745832685 1547812.050878902500044
11099120.053248745832685 1547812.349464840000000
11099120.053248745832685 1547812.648050777499956
11099120.053248745832685 1547812.946636714999912
11099120.053248745832685 1547813.245222652499868
11099120.053248745832685 1547813.543808589999824
11099120.053248745832685 1547813.842394527499780
11099120.053248745832685 1547814.140980464999736
11099120.053248745832685 1547814.439566402499692
11099120.053248745832685 1547814.738152339999648
11099120.351829474999222 1547809.662191402500396
11099120.351829474999222 1547809.960777340000352
11099120.351829474999222 1547810.259363277500308
11099120.351829474999222 1547810.557949215000264
11099120.351829474999222 1547810.856535152500220
11099120.351829474999222 1547811.155121090000176
11099120.351829474999222 1547811.453707027500132
11099120.351829474999222 1547811.752292965000088
11099120.351829474999222 1547812.050878902500044
11099120.351829474999222 1547812.349464840000000
11099120.351829474999222 1547812.648050777499956
11099120.351829474999222 1547812.946636714999912
11099120.351829474999222 1547813.245222652499868
11099120.351829474999222 1547813.543808589999824
11099120.351829474999222 1547813.842394527499780
11099120.351829474999222 1547814.140980464999736
11099120.351829474999222 1547814.439566402499692
11099120.351829474999222 1547814.738152339999648
11099120.650410204165759 1547809.662191402500396
11099120.650410204165759 1547809.960777340000352
11099120.650410204165759 1547810.259363277500308
11099120.650410204165759 1547810.557949215000264
11099120.650410204165759 1547810.856535152500220
11099120.650410204165759 1547811.155121090000176
11099120.650410204165759 1547811.453707027500132
11099120.650410204165759 1547811.752292965000088
11099120.650410204165759 1547812.050878902500044
11099120.650410204165759 1547812.349464840000000
11099120.650410204165759 1547812.648050777499956
11099120.650410204165759 1547812.946636714999912
11099120.650410204165759 1547813.245222652499868
11099120.650410204165759 1547813.543808589999824
11099120.650410204165759 1547813.842394527499780
11099120.650410204165759 1547814.140980464999736
11099120.650410204165759 1547814.439566402499692
11099120.650410204165759 1547814.738152339999648
11099120.948990933332296 1547809.662191402500396
11099120.948990933332296 1547809.960777340000352
11099120.948990933332296 1547810.259363277500308
11099120.948990933332296 1547810.557949215000264
11099120.948990933332296 1547810.856535152500220
11099120.948990933332296 1547811.155121090000176
11099120.948990933332296 1547811.453707027500132
11099120.948990933332296 1547811.752292965000088
11099120.948990933332296 1547812.050878902500044
11099120.948990933332296 1547812.349464840000000
11099120.948990933332296 1547812.648050777499956
11099120.948990933332296 1547812.946636714999912
11099120.948990933332296 1547813.245222652499868
11099120.948990933332296 1547813.543808589999824
11099120.948990933332296 1547813.842394527499780
11099120.948990933332296 1547814.140980464999736
11099120.948990933332296 1547814.439566402499692
11099120.948990933332296 1547814.738152339999648
