11099097.062532537501167 1547826.084417972500396
11099097.062532537501167 1547826.383003910000352
11099097.062532537501167 1547826.681589847500308
11099097.062532537501167 1547826.980175785000264
11099097.062532537501167 1547827.278761722500220
11099097.062532537501167 1547827.577347660000176
11099097.062532537501167 1547827.875933597500132
11099097.062532537501167 1547828.174519535000088
11099097.062532537501167 1547828.473105472500044
11099097.062532537501167 1547828.771691410000000
11099097.062532537501167 1547829.070277347499956
11099097.062532537501167 1547829.368863284999912
11099097.062532537501167 1547829.667449222499868
11099097.062532537501167 1547829.966035159999824
11099097.062532537501167 1547830.264621097499780
11099097.062532537501167 1547830.563207034999736
11099097.062532537501167 1547830.861792972499692
11099097.062532537501167 1547831.160378909999648
11099097.361113266667704 1547826.084417972500396
11099097.361113266667704 1547826.383003910000352
11099097.361113266667704 1547826.681589847500308
11099097.361113266667704 1547826.980175785000264
11099097.361113266667704 1547827.278761722500220
11099097.361113266667704 1547827.577347660000176
11099097.361113266667704 1547827.875933597500132
11099097.361113266667704 1547828.174519535000088
11099097.361113266667704 1547828.473105472500044
11099097.361113266667704 1547828.771691410000000
11099097.361113266667704 1547829.070277347499956
11099097.361113266667704 1547829.368863284999912
11099097.361113266667704 1547829.667449222499868
11099097.361113266667704 1547829.966035159999824
11099097.361113266667704 1547830.264621097499780
11099097.361113266667704 1547830.563207034999736
11099097.361113266667704 1547830.861792972499692
11099097.361113266667704 1547831.160378909999648
11099097.659693995834241 1547826.084417972500396
11099097.659693995834241 1547826.383003910000352
11099097.659693995834241 1547826.681589847500308
11099097.659693995834241 1547826.980175785000264
11099097.659693995834241 1547827.278761722500220
11099097.659693995834241 1547827.577347660000176
11099097.659693995834241 1547827.875933597500132
11099097.659693995834241 1547828.174519535000088
11099097.659693995834241 1547828.473105472500044
11099097.659693995834241 1547828.771691410000000
11099097.659693995834241 1547829.070277347499956
11099097.659693995834241 1547829.368863284999912
11099097.659693995834241 1547829.667449222499868
11099097.659693995834241 1547829.966035159999824
11099097.659693995834241 1547830.264621097499780
11099097.659693995834241 1547830.563207034999736
11099097.659693995834241 1547830.861792972499692
11099097.659693995834241 1547831.160378909999648
11099097.958274725000778 1547826.084417972500396
11099097.958274725000778 1547826.383003910000352
11099097.958274725000778 1547826.681589847500308
11099097.958274725000778 1547826.980175785000264
11099097.958274725000778 1547827.278761722500220
11099097.958274725000778 1547827.577347660000176
11099097.958274725000778 1547827.875933597500132
11099097.958274725000778 1547828.174519535000088
11099097.958274725000778 1547828.473105472500044
11099097.958274725000778 1547828.771691410000000
11099097.958274725000778 1547829.070277347499956
11099097.958274725000778 1547829.368863284999912
11099097.958274725000778 1547829.667449222499868
11099097.958274725000778 1547829.966035159999824
11099097.958274725000778 1547830.264621097499780
11099097.958274725000778 1547830.563207034999736
11099097.958274725000778 1547830.861792972499692
11099097.958274725000778 1547831.160378909999648
11099098.256855454167315 1547826.084417972500396
11099098.256855454167315 1547826.383003910000352
11099098.256855454167315 1547826.681589847500308
11099098.256855454167315 1547826.980175785000264
11099098.256855454167315 1547827.278761722500220
11099098.256855454167315 1547827.577347660000176
11099098.256855454167315 1547827.875933597500132
11099098.256855454167315 1547828.174519535000088
11099098.256855454167315 1547828.473105472500044
11099098.256855454167315 1547828.771691410000000
11099098.256855454167315 1547829.070277347499956
11099098.256855454167315 1547829.368863284999912
11099098.256855454167315 1547829.667449222499868
11099098.256855454167315 1547829.966035159999824
11099098.256855454167315 1547830.264621097499780
11099098.256855454167315 1547830.563207034999736
11099098.256855454167315 1547830.861792972499692
11099098.256855454167315 1547831.160378909999648
11099098.555436183333852 1547826.084417972500396
11099098.555436183333852 1547826.383003910000352
11099098.555436183333852 1547826.681589847500308
11099098.555436183333852 1547826.980175785000264
11099098.555436183333852 1547827.278761722500220
11099098.555436183333852 1547827.577347660000176
11099098.555436183333852 1547827.875933597500132
11099098.555436183333852 1547828.174519535000088
11099098.555436183333852 1547828.473105472500044
11099098.555436183333852 1547828.771691410000000
11099098.555436183333852 1547829.070277347499956
11099098.555436183333852 1547829.368863284999912
11099098.555436183333852 1547829.667449222499868
11099098.555436183333852 1547829.966035159999824
11099098.555436183333852 1547830.264621097499780
11099098.555436183333852 1547830.563207034999736
11099098.555436183333852 1547830.861792972499692
11099098.555436183333852 1547831.160378909999648
11099098.854016912500389 1547826.084417972500396
11099098.854016912500389 1547826.383003910000352
11099098.854016912500389 1547826.681589847500308
11099098.854016912500389 1547826.980175785000264
11099098.854016912500389 1547827.278761722500220
11099098.854016912500389 1547827.577347660000176
11099098.854016912500389 1547827.875933597500132
11099098.854016912500389 1547828.174519535000088
11099098.854016912500389 1547828.473105472500044
11099098.854016912500389 1547828.771691410000000
11099098.854016912500389 1547829.070277347499956
11099098.854016912500389 1547829.368863284999912
11099098.854016912500389 1547829.667449222499868
11099098.854016912500389 1547829.966035159999824
11099098.854016912500389 1547830.264621097499780
11099098.854016912500389 1547830.563207034999736
11099098.854016912500389 1547830.861792972499692
11099098.854016912500389 1547831.160378909999648
11099099.152597641666926 1547826.084417972500396
11099099.152597641666926 1547826.383003910000352
11099099.152597641666926 1547826.681589847500308
11099099.152597641666926 1547826.980175785000264
11099099.152597641666926 1547827.278761722500220
11099099.152597641666926 1547827.577347660000176
11099099.152597641666926 1547827.875933597500132
11099099.152597641666926 1547828.174519535000088
11099099.152597641666926 1547828.473105472500044
11099099.152597641666926 1547828.771691410000000
11099099.152597641666926 1547829.070277347499956
11099099.152597641666926 1547829.368863284999912
11099099.152597641666926 1547829.667449222499868
11099099.152597641666926 1547829.966035159999824
11099099.152597641666926 1547830.264621097499780
11099099.152597641666926 1547830.563207034999736
11099099.152597641666926 1547830.861792972499692
11099099.152597641666926 1547831.160378909999648
11099099.451178370833463 1547826.084417972500396
11099099.451178370833463 1547826.383003910000352
11099099.451178370833463 1547826.681589847500308
11099099.451178370833463 1547826.980175785000264
11099099.451178370833463 1547827.278761722500220
11099099.451178370833463 1547827.577347660000176
11099099.451178370833463 1547827.875933597500132
11099099.451178370833463 1547828.174519535000088
11099099.451178370833463 1547828.473105472500044
11099099.451178370833463 1547828.771691410000000
11099099.451178370833463 1547829.070277347499956
11099099.451178370833463 1547829.368863284999912
11099099.451178370833463 1547829.667449222499868
11099099.451178370833463 1547829.966035159999824
11099099.451178370833463 1547830.264621097499780
11099099.451178370833463 1547830.563207034999736
11099099.451178370833463 1547830.861792972499692
11099099.451178370833463 1547831.160378909999648
11099099.749759100000000 1547826.084417972500396
11099099.749759100000000 1547826.383003910000352
11099099.749759100000000 1547826.681589847500308
11099099.749759100000000 1547826.980175785000264
11099099.749759100000000 1547827.278761722500220
11099099.749759100000000 1547827.577347660000176
11099099.749759100000000 1547827.875933597500132
11099099.749759100000000 1547828.174519535000088
11099099.749759100000000 1547828.473105472500044
11099099.749759100000000 1547828.771691410000000
11099099.749759100000000 1547829.070277347499956
11099099.749759100000000 1547829.368863284999912
11099099.749759100000000 1547829.667449222499868
11099099.749759100000000 1547829.966035159999824
11099099.749759100000000 1547830.264621097499780
11099099.749759100000000 1547830.563207034999736
11099099.749759100000000 1547830.861792972499692
11099099.749759100000000 1547831.160378909999648
11099100.048339829166537 1547826.084417972500396
11099100.048339829166537 1547826.383003910000352
11099100.048339829166537 1547826.681589847500308
11099100.048339829166537 1547826.980175785000264
11099100.048339829166537 1547827.278761722500220
11099100.048339829166537 1547827.577347660000176
11099100.048339829166537 1547827.875933597500132
11099100.048339829166537 1547828.174519535000088
11099100.048339829166537 1547828.473105472500044
11099100.048339829166537 1547828.771691410000000
11099100.048339829166537 1547829.070277347499956
11099100.048339829166537 1547829.368863284999912
11099100.048339829166537 1547829.667449222499868
11099100.048339829166537 1547829.966035159999824
11099100.048339829166537 1547830.264621097499780
11099100.048339829166537 1547830.563207034999736
11099100.048339829166537 1547830.861792972499692
11099100.048339829166537 1547831.160378909999648
11099100.346920558333074 1547826.084417972500396
11099100.346920558333074 1547826.383003910000352
11099100.346920558333074 1547826.681589847500308
11099100.346920558333074 1547826.980175785000264
11099100.346920558333074 1547827.278761722500220
11099100.346920558333074 1547827.577347660000176
11099100.346920558333074 1547827.875933597500132
11099100.346920558333074 1547828.174519535000088
11099100.346920558333074 1547828.473105472500044
11099100.346920558333074 1547828.771691410000000
11099100.346920558333074 1547829.070277347499956
11099100.346920558333074 1547829.368863284999912
11099100.346920558333074 1547829.667449222499868
11099100.346920558333074 1547829.966035159999824
11099100.346920558333074 1547830.264621097499780
11099100.346920558333074 1547830.563207034999736
11099100.346920558333074 1547830.861792972499692
11099100.346920558333074 1547831.160378909999648
11099100.645501287499611 1547826.084417972500396
11099100.645501287499611 1547826.383003910000352
11099100.645501287499611 1547826.681589847500308
11099100.645501287499611 1547826.980175785000264
11099100.645501287499611 1547827.278761722500220
11099100.645501287499611 1547827.577347660000176
11099100.645501287499611 1547827.875933597500132
11099100.645501287499611 1547828.174519535000088
11099100.645501287499611 1547828.473105472500044
11099100.645501287499611 1547828.771691410000000
11099100.645501287499611 1547829.070277347499956
11099100.645501287499611 1547829.368863284999912
11099100.645501287499611 1547829.667449222499868
11099100.645501287499611 1547829.966035159999824
11099100.645501287499611 1547830.264621097499780
11099100.645501287499611 1547830.563207034999736
11099100.645501287499611 1547830.861792972499692
11099100.645501287499611 1547831.160378909999648
11099100.944082016666148 1547826.084417972500396
11099100.944082016666148 1547826.383003910000352
11099100.944082016666148 1547826.681589847500308
11099100.944082016666148 1547826.980175785000264
11099100.944082016666148 1547827.278761722500220
11099100.944082016666148 1547827.577347660000176
11099100.944082016666148 1547827.875933597500132
11099100.944082016666148 1547828.174519535000088
11099100.944082016666148 1547828.473105472500044
11099100.944082016666148 1547828.771691410000000
11099100.944082016666148 1547829.070277347499956
11099100.944082016666148 1547829.368863284999912
11099100.944082016666148 1547829.667449222499868
11099100.944082016666148 1547829.966035159999824
11099100.944082016666148 1547830.264621097499780
11099100.944082016666148 1547830.563207034999736
11099100.944082016666148 1547830.861792972499692
11099100.944082016666148 1547831.160378909999648
11099101.242662745832685 1547826.084417972500396
11099101.242662745832685 1547826.383003910000352
11099101.242662745832685 1547826.681589847500308
11099101.242662745832685 1547826.980175785000264
11099101.242662745832685 1547827.278761722500220
11099101.242662745832685 1547827.577347660000176
11099101.242662745832685 1547827.875933597500132
11099101.242662745832685 1547828.174519535000088
11099101.242662745832685 1547828.473105472500044
11099101.242662745832685 1547828.771691410000000
11099101.242662745832685 1547829.070277347499956
11099101.242662745832685 1547829.368863284999912
11099101.242662745832685 1547829.667449222499868
11099101.242662745832685 1547829.966035159999824
11099101.242662745832685 1547830.264621097499780
11099101.242662745832685 1547830.563207034999736
11099101.242662745832685 1547830.861792972499692
11099101.242662745832685 1547831.160378909999648
11099101.541243474999222 1547826.084417972500396
11099101.541243474999222 1547826.383003910000352
11099101.541243474999222 1547826.681589847500308
11099101.541243474999222 1547826.980175785000264
11099101.541243474999222 1547827.278761722500220
11099101.541243474999222 1547827.577347660000176
11099101.541243474999222 1547827.875933597500132
11099101.541243474999222 1547828.174519535000088
11099101.541243474999222 1547828.473105472500044
11099101.541243474999222 1547828.771691410000000
11099101.541243474999222 1547829.070277347499956
11099101.541243474999222 1547829.368863284999912
11099101.541243474999222 1547829.667449222499868
11099101.541243474999222 1547829.966035159999824
11099101.541243474999222 1547830.264621097499780
11099101.541243474999222 1547830.563207034999736
11099101.541243474999222 1547830.861792972499692
11099101.541243474999222 1547831.160378909999648
11099101.839824204165759 1547826.084417972500396
11099101.839824204165759 1547826.383003910000352
11099101.839824204165759 1547826.681589847500308
11099101.839824204165759 1547826.980175785000264
11099101.839824204165759 1547827.278761722500220
11099101.839824204165759 1547827.577347660000176
11099101.839824204165759 1547827.875933597500132
11099101.839824204165759 1547828.174519535000088
11099101.839824204165759 1547828.473105472500044
11099101.839824204165759 1547828.771691410000000
11099101.839824204165759 1547829.070277347499956
11099101.839824204165759 1547829.368863284999912
11099101.839824204165759 1547829.667449222499868
11099101.839824204165759 1547829.966035159999824
11099101.839824204165759 1547830.264621097499780
11099101.839824204165759 1547830.563207034999736
11099101.839824204165759 1547830.861792972499692
11099101.839824204165759 1547831.160378909999648
11099102.138404933332296 1547826.084417972500396
11099102.138404933332296 1547826.383003910000352
11099102.138404933332296 1547826.681589847500308
11099102.138404933332296 1547826.980175785000264
11099102.138404933332296 1547827.278761722500220
11099102.138404933332296 1547827.577347660000176
11099102.138404933332296 1547827.875933597500132
11099102.138404933332296 1547828.174519535000088
11099102.138404933332296 1547828.473105472500044
11099102.138404933332296 1547828.771691410000000
11099102.138404933332296 1547829.070277347499956
11099102.138404933332296 1547829.368863284999912
11099102.138404933332296 1547829.667449222499868
11099102.138404933332296 1547829.966035159999824
11099102.138404933332296 1547830.264621097499780
11099102.138404933332296 1547830.563207034999736
11099102.138404933332296 1547830.861792972499692
11099102.138404933332296 1547831.160378909999648
