11099309.353431037501167 1547796.225824222500396
11099309.353431037501167 1547796.524410160000352
11099309.353431037501167 1547796.822996097500308
11099309.353431037501167 1547797.121582035000264
11099309.353431037501167 1547797.420167972500220
11099309.353431037501167 1547797.718753910000176
11099309.353431037501167 1547798.017339847500132
11099309.353431037501167 1547798.315925785000088
11099309.353431037501167 1547798.614511722500044
11099309.353431037501167 1547798.913097660000000
11099309.353431037501167 1547799.211683597499956
11099309.353431037501167 1547799.510269534999912
11099309.353431037501167 1547799.808855472499868
11099309.353431037501167 1547800.107441409999824
11099309.353431037501167 1547800.406027347499780
11099309.353431037501167 1547800.704613284999736
11099309.353431037501167 1547801.003199222499692
11099309.353431037501167 1547801.301785159999648
11099309.652011766667704 1547796.225824222500396
11099309.652011766667704 1547796.524410160000352
11099309.652011766667704 1547796.822996097500308
11099309.652011766667704 1547797.121582035000264
11099309.652011766667704 1547797.420167972500220
11099309.652011766667704 1547797.718753910000176
11099309.652011766667704 1547798.017339847500132
11099309.652011766667704 1547798.315925785000088
11099309.652011766667704 1547798.614511722500044
11099309.652011766667704 1547798.913097660000000
11099309.652011766667704 1547799.211683597499956
11099309.652011766667704 1547799.510269534999912
11099309.652011766667704 1547799.808855472499868
11099309.652011766667704 1547800.107441409999824
11099309.652011766667704 1547800.406027347499780
11099309.652011766667704 1547800.704613284999736
11099309.652011766667704 1547801.003199222499692
11099309.652011766667704 1547801.301785159999648
11099309.950592495834241 1547796.225824222500396
11099309.950592495834241 1547796.524410160000352
11099309.950592495834241 1547796.822996097500308
11099309.950592495834241 1547797.121582035000264
11099309.950592495834241 1547797.420167972500220
11099309.950592495834241 1547797.718753910000176
11099309.950592495834241 1547798.017339847500132
11099309.950592495834241 1547798.315925785000088
11099309.950592495834241 1547798.614511722500044
11099309.950592495834241 1547798.913097660000000
11099309.950592495834241 1547799.211683597499956
11099309.950592495834241 1547799.510269534999912
11099309.950592495834241 1547799.808855472499868
11099309.950592495834241 1547800.107441409999824
11099309.950592495834241 1547800.406027347499780
11099309.950592495834241 1547800.704613284999736
11099309.950592495834241 1547801.003199222499692
11099309.950592495834241 1547801.301785159999648
11099310.249173225000778 1547796.225824222500396
11099310.249173225000778 1547796.524410160000352
11099310.249173225000778 1547796.822996097500308
11099310.249173225000778 1547797.121582035000264
11099310.249173225000778 1547797.420167972500220
11099310.249173225000778 1547797.718753910000176
11099310.249173225000778 1547798.017339847500132
11099310.249173225000778 1547798.315925785000088
11099310.249173225000778 1547798.614511722500044
11099310.249173225000778 1547798.913097660000000
11099310.249173225000778 1547799.211683597499956
11099310.249173225000778 1547799.510269534999912
11099310.249173225000778 1547799.808855472499868
11099310.249173225000778 1547800.107441409999824
11099310.249173225000778 1547800.406027347499780
11099310.249173225000778 1547800.704613284999736
11099310.249173225000778 1547801.003199222499692
11099310.249173225000778 1547801.301785159999648
11099310.547753954167315 1547796.225824222500396
11099310.547753954167315 1547796.524410160000352
11099310.547753954167315 1547796.822996097500308
11099310.547753954167315 1547797.121582035000264
11099310.547753954167315 1547797.420167972500220
11099310.547753954167315 1547797.718753910000176
11099310.547753954167315 1547798.017339847500132
11099310.547753954167315 1547798.315925785000088
11099310.547753954167315 1547798.614511722500044
11099310.547753954167315 1547798.913097660000000
11099310.547753954167315 1547799.211683597499956
11099310.547753954167315 1547799.510269534999912
11099310.547753954167315 1547799.808855472499868
11099310.547753954167315 1547800.107441409999824
11099310.547753954167315 1547800.406027347499780
11099310.547753954167315 1547800.704613284999736
11099310.547753954167315 1547801.003199222499692
11099310.547753954167315 1547801.301785159999648
11099310.846334683333852 1547796.225824222500396
11099310.846334683333852 1547796.524410160000352
11099310.846334683333852 1547796.822996097500308
11099310.846334683333852 1547797.121582035000264
11099310.846334683333852 1547797.420167972500220
11099310.846334683333852 1547797.718753910000176
11099310.846334683333852 1547798.017339847500132
11099310.846334683333852 1547798.315925785000088
11099310.846334683333852 1547798.614511722500044
11099310.846334683333852 1547798.913097660000000
11099310.846334683333852 1547799.211683597499956
11099310.846334683333852 1547799.510269534999912
11099310.846334683333852 1547799.808855472499868
11099310.846334683333852 1547800.107441409999824
11099310.846334683333852 1547800.406027347499780
11099310.846334683333852 1547800.704613284999736
11099310.846334683333852 1547801.003199222499692
11099310.846334683333852 1547801.301785159999648
11099311.144915412500389 1547796.225824222500396
11099311.144915412500389 1547796.524410160000352
11099311.144915412500389 1547796.822996097500308
11099311.144915412500389 1547797.121582035000264
11099311.144915412500389 1547797.420167972500220
11099311.144915412500389 1547797.718753910000176
11099311.144915412500389 1547798.017339847500132
11099311.144915412500389 1547798.315925785000088
11099311.144915412500389 1547798.614511722500044
11099311.144915412500389 1547798.913097660000000
11099311.144915412500389 1547799.211683597499956
11099311.144915412500389 1547799.510269534999912
11099311.144915412500389 1547799.808855472499868
11099311.144915412500389 1547800.107441409999824
11099311.144915412500389 1547800.406027347499780
11099311.144915412500389 1547800.704613284999736
11099311.144915412500389 1547801.003199222499692
11099311.144915412500389 1547801.301785159999648
11099311.443496141666926 1547796.225824222500396
11099311.443496141666926 1547796.524410160000352
11099311.443496141666926 1547796.822996097500308
11099311.443496141666926 1547797.121582035000264
11099311.443496141666926 1547797.420167972500220
11099311.443496141666926 1547797.718753910000176
11099311.443496141666926 1547798.017339847500132
11099311.443496141666926 1547798.315925785000088
11099311.443496141666926 1547798.614511722500044
11099311.443496141666926 1547798.913097660000000
11099311.443496141666926 1547799.211683597499956
11099311.443496141666926 1547799.510269534999912
11099311.443496141666926 1547799.808855472499868
11099311.443496141666926 1547800.107441409999824
11099311.443496141666926 1547800.406027347499780
11099311.443496141666926 1547800.704613284999736
11099311.443496141666926 1547801.003199222499692
11099311.443496141666926 1547801.301785159999648
11099311.742076870833463 1547796.225824222500396
11099311.742076870833463 1547796.524410160000352
11099311.742076870833463 1547796.822996097500308
11099311.742076870833463 1547797.121582035000264
11099311.742076870833463 1547797.420167972500220
11099311.742076870833463 1547797.718753910000176
11099311.742076870833463 1547798.017339847500132
11099311.742076870833463 1547798.315925785000088
11099311.742076870833463 1547798.614511722500044
11099311.742076870833463 1547798.913097660000000
11099311.742076870833463 1547799.211683597499956
11099311.742076870833463 1547799.510269534999912
11099311.742076870833463 1547799.808855472499868
11099311.742076870833463 1547800.107441409999824
11099311.742076870833463 1547800.406027347499780
11099311.742076870833463 1547800.704613284999736
11099311.742076870833463 1547801.003199222499692
11099311.742076870833463 1547801.301785159999648
11099312.040657600000000 1547796.225824222500396
11099312.040657600000000 1547796.524410160000352
11099312.040657600000000 1547796.822996097500308
11099312.040657600000000 1547797.121582035000264
11099312.040657600000000 1547797.420167972500220
11099312.040657600000000 1547797.718753910000176
11099312.040657600000000 1547798.017339847500132
11099312.040657600000000 1547798.315925785000088
11099312.040657600000000 1547798.614511722500044
11099312.040657600000000 1547798.913097660000000
11099312.040657600000000 1547799.211683597499956
11099312.040657600000000 1547799.510269534999912
11099312.040657600000000 1547799.808855472499868
11099312.040657600000000 1547800.107441409999824
11099312.040657600000000 1547800.406027347499780
11099312.040657600000000 1547800.704613284999736
11099312.040657600000000 1547801.003199222499692
11099312.040657600000000 1547801.301785159999648
11099312.339238329166537 1547796.225824222500396
11099312.339238329166537 1547796.524410160000352
11099312.339238329166537 1547796.822996097500308
11099312.339238329166537 1547797.121582035000264
11099312.339238329166537 1547797.420167972500220
11099312.339238329166537 1547797.718753910000176
11099312.339238329166537 1547798.017339847500132
11099312.339238329166537 1547798.315925785000088
11099312.339238329166537 1547798.614511722500044
11099312.339238329166537 1547798.913097660000000
11099312.339238329166537 1547799.211683597499956
11099312.339238329166537 1547799.510269534999912
11099312.339238329166537 1547799.808855472499868
11099312.339238329166537 1547800.107441409999824
11099312.339238329166537 1547800.406027347499780
11099312.339238329166537 1547800.704613284999736
11099312.339238329166537 1547801.003199222499692
11099312.339238329166537 1547801.301785159999648
11099312.637819058333074 1547796.225824222500396
11099312.637819058333074 1547796.524410160000352
11099312.637819058333074 1547796.822996097500308
11099312.637819058333074 1547797.121582035000264
11099312.637819058333074 1547797.420167972500220
11099312.637819058333074 1547797.718753910000176
11099312.637819058333074 1547798.017339847500132
11099312.637819058333074 1547798.315925785000088
11099312.637819058333074 1547798.614511722500044
11099312.637819058333074 1547798.913097660000000
11099312.637819058333074 1547799.211683597499956
11099312.637819058333074 1547799.510269534999912
11099312.637819058333074 1547799.808855472499868
11099312.637819058333074 1547800.107441409999824
11099312.637819058333074 1547800.406027347499780
11099312.637819058333074 1547800.704613284999736
11099312.637819058333074 1547801.003199222499692
11099312.637819058333074 1547801.301785159999648
11099312.936399787499611 1547796.225824222500396
11099312.936399787499611 1547796.524410160000352
11099312.936399787499611 1547796.822996097500308
11099312.936399787499611 1547797.121582035000264
11099312.936399787499611 1547797.420167972500220
11099312.936399787499611 1547797.718753910000176
11099312.936399787499611 1547798.017339847500132
11099312.936399787499611 1547798.315925785000088
11099312.936399787499611 1547798.614511722500044
11099312.936399787499611 1547798.913097660000000
11099312.936399787499611 1547799.211683597499956
11099312.936399787499611 1547799.510269534999912
11099312.936399787499611 1547799.808855472499868
11099312.936399787499611 1547800.107441409999824
11099312.936399787499611 1547800.406027347499780
11099312.936399787499611 1547800.704613284999736
11099312.936399787499611 1547801.003199222499692
11099312.936399787499611 1547801.301785159999648
11099313.234980516666148 1547796.225824222500396
11099313.234980516666148 1547796.524410160000352
11099313.234980516666148 1547796.822996097500308
11099313.234980516666148 1547797.121582035000264
11099313.234980516666148 1547797.420167972500220
11099313.234980516666148 1547797.718753910000176
11099313.234980516666148 1547798.017339847500132
11099313.234980516666148 1547798.315925785000088
11099313.234980516666148 1547798.614511722500044
11099313.234980516666148 1547798.913097660000000
11099313.234980516666148 1547799.211683597499956
11099313.234980516666148 1547799.510269534999912
11099313.234980516666148 1547799.808855472499868
11099313.234980516666148 1547800.107441409999824
11099313.234980516666148 1547800.406027347499780
11099313.234980516666148 1547800.704613284999736
11099313.234980516666148 1547801.003199222499692
11099313.234980516666148 1547801.301785159999648
11099313.533561245832685 1547796.225824222500396
11099313.533561245832685 1547796.524410160000352
11099313.533561245832685 1547796.822996097500308
11099313.533561245832685 1547797.121582035000264
11099313.533561245832685 1547797.420167972500220
11099313.533561245832685 1547797.718753910000176
11099313.533561245832685 1547798.017339847500132
11099313.533561245832685 1547798.315925785000088
11099313.533561245832685 1547798.614511722500044
11099313.533561245832685 1547798.913097660000000
11099313.533561245832685 1547799.211683597499956
11099313.533561245832685 1547799.510269534999912
11099313.533561245832685 1547799.808855472499868
11099313.533561245832685 1547800.107441409999824
11099313.533561245832685 1547800.406027347499780
11099313.533561245832685 1547800.704613284999736
11099313.533561245832685 1547801.003199222499692
11099313.533561245832685 1547801.301785159999648
11099313.832141974999222 1547796.225824222500396
11099313.832141974999222 1547796.524410160000352
11099313.832141974999222 1547796.822996097500308
11099313.832141974999222 1547797.121582035000264
11099313.832141974999222 1547797.420167972500220
11099313.832141974999222 1547797.718753910000176
11099313.832141974999222 1547798.017339847500132
11099313.832141974999222 1547798.315925785000088
11099313.832141974999222 1547798.614511722500044
11099313.832141974999222 1547798.913097660000000
11099313.832141974999222 1547799.211683597499956
11099313.832141974999222 1547799.510269534999912
11099313.832141974999222 1547799.808855472499868
11099313.832141974999222 1547800.107441409999824
11099313.832141974999222 1547800.406027347499780
11099313.832141974999222 1547800.704613284999736
11099313.832141974999222 1547801.003199222499692
11099313.832141974999222 1547801.301785159999648
11099314.130722704165759 1547796.225824222500396
11099314.130722704165759 1547796.524410160000352
11099314.130722704165759 1547796.822996097500308
11099314.130722704165759 1547797.121582035000264
11099314.130722704165759 1547797.420167972500220
11099314.130722704165759 1547797.718753910000176
11099314.130722704165759 1547798.017339847500132
11099314.130722704165759 1547798.315925785000088
11099314.130722704165759 1547798.614511722500044
11099314.130722704165759 1547798.913097660000000
11099314.130722704165759 1547799.211683597499956
11099314.130722704165759 1547799.510269534999912
11099314.130722704165759 1547799.808855472499868
11099314.130722704165759 1547800.107441409999824
11099314.130722704165759 1547800.406027347499780
11099314.130722704165759 1547800.704613284999736
11099314.130722704165759 1547801.003199222499692
11099314.130722704165759 1547801.301785159999648
11099314.429303433332296 1547796.225824222500396
11099314.429303433332296 1547796.524410160000352
11099314.429303433332296 1547796.822996097500308
11099314.429303433332296 1547797.121582035000264
11099314.429303433332296 1547797.420167972500220
11099314.429303433332296 1547797.718753910000176
11099314.429303433332296 1547798.017339847500132
11099314.429303433332296 1547798.315925785000088
11099314.429303433332296 1547798.614511722500044
11099314.429303433332296 1547798.913097660000000
11099314.429303433332296 1547799.211683597499956
11099314.429303433332296 1547799.510269534999912
11099314.429303433332296 1547799.808855472499868
11099314.429303433332296 1547800.107441409999824
11099314.429303433332296 1547800.406027347499780
11099314.429303433332296 1547800.704613284999736
11099314.429303433332296 1547801.003199222499692
11099314.429303433332296 1547801.301785159999648
