11099220.674954437501167 1547673.507003902500396
11099220.674954437501167 1547673.805589840000352
11099220.674954437501167 1547674.104175777500308
11099220.674954437501167 1547674.402761715000264
11099220.674954437501167 1547674.701347652500220
11099220.674954437501167 1547674.999933590000176
11099220.674954437501167 1547675.298519527500132
11099220.674954437501167 1547675.597105465000088
11099220.674954437501167 1547675.895691402500044
11099220.674954437501167 1547676.194277340000000
11099220.674954437501167 1547676.492863277499956
11099220.674954437501167 1547676.791449214999912
11099220.674954437501167 1547677.090035152499868
11099220.674954437501167 1547677.388621089999824
11099220.674954437501167 1547677.687207027499780
11099220.674954437501167 1547677.985792964999736
11099220.674954437501167 1547678.284378902499692
11099220.674954437501167 1547678.582964839999648
11099220.973535166667704 1547673.507003902500396
11099220.973535166667704 1547673.805589840000352
11099220.973535166667704 1547674.104175777500308
11099220.973535166667704 1547674.402761715000264
11099220.973535166667704 1547674.701347652500220
11099220.973535166667704 1547674.999933590000176
11099220.973535166667704 1547675.298519527500132
11099220.973535166667704 1547675.597105465000088
11099220.973535166667704 1547675.895691402500044
11099220.973535166667704 1547676.194277340000000
11099220.973535166667704 1547676.492863277499956
11099220.973535166667704 1547676.791449214999912
11099220.973535166667704 1547677.090035152499868
11099220.973535166667704 1547677.388621089999824
11099220.973535166667704 1547677.687207027499780
11099220.973535166667704 1547677.985792964999736
11099220.973535166667704 1547678.284378902499692
11099220.973535166667704 1547678.582964839999648
11099221.272115895834241 1547673.507003902500396
11099221.272115895834241 1547673.805589840000352
11099221.272115895834241 1547674.104175777500308
11099221.272115895834241 1547674.402761715000264
11099221.272115895834241 1547674.701347652500220
11099221.272115895834241 1547674.999933590000176
11099221.272115895834241 1547675.298519527500132
11099221.272115895834241 1547675.597105465000088
11099221.272115895834241 1547675.895691402500044
11099221.272115895834241 1547676.194277340000000
11099221.272115895834241 1547676.492863277499956
11099221.272115895834241 1547676.791449214999912
11099221.272115895834241 1547677.090035152499868
11099221.272115895834241 1547677.388621089999824
11099221.272115895834241 1547677.687207027499780
11099221.272115895834241 1547677.985792964999736
11099221.272115895834241 1547678.284378902499692
11099221.272115895834241 1547678.582964839999648
11099221.570696625000778 1547673.507003902500396
11099221.570696625000778 1547673.805589840000352
11099221.570696625000778 1547674.104175777500308
11099221.570696625000778 1547674.402761715000264
11099221.570696625000778 1547674.701347652500220
11099221.570696625000778 1547674.999933590000176
11099221.570696625000778 1547675.298519527500132
11099221.570696625000778 1547675.597105465000088
11099221.570696625000778 1547675.895691402500044
11099221.570696625000778 1547676.194277340000000
11099221.570696625000778 1547676.492863277499956
11099221.570696625000778 1547676.791449214999912
11099221.570696625000778 1547677.090035152499868
11099221.570696625000778 1547677.388621089999824
11099221.570696625000778 1547677.687207027499780
11099221.570696625000778 1547677.985792964999736
11099221.570696625000778 1547678.284378902499692
11099221.570696625000778 1547678.582964839999648
11099221.869277354167315 1547673.507003902500396
11099221.869277354167315 1547673.805589840000352
11099221.869277354167315 1547674.104175777500308
11099221.869277354167315 1547674.402761715000264
11099221.869277354167315 1547674.701347652500220
11099221.869277354167315 1547674.999933590000176
11099221.869277354167315 1547675.298519527500132
11099221.869277354167315 1547675.597105465000088
11099221.869277354167315 1547675.895691402500044
11099221.869277354167315 1547676.194277340000000
11099221.869277354167315 1547676.492863277499956
11099221.869277354167315 1547676.791449214999912
11099221.869277354167315 1547677.090035152499868
11099221.869277354167315 1547677.388621089999824
11099221.869277354167315 1547677.687207027499780
11099221.869277354167315 1547677.985792964999736
11099221.869277354167315 1547678.284378902499692
11099221.869277354167315 1547678.582964839999648
11099222.167858083333852 1547673.507003902500396
11099222.167858083333852 1547673.805589840000352
11099222.167858083333852 1547674.104175777500308
11099222.167858083333852 1547674.402761715000264
11099222.167858083333852 1547674.701347652500220
11099222.167858083333852 1547674.999933590000176
11099222.167858083333852 1547675.298519527500132
11099222.167858083333852 1547675.597105465000088
11099222.167858083333852 1547675.895691402500044
11099222.167858083333852 1547676.194277340000000
11099222.167858083333852 1547676.492863277499956
11099222.167858083333852 1547676.791449214999912
11099222.167858083333852 1547677.090035152499868
11099222.167858083333852 1547677.388621089999824
11099222.167858083333852 1547677.687207027499780
11099222.167858083333852 1547677.985792964999736
11099222.167858083333852 1547678.284378902499692
11099222.167858083333852 1547678.582964839999648
11099222.466438812500389 1547673.507003902500396
11099222.466438812500389 1547673.805589840000352
11099222.466438812500389 1547674.104175777500308
11099222.466438812500389 1547674.402761715000264
11099222.466438812500389 1547674.701347652500220
11099222.466438812500389 1547674.999933590000176
11099222.466438812500389 1547675.298519527500132
11099222.466438812500389 1547675.597105465000088
11099222.466438812500389 1547675.895691402500044
11099222.466438812500389 1547676.194277340000000
11099222.466438812500389 1547676.492863277499956
11099222.466438812500389 1547676.791449214999912
11099222.466438812500389 1547677.090035152499868
11099222.466438812500389 1547677.388621089999824
11099222.466438812500389 1547677.687207027499780
11099222.466438812500389 1547677.985792964999736
11099222.466438812500389 1547678.284378902499692
11099222.466438812500389 1547678.582964839999648
11099222.765019541666926 1547673.507003902500396
11099222.765019541666926 1547673.805589840000352
11099222.765019541666926 1547674.104175777500308
11099222.765019541666926 1547674.402761715000264
11099222.765019541666926 1547674.701347652500220
11099222.765019541666926 1547674.999933590000176
11099222.765019541666926 1547675.298519527500132
11099222.765019541666926 1547675.597105465000088
11099222.765019541666926 1547675.895691402500044
11099222.765019541666926 1547676.194277340000000
11099222.765019541666926 1547676.492863277499956
11099222.765019541666926 1547676.791449214999912
11099222.765019541666926 1547677.090035152499868
11099222.765019541666926 1547677.388621089999824
11099222.765019541666926 1547677.687207027499780
11099222.765019541666926 1547677.985792964999736
11099222.765019541666926 1547678.284378902499692
11099222.765019541666926 1547678.582964839999648
11099223.063600270833463 1547673.507003902500396
11099223.063600270833463 1547673.805589840000352
11099223.063600270833463 1547674.104175777500308
11099223.063600270833463 1547674.402761715000264
11099223.063600270833463 1547674.701347652500220
11099223.063600270833463 1547674.999933590000176
11099223.063600270833463 1547675.298519527500132
11099223.063600270833463 1547675.597105465000088
11099223.063600270833463 1547675.895691402500044
11099223.063600270833463 1547676.194277340000000
11099223.063600270833463 1547676.492863277499956
11099223.063600270833463 1547676.791449214999912
11099223.063600270833463 1547677.090035152499868
11099223.063600270833463 1547677.388621089999824
11099223.063600270833463 1547677.687207027499780
11099223.063600270833463 1547677.985792964999736
11099223.063600270833463 1547678.284378902499692
11099223.063600270833463 1547678.582964839999648
11099223.362181000000000 1547673.507003902500396
11099223.362181000000000 1547673.805589840000352
11099223.362181000000000 1547674.104175777500308
11099223.362181000000000 1547674.402761715000264
11099223.362181000000000 1547674.701347652500220
11099223.362181000000000 1547674.999933590000176
11099223.362181000000000 1547675.298519527500132
11099223.362181000000000 1547675.597105465000088
11099223.362181000000000 1547675.895691402500044
11099223.362181000000000 1547676.194277340000000
11099223.362181000000000 1547676.492863277499956
11099223.362181000000000 1547676.791449214999912
11099223.362181000000000 1547677.090035152499868
11099223.362181000000000 1547677.388621089999824
11099223.362181000000000 1547677.687207027499780
11099223.362181000000000 1547677.985792964999736
11099223.362181000000000 1547678.284378902499692
11099223.362181000000000 1547678.582964839999648
11099223.660761729166537 1547673.507003902500396
11099223.660761729166537 1547673.805589840000352
11099223.660761729166537 1547674.104175777500308
11099223.660761729166537 1547674.402761715000264
11099223.660761729166537 1547674.701347652500220
11099223.660761729166537 1547674.999933590000176
11099223.660761729166537 1547675.298519527500132
11099223.660761729166537 1547675.597105465000088
11099223.660761729166537 1547675.895691402500044
11099223.660761729166537 1547676.194277340000000
11099223.660761729166537 1547676.492863277499956
11099223.660761729166537 1547676.791449214999912
11099223.660761729166537 1547677.090035152499868
11099223.660761729166537 1547677.388621089999824
11099223.660761729166537 1547677.687207027499780
11099223.660761729166537 1547677.985792964999736
11099223.660761729166537 1547678.284378902499692
11099223.660761729166537 1547678.582964839999648
11099223.959342458333074 1547673.507003902500396
11099223.959342458333074 1547673.805589840000352
11099223.959342458333074 1547674.104175777500308
11099223.959342458333074 1547674.402761715000264
11099223.959342458333074 1547674.701347652500220
11099223.959342458333074 1547674.999933590000176
11099223.959342458333074 1547675.298519527500132
11099223.959342458333074 1547675.597105465000088
11099223.959342458333074 1547675.895691402500044
11099223.959342458333074 1547676.194277340000000
11099223.959342458333074 1547676.492863277499956
11099223.959342458333074 1547676.791449214999912
11099223.959342458333074 1547677.090035152499868
11099223.959342458333074 1547677.388621089999824
11099223.959342458333074 1547677.687207027499780
11099223.959342458333074 1547677.985792964999736
11099223.959342458333074 1547678.284378902499692
11099223.959342458333074 1547678.582964839999648
11099224.257923187499611 1547673.507003902500396
11099224.257923187499611 1547673.805589840000352
11099224.257923187499611 1547674.104175777500308
11099224.257923187499611 1547674.402761715000264
11099224.257923187499611 1547674.701347652500220
11099224.257923187499611 1547674.999933590000176
11099224.257923187499611 1547675.298519527500132
11099224.257923187499611 1547675.597105465000088
11099224.257923187499611 1547675.895691402500044
11099224.257923187499611 1547676.194277340000000
11099224.257923187499611 1547676.492863277499956
11099224.257923187499611 1547676.791449214999912
11099224.257923187499611 1547677.090035152499868
11099224.257923187499611 1547677.388621089999824
11099224.257923187499611 1547677.687207027499780
11099224.257923187499611 1547677.985792964999736
11099224.257923187499611 1547678.284378902499692
11099224.257923187499611 1547678.582964839999648
11099224.556503916666148 1547673.507003902500396
11099224.556503916666148 1547673.805589840000352
11099224.556503916666148 1547674.104175777500308
11099224.556503916666148 1547674.402761715000264
11099224.556503916666148 1547674.701347652500220
11099224.556503916666148 1547674.999933590000176
11099224.556503916666148 1547675.298519527500132
11099224.556503916666148 1547675.597105465000088
11099224.556503916666148 1547675.895691402500044
11099224.556503916666148 1547676.194277340000000
11099224.556503916666148 1547676.492863277499956
11099224.556503916666148 1547676.791449214999912
11099224.556503916666148 1547677.090035152499868
11099224.556503916666148 1547677.388621089999824
11099224.556503916666148 1547677.687207027499780
11099224.556503916666148 1547677.985792964999736
11099224.556503916666148 1547678.284378902499692
11099224.556503916666148 1547678.582964839999648
11099224.855084645832685 1547673.507003902500396
11099224.855084645832685 1547673.805589840000352
11099224.855084645832685 1547674.104175777500308
11099224.855084645832685 1547674.402761715000264
11099224.855084645832685 1547674.701347652500220
11099224.855084645832685 1547674.999933590000176
11099224.855084645832685 1547675.298519527500132
11099224.855084645832685 1547675.597105465000088
11099224.855084645832685 1547675.895691402500044
11099224.855084645832685 1547676.194277340000000
11099224.855084645832685 1547676.492863277499956
11099224.855084645832685 1547676.791449214999912
11099224.855084645832685 1547677.090035152499868
11099224.855084645832685 1547677.388621089999824
11099224.855084645832685 1547677.687207027499780
11099224.855084645832685 1547677.985792964999736
11099224.855084645832685 1547678.284378902499692
11099224.855084645832685 1547678.582964839999648
11099225.153665374999222 1547673.507003902500396
11099225.153665374999222 1547673.805589840000352
11099225.153665374999222 1547674.104175777500308
11099225.153665374999222 1547674.402761715000264
11099225.153665374999222 1547674.701347652500220
11099225.153665374999222 1547674.999933590000176
11099225.153665374999222 1547675.298519527500132
11099225.153665374999222 1547675.597105465000088
11099225.153665374999222 1547675.895691402500044
11099225.153665374999222 1547676.194277340000000
11099225.153665374999222 1547676.492863277499956
11099225.153665374999222 1547676.791449214999912
11099225.153665374999222 1547677.090035152499868
11099225.153665374999222 1547677.388621089999824
11099225.153665374999222 1547677.687207027499780
11099225.153665374999222 1547677.985792964999736
11099225.153665374999222 1547678.284378902499692
11099225.153665374999222 1547678.582964839999648
11099225.452246104165759 1547673.507003902500396
11099225.452246104165759 1547673.805589840000352
11099225.452246104165759 1547674.104175777500308
11099225.452246104165759 1547674.402761715000264
11099225.452246104165759 1547674.701347652500220
11099225.452246104165759 1547674.999933590000176
11099225.452246104165759 1547675.298519527500132
11099225.452246104165759 1547675.597105465000088
11099225.452246104165759 1547675.895691402500044
11099225.452246104165759 1547676.194277340000000
11099225.452246104165759 1547676.492863277499956
11099225.452246104165759 1547676.791449214999912
11099225.452246104165759 1547677.090035152499868
11099225.452246104165759 1547677.388621089999824
11099225.452246104165759 1547677.687207027499780
11099225.452246104165759 1547677.985792964999736
11099225.452246104165759 1547678.284378902499692
11099225.452246104165759 1547678.582964839999648
11099225.750826833332296 1547673.507003902500396
11099225.750826833332296 1547673.805589840000352
11099225.750826833332296 1547674.104175777500308
11099225.750826833332296 1547674.402761715000264
11099225.750826833332296 1547674.701347652500220
11099225.750826833332296 1547674.999933590000176
11099225.750826833332296 1547675.298519527500132
11099225.750826833332296 1547675.597105465000088
11099225.750826833332296 1547675.895691402500044
11099225.750826833332296 1547676.194277340000000
11099225.750826833332296 1547676.492863277499956
11099225.750826833332296 1547676.791449214999912
11099225.750826833332296 1547677.090035152499868
11099225.750826833332296 1547677.388621089999824
11099225.750826833332296 1547677.687207027499780
11099225.750826833332296 1547677.985792964999736
11099225.750826833332296 1547678.284378902499692
11099225.750826833332296 1547678.582964839999648
