11099247.248639337501167 1547615.879917972500396
11099247.248639337501167 1547616.178503910000352
11099247.248639337501167 1547616.477089847500308
11099247.248639337501167 1547616.775675785000264
11099247.248639337501167 1547617.074261722500220
11099247.248639337501167 1547617.372847660000176
11099247.248639337501167 1547617.671433597500132
11099247.248639337501167 1547617.970019535000088
11099247.248639337501167 1547618.268605472500044
11099247.248639337501167 1547618.567191410000000
11099247.248639337501167 1547618.865777347499956
11099247.248639337501167 1547619.164363284999912
11099247.248639337501167 1547619.462949222499868
11099247.248639337501167 1547619.761535159999824
11099247.248639337501167 1547620.060121097499780
11099247.248639337501167 1547620.358707034999736
11099247.248639337501167 1547620.657292972499692
11099247.248639337501167 1547620.955878909999648
11099247.547220066667704 1547615.879917972500396
11099247.547220066667704 1547616.178503910000352
11099247.547220066667704 1547616.477089847500308
11099247.547220066667704 1547616.775675785000264
11099247.547220066667704 1547617.074261722500220
11099247.547220066667704 1547617.372847660000176
11099247.547220066667704 1547617.671433597500132
11099247.547220066667704 1547617.970019535000088
11099247.547220066667704 1547618.268605472500044
11099247.547220066667704 1547618.567191410000000
11099247.547220066667704 1547618.865777347499956
11099247.547220066667704 1547619.164363284999912
11099247.547220066667704 1547619.462949222499868
11099247.547220066667704 1547619.761535159999824
11099247.547220066667704 1547620.060121097499780
11099247.547220066667704 1547620.358707034999736
11099247.547220066667704 1547620.657292972499692
11099247.547220066667704 1547620.955878909999648
11099247.845800795834241 1547615.879917972500396
11099247.845800795834241 1547616.178503910000352
11099247.845800795834241 1547616.477089847500308
11099247.845800795834241 1547616.775675785000264
11099247.845800795834241 1547617.074261722500220
11099247.845800795834241 1547617.372847660000176
11099247.845800795834241 1547617.671433597500132
11099247.845800795834241 1547617.970019535000088
11099247.845800795834241 1547618.268605472500044
11099247.845800795834241 1547618.567191410000000
11099247.845800795834241 1547618.865777347499956
11099247.845800795834241 1547619.164363284999912
11099247.845800795834241 1547619.462949222499868
11099247.845800795834241 1547619.761535159999824
11099247.845800795834241 1547620.060121097499780
11099247.845800795834241 1547620.358707034999736
11099247.845800795834241 1547620.657292972499692
11099247.845800795834241 1547620.955878909999648
11099248.144381525000778 1547615.879917972500396
11099248.144381525000778 1547616.178503910000352
11099248.144381525000778 1547616.477089847500308
11099248.144381525000778 1547616.775675785000264
11099248.144381525000778 1547617.074261722500220
11099248.144381525000778 1547617.372847660000176
11099248.144381525000778 1547617.671433597500132
11099248.144381525000778 1547617.970019535000088
11099248.144381525000778 1547618.268605472500044
11099248.144381525000778 1547618.567191410000000
11099248.144381525000778 1547618.865777347499956
11099248.144381525000778 1547619.164363284999912
11099248.144381525000778 1547619.462949222499868
11099248.144381525000778 1547619.761535159999824
11099248.144381525000778 1547620.060121097499780
11099248.144381525000778 1547620.358707034999736
11099248.144381525000778 1547620.657292972499692
11099248.144381525000778 1547620.955878909999648
11099248.442962254167315 1547615.879917972500396
11099248.442962254167315 1547616.178503910000352
11099248.442962254167315 1547616.477089847500308
11099248.442962254167315 1547616.775675785000264
11099248.442962254167315 1547617.074261722500220
11099248.442962254167315 1547617.372847660000176
11099248.442962254167315 1547617.671433597500132
11099248.442962254167315 1547617.970019535000088
11099248.442962254167315 1547618.268605472500044
11099248.442962254167315 1547618.567191410000000
11099248.442962254167315 1547618.865777347499956
11099248.442962254167315 1547619.164363284999912
11099248.442962254167315 1547619.462949222499868
11099248.442962254167315 1547619.761535159999824
11099248.442962254167315 1547620.060121097499780
11099248.442962254167315 1547620.358707034999736
11099248.442962254167315 1547620.657292972499692
11099248.442962254167315 1547620.955878909999648
11099248.741542983333852 1547615.879917972500396
11099248.741542983333852 1547616.178503910000352
11099248.741542983333852 1547616.477089847500308
11099248.741542983333852 1547616.775675785000264
11099248.741542983333852 1547617.074261722500220
11099248.741542983333852 1547617.372847660000176
11099248.741542983333852 1547617.671433597500132
11099248.741542983333852 1547617.970019535000088
11099248.741542983333852 1547618.268605472500044
11099248.741542983333852 1547618.567191410000000
11099248.741542983333852 1547618.865777347499956
11099248.741542983333852 1547619.164363284999912
11099248.741542983333852 1547619.462949222499868
11099248.741542983333852 1547619.761535159999824
11099248.741542983333852 1547620.060121097499780
11099248.741542983333852 1547620.358707034999736
11099248.741542983333852 1547620.657292972499692
11099248.741542983333852 1547620.955878909999648
11099249.040123712500389 1547615.879917972500396
11099249.040123712500389 1547616.178503910000352
11099249.040123712500389 1547616.477089847500308
11099249.040123712500389 1547616.775675785000264
11099249.040123712500389 1547617.074261722500220
11099249.040123712500389 1547617.372847660000176
11099249.040123712500389 1547617.671433597500132
11099249.040123712500389 1547617.970019535000088
11099249.040123712500389 1547618.268605472500044
11099249.040123712500389 1547618.567191410000000
11099249.040123712500389 1547618.865777347499956
11099249.040123712500389 1547619.164363284999912
11099249.040123712500389 1547619.462949222499868
11099249.040123712500389 1547619.761535159999824
11099249.040123712500389 1547620.060121097499780
11099249.040123712500389 1547620.358707034999736
11099249.040123712500389 1547620.657292972499692
11099249.040123712500389 1547620.955878909999648
11099249.338704441666926 1547615.879917972500396
11099249.338704441666926 1547616.178503910000352
11099249.338704441666926 1547616.477089847500308
11099249.338704441666926 1547616.775675785000264
11099249.338704441666926 1547617.074261722500220
11099249.338704441666926 1547617.372847660000176
11099249.338704441666926 1547617.671433597500132
11099249.338704441666926 1547617.970019535000088
11099249.338704441666926 1547618.268605472500044
11099249.338704441666926 1547618.567191410000000
11099249.338704441666926 1547618.865777347499956
11099249.338704441666926 1547619.164363284999912
11099249.338704441666926 1547619.462949222499868
11099249.338704441666926 1547619.761535159999824
11099249.338704441666926 1547620.060121097499780
11099249.338704441666926 1547620.358707034999736
11099249.338704441666926 1547620.657292972499692
11099249.338704441666926 1547620.955878909999648
11099249.637285170833463 1547615.879917972500396
11099249.637285170833463 1547616.178503910000352
11099249.637285170833463 1547616.477089847500308
11099249.637285170833463 1547616.775675785000264
11099249.637285170833463 1547617.074261722500220
11099249.637285170833463 1547617.372847660000176
11099249.637285170833463 1547617.671433597500132
11099249.637285170833463 1547617.970019535000088
11099249.637285170833463 1547618.268605472500044
11099249.637285170833463 1547618.567191410000000
11099249.637285170833463 1547618.865777347499956
11099249.637285170833463 1547619.164363284999912
11099249.637285170833463 1547619.462949222499868
11099249.637285170833463 1547619.761535159999824
11099249.637285170833463 1547620.060121097499780
11099249.637285170833463 1547620.358707034999736
11099249.637285170833463 1547620.657292972499692
11099249.637285170833463 1547620.955878909999648
11099249.935865900000000 1547615.879917972500396
11099249.935865900000000 1547616.178503910000352
11099249.935865900000000 1547616.477089847500308
11099249.935865900000000 1547616.775675785000264
11099249.935865900000000 1547617.074261722500220
11099249.935865900000000 1547617.372847660000176
11099249.935865900000000 1547617.671433597500132
11099249.935865900000000 1547617.970019535000088
11099249.935865900000000 1547618.268605472500044
11099249.935865900000000 1547618.567191410000000
11099249.935865900000000 1547618.865777347499956
11099249.935865900000000 1547619.164363284999912
11099249.935865900000000 1547619.462949222499868
11099249.935865900000000 1547619.761535159999824
11099249.935865900000000 1547620.060121097499780
11099249.935865900000000 1547620.358707034999736
11099249.935865900000000 1547620.657292972499692
11099249.935865900000000 1547620.955878909999648
11099250.234446629166537 1547615.879917972500396
11099250.234446629166537 1547616.178503910000352
11099250.234446629166537 1547616.477089847500308
11099250.234446629166537 1547616.775675785000264
11099250.234446629166537 1547617.074261722500220
11099250.234446629166537 1547617.372847660000176
11099250.234446629166537 1547617.671433597500132
11099250.234446629166537 1547617.970019535000088
11099250.234446629166537 1547618.268605472500044
11099250.234446629166537 1547618.567191410000000
11099250.234446629166537 1547618.865777347499956
11099250.234446629166537 1547619.164363284999912
11099250.234446629166537 1547619.462949222499868
11099250.234446629166537 1547619.761535159999824
11099250.234446629166537 1547620.060121097499780
11099250.234446629166537 1547620.358707034999736
11099250.234446629166537 1547620.657292972499692
11099250.234446629166537 1547620.955878909999648
11099250.533027358333074 1547615.879917972500396
11099250.533027358333074 1547616.178503910000352
11099250.533027358333074 1547616.477089847500308
11099250.533027358333074 1547616.775675785000264
11099250.533027358333074 1547617.074261722500220
11099250.533027358333074 1547617.372847660000176
11099250.533027358333074 1547617.671433597500132
11099250.533027358333074 1547617.970019535000088
11099250.533027358333074 1547618.268605472500044
11099250.533027358333074 1547618.567191410000000
11099250.533027358333074 1547618.865777347499956
11099250.533027358333074 1547619.164363284999912
11099250.533027358333074 1547619.462949222499868
11099250.533027358333074 1547619.761535159999824
11099250.533027358333074 1547620.060121097499780
11099250.533027358333074 1547620.358707034999736
11099250.533027358333074 1547620.657292972499692
11099250.533027358333074 1547620.955878909999648
11099250.831608087499611 1547615.879917972500396
11099250.831608087499611 1547616.178503910000352
11099250.831608087499611 1547616.477089847500308
11099250.831608087499611 1547616.775675785000264
11099250.831608087499611 1547617.074261722500220
11099250.831608087499611 1547617.372847660000176
11099250.831608087499611 1547617.671433597500132
11099250.831608087499611 1547617.970019535000088
11099250.831608087499611 1547618.268605472500044
11099250.831608087499611 1547618.567191410000000
11099250.831608087499611 1547618.865777347499956
11099250.831608087499611 1547619.164363284999912
11099250.831608087499611 1547619.462949222499868
11099250.831608087499611 1547619.761535159999824
11099250.831608087499611 1547620.060121097499780
11099250.831608087499611 1547620.358707034999736
11099250.831608087499611 1547620.657292972499692
11099250.831608087499611 1547620.955878909999648
11099251.130188816666148 1547615.879917972500396
11099251.130188816666148 1547616.178503910000352
11099251.130188816666148 1547616.477089847500308
11099251.130188816666148 1547616.775675785000264
11099251.130188816666148 1547617.074261722500220
11099251.130188816666148 1547617.372847660000176
11099251.130188816666148 1547617.671433597500132
11099251.130188816666148 1547617.970019535000088
11099251.130188816666148 1547618.268605472500044
11099251.130188816666148 1547618.567191410000000
11099251.130188816666148 1547618.865777347499956
11099251.130188816666148 1547619.164363284999912
11099251.130188816666148 1547619.462949222499868
11099251.130188816666148 1547619.761535159999824
11099251.130188816666148 1547620.060121097499780
11099251.130188816666148 1547620.358707034999736
11099251.130188816666148 1547620.657292972499692
11099251.130188816666148 1547620.955878909999648
11099251.428769545832685 1547615.879917972500396
11099251.428769545832685 1547616.178503910000352
11099251.428769545832685 1547616.477089847500308
11099251.428769545832685 1547616.775675785000264
11099251.428769545832685 1547617.074261722500220
11099251.428769545832685 1547617.372847660000176
11099251.428769545832685 1547617.671433597500132
11099251.428769545832685 1547617.970019535000088
11099251.428769545832685 1547618.268605472500044
11099251.428769545832685 1547618.567191410000000
11099251.428769545832685 1547618.865777347499956
11099251.428769545832685 1547619.164363284999912
11099251.428769545832685 1547619.462949222499868
11099251.428769545832685 1547619.761535159999824
11099251.428769545832685 1547620.060121097499780
11099251.428769545832685 1547620.358707034999736
11099251.428769545832685 1547620.657292972499692
11099251.428769545832685 1547620.955878909999648
11099251.727350274999222 1547615.879917972500396
11099251.727350274999222 1547616.178503910000352
11099251.727350274999222 1547616.477089847500308
11099251.727350274999222 1547616.775675785000264
11099251.727350274999222 1547617.074261722500220
11099251.727350274999222 1547617.372847660000176
11099251.727350274999222 1547617.671433597500132
11099251.727350274999222 1547617.970019535000088
11099251.727350274999222 1547618.268605472500044
11099251.727350274999222 1547618.567191410000000
11099251.727350274999222 1547618.865777347499956
11099251.727350274999222 1547619.164363284999912
11099251.727350274999222 1547619.462949222499868
11099251.727350274999222 1547619.761535159999824
11099251.727350274999222 1547620.060121097499780
11099251.727350274999222 1547620.358707034999736
11099251.727350274999222 1547620.657292972499692
11099251.727350274999222 1547620.955878909999648
11099252.025931004165759 1547615.879917972500396
11099252.025931004165759 1547616.178503910000352
11099252.025931004165759 1547616.477089847500308
11099252.025931004165759 1547616.775675785000264
11099252.025931004165759 1547617.074261722500220
11099252.025931004165759 1547617.372847660000176
11099252.025931004165759 1547617.671433597500132
11099252.025931004165759 1547617.970019535000088
11099252.025931004165759 1547618.268605472500044
11099252.025931004165759 1547618.567191410000000
11099252.025931004165759 1547618.865777347499956
11099252.025931004165759 1547619.164363284999912
11099252.025931004165759 1547619.462949222499868
11099252.025931004165759 1547619.761535159999824
11099252.025931004165759 1547620.060121097499780
11099252.025931004165759 1547620.358707034999736
11099252.025931004165759 1547620.657292972499692
11099252.025931004165759 1547620.955878909999648
11099252.324511733332296 1547615.879917972500396
11099252.324511733332296 1547616.178503910000352
11099252.324511733332296 1547616.477089847500308
11099252.324511733332296 1547616.775675785000264
11099252.324511733332296 1547617.074261722500220
11099252.324511733332296 1547617.372847660000176
11099252.324511733332296 1547617.671433597500132
11099252.324511733332296 1547617.970019535000088
11099252.324511733332296 1547618.268605472500044
11099252.324511733332296 1547618.567191410000000
11099252.324511733332296 1547618.865777347499956
11099252.324511733332296 1547619.164363284999912
11099252.324511733332296 1547619.462949222499868
11099252.324511733332296 1547619.761535159999824
11099252.324511733332296 1547620.060121097499780
11099252.324511733332296 1547620.358707034999736
11099252.324511733332296 1547620.657292972499692
11099252.324511733332296 1547620.955878909999648
