11099072.280332037501167 1547547.503738282500396
11099072.280332037501167 1547547.802324220000352
11099072.280332037501167 1547548.100910157500308
11099072.280332037501167 1547548.399496095000264
11099072.280332037501167 1547548.698082032500220
11099072.280332037501167 1547548.996667970000176
11099072.280332037501167 1547549.295253907500132
11099072.280332037501167 1547549.593839845000088
11099072.280332037501167 1547549.892425782500044
11099072.280332037501167 1547550.191011720000000
11099072.280332037501167 1547550.489597657499956
11099072.280332037501167 1547550.788183594999912
11099072.280332037501167 1547551.086769532499868
11099072.280332037501167 1547551.385355469999824
11099072.280332037501167 1547551.683941407499780
11099072.280332037501167 1547551.982527344999736
11099072.280332037501167 1547552.281113282499692
11099072.280332037501167 1547552.579699219999648
11099072.578912766667704 1547547.503738282500396
11099072.578912766667704 1547547.802324220000352
11099072.578912766667704 1547548.100910157500308
11099072.578912766667704 1547548.399496095000264
11099072.578912766667704 1547548.698082032500220
11099072.578912766667704 1547548.996667970000176
11099072.578912766667704 1547549.295253907500132
11099072.578912766667704 1547549.593839845000088
11099072.578912766667704 1547549.892425782500044
11099072.578912766667704 1547550.191011720000000
11099072.578912766667704 1547550.489597657499956
11099072.578912766667704 1547550.788183594999912
11099072.578912766667704 1547551.086769532499868
11099072.578912766667704 1547551.385355469999824
11099072.578912766667704 1547551.683941407499780
11099072.578912766667704 1547551.982527344999736
11099072.578912766667704 1547552.281113282499692
11099072.578912766667704 1547552.579699219999648
11099072.877493495834241 1547547.503738282500396
11099072.877493495834241 1547547.802324220000352
11099072.877493495834241 1547548.100910157500308
11099072.877493495834241 1547548.399496095000264
11099072.877493495834241 1547548.698082032500220
11099072.877493495834241 1547548.996667970000176
11099072.877493495834241 1547549.295253907500132
11099072.877493495834241 1547549.593839845000088
11099072.877493495834241 1547549.892425782500044
11099072.877493495834241 1547550.191011720000000
11099072.877493495834241 1547550.489597657499956
11099072.877493495834241 1547550.788183594999912
11099072.877493495834241 1547551.086769532499868
11099072.877493495834241 1547551.385355469999824
11099072.877493495834241 1547551.683941407499780
11099072.877493495834241 1547551.982527344999736
11099072.877493495834241 1547552.281113282499692
11099072.877493495834241 1547552.579699219999648
11099073.176074225000778 1547547.503738282500396
11099073.176074225000778 1547547.802324220000352
11099073.176074225000778 1547548.100910157500308
11099073.176074225000778 1547548.399496095000264
11099073.176074225000778 1547548.698082032500220
11099073.176074225000778 1547548.996667970000176
11099073.176074225000778 1547549.295253907500132
11099073.176074225000778 1547549.593839845000088
11099073.176074225000778 1547549.892425782500044
11099073.176074225000778 1547550.191011720000000
11099073.176074225000778 1547550.489597657499956
11099073.176074225000778 1547550.788183594999912
11099073.176074225000778 1547551.086769532499868
11099073.176074225000778 1547551.385355469999824
11099073.176074225000778 1547551.683941407499780
11099073.176074225000778 1547551.982527344999736
11099073.176074225000778 1547552.281113282499692
11099073.176074225000778 1547552.579699219999648
11099073.474654954167315 1547547.503738282500396
11099073.474654954167315 1547547.802324220000352
11099073.474654954167315 1547548.100910157500308
11099073.474654954167315 1547548.399496095000264
11099073.474654954167315 1547548.698082032500220
11099073.474654954167315 1547548.996667970000176
11099073.474654954167315 1547549.295253907500132
11099073.474654954167315 1547549.593839845000088
11099073.474654954167315 1547549.892425782500044
11099073.474654954167315 1547550.191011720000000
11099073.474654954167315 1547550.489597657499956
11099073.474654954167315 1547550.788183594999912
11099073.474654954167315 1547551.086769532499868
11099073.474654954167315 1547551.385355469999824
11099073.474654954167315 1547551.683941407499780
11099073.474654954167315 1547551.982527344999736
11099073.474654954167315 1547552.281113282499692
11099073.474654954167315 1547552.579699219999648
11099073.773235683333852 1547547.503738282500396
11099073.773235683333852 1547547.802324220000352
11099073.773235683333852 1547548.100910157500308
11099073.773235683333852 1547548.399496095000264
11099073.773235683333852 1547548.698082032500220
11099073.773235683333852 1547548.996667970000176
11099073.773235683333852 1547549.295253907500132
11099073.773235683333852 1547549.593839845000088
11099073.773235683333852 1547549.892425782500044
11099073.773235683333852 1547550.191011720000000
11099073.773235683333852 1547550.489597657499956
11099073.773235683333852 1547550.788183594999912
11099073.773235683333852 1547551.086769532499868
11099073.773235683333852 1547551.385355469999824
11099073.773235683333852 1547551.683941407499780
11099073.773235683333852 1547551.982527344999736
11099073.773235683333852 1547552.281113282499692
11099073.773235683333852 1547552.579699219999648
11099074.071816412500389 1547547.503738282500396
11099074.071816412500389 1547547.802324220000352
11099074.071816412500389 1547548.100910157500308
11099074.071816412500389 1547548.399496095000264
11099074.071816412500389 1547548.698082032500220
11099074.071816412500389 1547548.996667970000176
11099074.071816412500389 1547549.295253907500132
11099074.071816412500389 1547549.593839845000088
11099074.071816412500389 1547549.892425782500044
11099074.071816412500389 1547550.191011720000000
11099074.071816412500389 1547550.489597657499956
11099074.071816412500389 1547550.788183594999912
11099074.071816412500389 1547551.086769532499868
11099074.071816412500389 1547551.385355469999824
11099074.071816412500389 1547551.683941407499780
11099074.071816412500389 1547551.982527344999736
11099074.071816412500389 1547552.281113282499692
11099074.071816412500389 1547552.579699219999648
11099074.370397141666926 1547547.503738282500396
11099074.370397141666926 1547547.802324220000352
11099074.370397141666926 1547548.100910157500308
11099074.370397141666926 1547548.399496095000264
11099074.370397141666926 1547548.698082032500220
11099074.370397141666926 1547548.996667970000176
11099074.370397141666926 1547549.295253907500132
11099074.370397141666926 1547549.593839845000088
11099074.370397141666926 1547549.892425782500044
11099074.370397141666926 1547550.191011720000000
11099074.370397141666926 1547550.489597657499956
11099074.370397141666926 1547550.788183594999912
11099074.370397141666926 1547551.086769532499868
11099074.370397141666926 1547551.385355469999824
11099074.370397141666926 1547551.683941407499780
11099074.370397141666926 1547551.982527344999736
11099074.370397141666926 1547552.281113282499692
11099074.370397141666926 1547552.579699219999648
11099074.668977870833463 1547547.503738282500396
11099074.668977870833463 1547547.802324220000352
11099074.668977870833463 1547548.100910157500308
11099074.668977870833463 1547548.399496095000264
11099074.668977870833463 1547548.698082032500220
11099074.668977870833463 1547548.996667970000176
11099074.668977870833463 1547549.295253907500132
11099074.668977870833463 1547549.593839845000088
11099074.668977870833463 1547549.892425782500044
11099074.668977870833463 1547550.191011720000000
11099074.668977870833463 1547550.489597657499956
11099074.668977870833463 1547550.788183594999912
11099074.668977870833463 1547551.086769532499868
11099074.668977870833463 1547551.385355469999824
11099074.668977870833463 1547551.683941407499780
11099074.668977870833463 1547551.982527344999736
11099074.668977870833463 1547552.281113282499692
11099074.668977870833463 1547552.579699219999648
11099074.967558600000000 1547547.503738282500396
11099074.967558600000000 1547547.802324220000352
11099074.967558600000000 1547548.100910157500308
11099074.967558600000000 1547548.399496095000264
11099074.967558600000000 1547548.698082032500220
11099074.967558600000000 1547548.996667970000176
11099074.967558600000000 1547549.295253907500132
11099074.967558600000000 1547549.593839845000088
11099074.967558600000000 1547549.892425782500044
11099074.967558600000000 1547550.191011720000000
11099074.967558600000000 1547550.489597657499956
11099074.967558600000000 1547550.788183594999912
11099074.967558600000000 1547551.086769532499868
11099074.967558600000000 1547551.385355469999824
11099074.967558600000000 1547551.683941407499780
11099074.967558600000000 1547551.982527344999736
11099074.967558600000000 1547552.281113282499692
11099074.967558600000000 1547552.579699219999648
11099075.266139329166537 1547547.503738282500396
11099075.266139329166537 1547547.802324220000352
11099075.266139329166537 1547548.100910157500308
11099075.266139329166537 1547548.399496095000264
11099075.266139329166537 1547548.698082032500220
11099075.266139329166537 1547548.996667970000176
11099075.266139329166537 1547549.295253907500132
11099075.266139329166537 1547549.593839845000088
11099075.266139329166537 1547549.892425782500044
11099075.266139329166537 1547550.191011720000000
11099075.266139329166537 1547550.489597657499956
11099075.266139329166537 1547550.788183594999912
11099075.266139329166537 1547551.086769532499868
11099075.266139329166537 1547551.385355469999824
11099075.266139329166537 1547551.683941407499780
11099075.266139329166537 1547551.982527344999736
11099075.266139329166537 1547552.281113282499692
11099075.266139329166537 1547552.579699219999648
11099075.564720058333074 1547547.503738282500396
11099075.564720058333074 1547547.802324220000352
11099075.564720058333074 1547548.100910157500308
11099075.564720058333074 1547548.399496095000264
11099075.564720058333074 1547548.698082032500220
11099075.564720058333074 1547548.996667970000176
11099075.564720058333074 1547549.295253907500132
11099075.564720058333074 1547549.593839845000088
11099075.564720058333074 1547549.892425782500044
11099075.564720058333074 1547550.191011720000000
11099075.564720058333074 1547550.489597657499956
11099075.564720058333074 1547550.788183594999912
11099075.564720058333074 1547551.086769532499868
11099075.564720058333074 1547551.385355469999824
11099075.564720058333074 1547551.683941407499780
11099075.564720058333074 1547551.982527344999736
11099075.564720058333074 1547552.281113282499692
11099075.564720058333074 1547552.579699219999648
11099075.863300787499611 1547547.503738282500396
11099075.863300787499611 1547547.802324220000352
11099075.863300787499611 1547548.100910157500308
11099075.863300787499611 1547548.399496095000264
11099075.863300787499611 1547548.698082032500220
11099075.863300787499611 1547548.996667970000176
11099075.863300787499611 1547549.295253907500132
11099075.863300787499611 1547549.593839845000088
11099075.863300787499611 1547549.892425782500044
11099075.863300787499611 1547550.191011720000000
11099075.863300787499611 1547550.489597657499956
11099075.863300787499611 1547550.788183594999912
11099075.863300787499611 1547551.086769532499868
11099075.863300787499611 1547551.385355469999824
11099075.863300787499611 1547551.683941407499780
11099075.863300787499611 1547551.982527344999736
11099075.863300787499611 1547552.281113282499692
11099075.863300787499611 1547552.579699219999648
11099076.161881516666148 1547547.503738282500396
11099076.161881516666148 1547547.802324220000352
11099076.161881516666148 1547548.100910157500308
11099076.161881516666148 1547548.399496095000264
11099076.161881516666148 1547548.698082032500220
11099076.161881516666148 1547548.996667970000176
11099076.161881516666148 1547549.295253907500132
11099076.161881516666148 1547549.593839845000088
11099076.161881516666148 1547549.892425782500044
11099076.161881516666148 1547550.191011720000000
11099076.161881516666148 1547550.489597657499956
11099076.161881516666148 1547550.788183594999912
11099076.161881516666148 1547551.086769532499868
11099076.161881516666148 1547551.385355469999824
11099076.161881516666148 1547551.683941407499780
11099076.161881516666148 1547551.982527344999736
11099076.161881516666148 1547552.281113282499692
11099076.161881516666148 1547552.579699219999648
11099076.460462245832685 1547547.503738282500396
11099076.460462245832685 1547547.802324220000352
11099076.460462245832685 1547548.100910157500308
11099076.460462245832685 1547548.399496095000264
11099076.460462245832685 1547548.698082032500220
11099076.460462245832685 1547548.996667970000176
11099076.460462245832685 1547549.295253907500132
11099076.460462245832685 1547549.593839845000088
11099076.460462245832685 1547549.892425782500044
11099076.460462245832685 1547550.191011720000000
11099076.460462245832685 1547550.489597657499956
11099076.460462245832685 1547550.788183594999912
11099076.460462245832685 1547551.086769532499868
11099076.460462245832685 1547551.385355469999824
11099076.460462245832685 1547551.683941407499780
11099076.460462245832685 1547551.982527344999736
11099076.460462245832685 1547552.281113282499692
11099076.460462245832685 1547552.579699219999648
11099076.759042974999222 1547547.503738282500396
11099076.759042974999222 1547547.802324220000352
11099076.759042974999222 1547548.100910157500308
11099076.759042974999222 1547548.399496095000264
11099076.759042974999222 1547548.698082032500220
11099076.759042974999222 1547548.996667970000176
11099076.759042974999222 1547549.295253907500132
11099076.759042974999222 1547549.593839845000088
11099076.759042974999222 1547549.892425782500044
11099076.759042974999222 1547550.191011720000000
11099076.759042974999222 1547550.489597657499956
11099076.759042974999222 1547550.788183594999912
11099076.759042974999222 1547551.086769532499868
11099076.759042974999222 1547551.385355469999824
11099076.759042974999222 1547551.683941407499780
11099076.759042974999222 1547551.982527344999736
11099076.759042974999222 1547552.281113282499692
11099076.759042974999222 1547552.579699219999648
11099077.057623704165759 1547547.503738282500396
11099077.057623704165759 1547547.802324220000352
11099077.057623704165759 1547548.100910157500308
11099077.057623704165759 1547548.399496095000264
11099077.057623704165759 1547548.698082032500220
11099077.057623704165759 1547548.996667970000176
11099077.057623704165759 1547549.295253907500132
11099077.057623704165759 1547549.593839845000088
11099077.057623704165759 1547549.892425782500044
11099077.057623704165759 1547550.191011720000000
11099077.057623704165759 1547550.489597657499956
11099077.057623704165759 1547550.788183594999912
11099077.057623704165759 1547551.086769532499868
11099077.057623704165759 1547551.385355469999824
11099077.057623704165759 1547551.683941407499780
11099077.057623704165759 1547551.982527344999736
11099077.057623704165759 1547552.281113282499692
11099077.057623704165759 1547552.579699219999648
11099077.356204433332296 1547547.503738282500396
11099077.356204433332296 1547547.802324220000352
11099077.356204433332296 1547548.100910157500308
11099077.356204433332296 1547548.399496095000264
11099077.356204433332296 1547548.698082032500220
11099077.356204433332296 1547548.996667970000176
11099077.356204433332296 1547549.295253907500132
11099077.356204433332296 1547549.593839845000088
11099077.356204433332296 1547549.892425782500044
11099077.356204433332296 1547550.191011720000000
11099077.356204433332296 1547550.489597657499956
11099077.356204433332296 1547550.788183594999912
11099077.356204433332296 1547551.086769532499868
11099077.356204433332296 1547551.385355469999824
11099077.356204433332296 1547551.683941407499780
11099077.356204433332296 1547551.982527344999736
11099077.356204433332296 1547552.281113282499692
11099077.356204433332296 1547552.579699219999648
