11098873.425566437501167 1547833.847652342500396
11098873.425566437501167 1547834.146238280000352
11098873.425566437501167 1547834.444824217500308
11098873.425566437501167 1547834.743410155000264
11098873.425566437501167 1547835.041996092500220
11098873.425566437501167 1547835.340582030000176
11098873.425566437501167 1547835.639167967500132
11098873.425566437501167 1547835.937753905000088
11098873.425566437501167 1547836.236339842500044
11098873.425566437501167 1547836.534925780000000
11098873.425566437501167 1547836.833511717499956
11098873.425566437501167 1547837.132097654999912
11098873.425566437501167 1547837.430683592499868
11098873.425566437501167 1547837.729269529999824
11098873.425566437501167 1547838.027855467499780
11098873.425566437501167 1547838.326441404999736
11098873.425566437501167 1547838.625027342499692
11098873.425566437501167 1547838.923613279999648
11098873.724147166667704 1547833.847652342500396
11098873.724147166667704 1547834.146238280000352
11098873.724147166667704 1547834.444824217500308
11098873.724147166667704 1547834.743410155000264
11098873.724147166667704 1547835.041996092500220
11098873.724147166667704 1547835.340582030000176
11098873.724147166667704 1547835.639167967500132
11098873.724147166667704 1547835.937753905000088
11098873.724147166667704 1547836.236339842500044
11098873.724147166667704 1547836.534925780000000
11098873.724147166667704 1547836.833511717499956
11098873.724147166667704 1547837.132097654999912
11098873.724147166667704 1547837.430683592499868
11098873.724147166667704 1547837.729269529999824
11098873.724147166667704 1547838.027855467499780
11098873.724147166667704 1547838.326441404999736
11098873.724147166667704 1547838.625027342499692
11098873.724147166667704 1547838.923613279999648
11098874.022727895834241 1547833.847652342500396
11098874.022727895834241 1547834.146238280000352
11098874.022727895834241 1547834.444824217500308
11098874.022727895834241 1547834.743410155000264
11098874.022727895834241 1547835.041996092500220
11098874.022727895834241 1547835.340582030000176
11098874.022727895834241 1547835.639167967500132
11098874.022727895834241 1547835.937753905000088
11098874.022727895834241 1547836.236339842500044
11098874.022727895834241 1547836.534925780000000
11098874.022727895834241 1547836.833511717499956
11098874.022727895834241 1547837.132097654999912
11098874.022727895834241 1547837.430683592499868
11098874.022727895834241 1547837.729269529999824
11098874.022727895834241 1547838.027855467499780
11098874.022727895834241 1547838.326441404999736
11098874.022727895834241 1547838.625027342499692
11098874.022727895834241 1547838.923613279999648
11098874.321308625000778 1547833.847652342500396
11098874.321308625000778 1547834.146238280000352
11098874.321308625000778 1547834.444824217500308
11098874.321308625000778 1547834.743410155000264
11098874.321308625000778 1547835.041996092500220
11098874.321308625000778 1547835.340582030000176
11098874.321308625000778 1547835.639167967500132
11098874.321308625000778 1547835.937753905000088
11098874.321308625000778 1547836.236339842500044
11098874.321308625000778 1547836.534925780000000
11098874.321308625000778 1547836.833511717499956
11098874.321308625000778 1547837.132097654999912
11098874.321308625000778 1547837.430683592499868
11098874.321308625000778 1547837.729269529999824
11098874.321308625000778 1547838.027855467499780
11098874.321308625000778 1547838.326441404999736
11098874.321308625000778 1547838.625027342499692
11098874.321308625000778 1547838.923613279999648
11098874.619889354167315 1547833.847652342500396
11098874.619889354167315 1547834.146238280000352
11098874.619889354167315 1547834.444824217500308
11098874.619889354167315 1547834.743410155000264
11098874.619889354167315 1547835.041996092500220
11098874.619889354167315 1547835.340582030000176
11098874.619889354167315 1547835.639167967500132
11098874.619889354167315 1547835.937753905000088
11098874.619889354167315 1547836.236339842500044
11098874.619889354167315 1547836.534925780000000
11098874.619889354167315 1547836.833511717499956
11098874.619889354167315 1547837.132097654999912
11098874.619889354167315 1547837.430683592499868
11098874.619889354167315 1547837.729269529999824
11098874.619889354167315 1547838.027855467499780
11098874.619889354167315 1547838.326441404999736
11098874.619889354167315 1547838.625027342499692
11098874.619889354167315 1547838.923613279999648
11098874.918470083333852 1547833.847652342500396
11098874.918470083333852 1547834.146238280000352
11098874.918470083333852 1547834.444824217500308
11098874.918470083333852 1547834.743410155000264
11098874.918470083333852 1547835.041996092500220
11098874.918470083333852 1547835.340582030000176
11098874.918470083333852 1547835.639167967500132
11098874.918470083333852 1547835.937753905000088
11098874.918470083333852 1547836.236339842500044
11098874.918470083333852 1547836.534925780000000
11098874.918470083333852 1547836.833511717499956
11098874.918470083333852 1547837.132097654999912
11098874.918470083333852 1547837.430683592499868
11098874.918470083333852 1547837.729269529999824
11098874.918470083333852 1547838.027855467499780
11098874.918470083333852 1547838.326441404999736
11098874.918470083333852 1547838.625027342499692
11098874.918470083333852 1547838.923613279999648
11098875.217050812500389 1547833.847652342500396
11098875.217050812500389 1547834.146238280000352
11098875.217050812500389 1547834.444824217500308
11098875.217050812500389 1547834.743410155000264
11098875.217050812500389 1547835.041996092500220
11098875.217050812500389 1547835.340582030000176
11098875.217050812500389 1547835.639167967500132
11098875.217050812500389 1547835.937753905000088
11098875.217050812500389 1547836.236339842500044
11098875.217050812500389 1547836.534925780000000
11098875.217050812500389 1547836.833511717499956
11098875.217050812500389 1547837.132097654999912
11098875.217050812500389 1547837.430683592499868
11098875.217050812500389 1547837.729269529999824
11098875.217050812500389 1547838.027855467499780
11098875.217050812500389 1547838.326441404999736
11098875.217050812500389 1547838.625027342499692
11098875.217050812500389 1547838.923613279999648
11098875.515631541666926 1547833.847652342500396
11098875.515631541666926 1547834.146238280000352
11098875.515631541666926 1547834.444824217500308
11098875.515631541666926 1547834.743410155000264
11098875.515631541666926 1547835.041996092500220
11098875.515631541666926 1547835.340582030000176
11098875.515631541666926 1547835.639167967500132
11098875.515631541666926 1547835.937753905000088
11098875.515631541666926 1547836.236339842500044
11098875.515631541666926 1547836.534925780000000
11098875.515631541666926 1547836.833511717499956
11098875.515631541666926 1547837.132097654999912
11098875.515631541666926 1547837.430683592499868
11098875.515631541666926 1547837.729269529999824
11098875.515631541666926 1547838.027855467499780
11098875.515631541666926 1547838.326441404999736
11098875.515631541666926 1547838.625027342499692
11098875.515631541666926 1547838.923613279999648
11098875.814212270833463 1547833.847652342500396
11098875.814212270833463 1547834.146238280000352
11098875.814212270833463 1547834.444824217500308
11098875.814212270833463 1547834.743410155000264
11098875.814212270833463 1547835.041996092500220
11098875.814212270833463 1547835.340582030000176
11098875.814212270833463 1547835.639167967500132
11098875.814212270833463 1547835.937753905000088
11098875.814212270833463 1547836.236339842500044
11098875.814212270833463 1547836.534925780000000
11098875.814212270833463 1547836.833511717499956
11098875.814212270833463 1547837.132097654999912
11098875.814212270833463 1547837.430683592499868
11098875.814212270833463 1547837.729269529999824
11098875.814212270833463 1547838.027855467499780
11098875.814212270833463 1547838.326441404999736
11098875.814212270833463 1547838.625027342499692
11098875.814212270833463 1547838.923613279999648
11098876.112793000000000 1547833.847652342500396
11098876.112793000000000 1547834.146238280000352
11098876.112793000000000 1547834.444824217500308
11098876.112793000000000 1547834.743410155000264
11098876.112793000000000 1547835.041996092500220
11098876.112793000000000 1547835.340582030000176
11098876.112793000000000 1547835.639167967500132
11098876.112793000000000 1547835.937753905000088
11098876.112793000000000 1547836.236339842500044
11098876.112793000000000 1547836.534925780000000
11098876.112793000000000 1547836.833511717499956
11098876.112793000000000 1547837.132097654999912
11098876.112793000000000 1547837.430683592499868
11098876.112793000000000 1547837.729269529999824
11098876.112793000000000 1547838.027855467499780
11098876.112793000000000 1547838.326441404999736
11098876.112793000000000 1547838.625027342499692
11098876.112793000000000 1547838.923613279999648
11098876.411373729166537 1547833.847652342500396
11098876.411373729166537 1547834.146238280000352
11098876.411373729166537 1547834.444824217500308
11098876.411373729166537 1547834.743410155000264
11098876.411373729166537 1547835.041996092500220
11098876.411373729166537 1547835.340582030000176
11098876.411373729166537 1547835.639167967500132
11098876.411373729166537 1547835.937753905000088
11098876.411373729166537 1547836.236339842500044
11098876.411373729166537 1547836.534925780000000
11098876.411373729166537 1547836.833511717499956
11098876.411373729166537 1547837.132097654999912
11098876.411373729166537 1547837.430683592499868
11098876.411373729166537 1547837.729269529999824
11098876.411373729166537 1547838.027855467499780
11098876.411373729166537 1547838.326441404999736
11098876.411373729166537 1547838.625027342499692
11098876.411373729166537 1547838.923613279999648
11098876.709954458333074 1547833.847652342500396
11098876.709954458333074 1547834.146238280000352
11098876.709954458333074 1547834.444824217500308
11098876.709954458333074 1547834.743410155000264
11098876.709954458333074 1547835.041996092500220
11098876.709954458333074 1547835.340582030000176
11098876.709954458333074 1547835.639167967500132
11098876.709954458333074 1547835.937753905000088
11098876.709954458333074 1547836.236339842500044
11098876.709954458333074 1547836.534925780000000
11098876.709954458333074 1547836.833511717499956
11098876.709954458333074 1547837.132097654999912
11098876.709954458333074 1547837.430683592499868
11098876.709954458333074 1547837.729269529999824
11098876.709954458333074 1547838.027855467499780
11098876.709954458333074 1547838.326441404999736
11098876.709954458333074 1547838.625027342499692
11098876.709954458333074 1547838.923613279999648
11098877.008535187499611 1547833.847652342500396
11098877.008535187499611 1547834.146238280000352
11098877.008535187499611 1547834.444824217500308
11098877.008535187499611 1547834.743410155000264
11098877.008535187499611 1547835.041996092500220
11098877.008535187499611 1547835.340582030000176
11098877.008535187499611 1547835.639167967500132
11098877.008535187499611 1547835.937753905000088
11098877.008535187499611 1547836.236339842500044
11098877.008535187499611 1547836.534925780000000
11098877.008535187499611 1547836.833511717499956
11098877.008535187499611 1547837.132097654999912
11098877.008535187499611 1547837.430683592499868
11098877.008535187499611 1547837.729269529999824
11098877.008535187499611 1547838.027855467499780
11098877.008535187499611 1547838.326441404999736
11098877.008535187499611 1547838.625027342499692
11098877.008535187499611 1547838.923613279999648
11098877.307115916666148 1547833.847652342500396
11098877.307115916666148 1547834.146238280000352
11098877.307115916666148 1547834.444824217500308
11098877.307115916666148 1547834.743410155000264
11098877.307115916666148 1547835.041996092500220
11098877.307115916666148 1547835.340582030000176
11098877.307115916666148 1547835.639167967500132
11098877.307115916666148 1547835.937753905000088
11098877.307115916666148 1547836.236339842500044
11098877.307115916666148 1547836.534925780000000
11098877.307115916666148 1547836.833511717499956
11098877.307115916666148 1547837.132097654999912
11098877.307115916666148 1547837.430683592499868
11098877.307115916666148 1547837.729269529999824
11098877.307115916666148 1547838.027855467499780
11098877.307115916666148 1547838.326441404999736
11098877.307115916666148 1547838.625027342499692
11098877.307115916666148 1547838.923613279999648
11098877.605696645832685 1547833.847652342500396
11098877.605696645832685 1547834.146238280000352
11098877.605696645832685 1547834.444824217500308
11098877.605696645832685 1547834.743410155000264
11098877.605696645832685 1547835.041996092500220
11098877.605696645832685 1547835.340582030000176
11098877.605696645832685 1547835.639167967500132
11098877.605696645832685 1547835.937753905000088
11098877.605696645832685 1547836.236339842500044
11098877.605696645832685 1547836.534925780000000
11098877.605696645832685 1547836.833511717499956
11098877.605696645832685 1547837.132097654999912
11098877.605696645832685 1547837.430683592499868
11098877.605696645832685 1547837.729269529999824
11098877.605696645832685 1547838.027855467499780
11098877.605696645832685 1547838.326441404999736
11098877.605696645832685 1547838.625027342499692
11098877.605696645832685 1547838.923613279999648
11098877.904277374999222 1547833.847652342500396
11098877.904277374999222 1547834.146238280000352
11098877.904277374999222 1547834.444824217500308
11098877.904277374999222 1547834.743410155000264
11098877.904277374999222 1547835.041996092500220
11098877.904277374999222 1547835.340582030000176
11098877.904277374999222 1547835.639167967500132
11098877.904277374999222 1547835.937753905000088
11098877.904277374999222 1547836.236339842500044
11098877.904277374999222 1547836.534925780000000
11098877.904277374999222 1547836.833511717499956
11098877.904277374999222 1547837.132097654999912
11098877.904277374999222 1547837.430683592499868
11098877.904277374999222 1547837.729269529999824
11098877.904277374999222 1547838.027855467499780
11098877.904277374999222 1547838.326441404999736
11098877.904277374999222 1547838.625027342499692
11098877.904277374999222 1547838.923613279999648
11098878.202858104165759 1547833.847652342500396
11098878.202858104165759 1547834.146238280000352
11098878.202858104165759 1547834.444824217500308
11098878.202858104165759 1547834.743410155000264
11098878.202858104165759 1547835.041996092500220
11098878.202858104165759 1547835.340582030000176
11098878.202858104165759 1547835.639167967500132
11098878.202858104165759 1547835.937753905000088
11098878.202858104165759 1547836.236339842500044
11098878.202858104165759 1547836.534925780000000
11098878.202858104165759 1547836.833511717499956
11098878.202858104165759 1547837.132097654999912
11098878.202858104165759 1547837.430683592499868
11098878.202858104165759 1547837.729269529999824
11098878.202858104165759 1547838.027855467499780
11098878.202858104165759 1547838.326441404999736
11098878.202858104165759 1547838.625027342499692
11098878.202858104165759 1547838.923613279999648
11098878.501438833332296 1547833.847652342500396
11098878.501438833332296 1547834.146238280000352
11098878.501438833332296 1547834.444824217500308
11098878.501438833332296 1547834.743410155000264
11098878.501438833332296 1547835.041996092500220
11098878.501438833332296 1547835.340582030000176
11098878.501438833332296 1547835.639167967500132
11098878.501438833332296 1547835.937753905000088
11098878.501438833332296 1547836.236339842500044
11098878.501438833332296 1547836.534925780000000
11098878.501438833332296 1547836.833511717499956
11098878.501438833332296 1547837.132097654999912
11098878.501438833332296 1547837.430683592499868
11098878.501438833332296 1547837.729269529999824
11098878.501438833332296 1547838.027855467499780
11098878.501438833332296 1547838.326441404999736
11098878.501438833332296 1547838.625027342499692
11098878.501438833332296 1547838.923613279999648
