11098922.094225237501167 1547562.731621092500396
11098922.094225237501167 1547563.030207030000352
11098922.094225237501167 1547563.328792967500308
11098922.094225237501167 1547563.627378905000264
11098922.094225237501167 1547563.925964842500220
11098922.094225237501167 1547564.224550780000176
11098922.094225237501167 1547564.523136717500132
11098922.094225237501167 1547564.821722655000088
11098922.094225237501167 1547565.120308592500044
11098922.094225237501167 1547565.418894530000000
11098922.094225237501167 1547565.717480467499956
11098922.094225237501167 1547566.016066404999912
11098922.094225237501167 1547566.314652342499868
11098922.094225237501167 1547566.613238279999824
11098922.094225237501167 1547566.911824217499780
11098922.094225237501167 1547567.210410154999736
11098922.094225237501167 1547567.508996092499692
11098922.094225237501167 1547567.807582029999648
11098922.392805966667704 1547562.731621092500396
11098922.392805966667704 1547563.030207030000352
11098922.392805966667704 1547563.328792967500308
11098922.392805966667704 1547563.627378905000264
11098922.392805966667704 1547563.925964842500220
11098922.392805966667704 1547564.224550780000176
11098922.392805966667704 1547564.523136717500132
11098922.392805966667704 1547564.821722655000088
11098922.392805966667704 1547565.120308592500044
11098922.392805966667704 1547565.418894530000000
11098922.392805966667704 1547565.717480467499956
11098922.392805966667704 1547566.016066404999912
11098922.392805966667704 1547566.314652342499868
11098922.392805966667704 1547566.613238279999824
11098922.392805966667704 1547566.911824217499780
11098922.392805966667704 1547567.210410154999736
11098922.392805966667704 1547567.508996092499692
11098922.392805966667704 1547567.807582029999648
11098922.691386695834241 1547562.731621092500396
11098922.691386695834241 1547563.030207030000352
11098922.691386695834241 1547563.328792967500308
11098922.691386695834241 1547563.627378905000264
11098922.691386695834241 1547563.925964842500220
11098922.691386695834241 1547564.224550780000176
11098922.691386695834241 1547564.523136717500132
11098922.691386695834241 1547564.821722655000088
11098922.691386695834241 1547565.120308592500044
11098922.691386695834241 1547565.418894530000000
11098922.691386695834241 1547565.717480467499956
11098922.691386695834241 1547566.016066404999912
11098922.691386695834241 1547566.314652342499868
11098922.691386695834241 1547566.613238279999824
11098922.691386695834241 1547566.911824217499780
11098922.691386695834241 1547567.210410154999736
11098922.691386695834241 1547567.508996092499692
11098922.691386695834241 1547567.807582029999648
11098922.989967425000778 1547562.731621092500396
11098922.989967425000778 1547563.030207030000352
11098922.989967425000778 1547563.328792967500308
11098922.989967425000778 1547563.627378905000264
11098922.989967425000778 1547563.925964842500220
11098922.989967425000778 1547564.224550780000176
11098922.989967425000778 1547564.523136717500132
11098922.989967425000778 1547564.821722655000088
11098922.989967425000778 1547565.120308592500044
11098922.989967425000778 1547565.418894530000000
11098922.989967425000778 1547565.717480467499956
11098922.989967425000778 1547566.016066404999912
11098922.989967425000778 1547566.314652342499868
11098922.989967425000778 1547566.613238279999824
11098922.989967425000778 1547566.911824217499780
11098922.989967425000778 1547567.210410154999736
11098922.989967425000778 1547567.508996092499692
11098922.989967425000778 1547567.807582029999648
11098923.288548154167315 1547562.731621092500396
11098923.288548154167315 1547563.030207030000352
11098923.288548154167315 1547563.328792967500308
11098923.288548154167315 1547563.627378905000264
11098923.288548154167315 1547563.925964842500220
11098923.288548154167315 1547564.224550780000176
11098923.288548154167315 1547564.523136717500132
11098923.288548154167315 1547564.821722655000088
11098923.288548154167315 1547565.120308592500044
11098923.288548154167315 1547565.418894530000000
11098923.288548154167315 1547565.717480467499956
11098923.288548154167315 1547566.016066404999912
11098923.288548154167315 1547566.314652342499868
11098923.288548154167315 1547566.613238279999824
11098923.288548154167315 1547566.911824217499780
11098923.288548154167315 1547567.210410154999736
11098923.288548154167315 1547567.508996092499692
11098923.288548154167315 1547567.807582029999648
11098923.587128883333852 1547562.731621092500396
11098923.587128883333852 1547563.030207030000352
11098923.587128883333852 1547563.328792967500308
11098923.587128883333852 1547563.627378905000264
11098923.587128883333852 1547563.925964842500220
11098923.587128883333852 1547564.224550780000176
11098923.587128883333852 1547564.523136717500132
11098923.587128883333852 1547564.821722655000088
11098923.587128883333852 1547565.120308592500044
11098923.587128883333852 1547565.418894530000000
11098923.587128883333852 1547565.717480467499956
11098923.587128883333852 1547566.016066404999912
11098923.587128883333852 1547566.314652342499868
11098923.587128883333852 1547566.613238279999824
11098923.587128883333852 1547566.911824217499780
11098923.587128883333852 1547567.210410154999736
11098923.587128883333852 1547567.508996092499692
11098923.587128883333852 1547567.807582029999648
11098923.885709612500389 1547562.731621092500396
11098923.885709612500389 1547563.030207030000352
11098923.885709612500389 1547563.328792967500308
11098923.885709612500389 1547563.627378905000264
11098923.885709612500389 1547563.925964842500220
11098923.885709612500389 1547564.224550780000176
11098923.885709612500389 1547564.523136717500132
11098923.885709612500389 1547564.821722655000088
11098923.885709612500389 1547565.120308592500044
11098923.885709612500389 1547565.418894530000000
11098923.885709612500389 1547565.717480467499956
11098923.885709612500389 1547566.016066404999912
11098923.885709612500389 1547566.314652342499868
11098923.885709612500389 1547566.613238279999824
11098923.885709612500389 1547566.911824217499780
11098923.885709612500389 1547567.210410154999736
11098923.885709612500389 1547567.508996092499692
11098923.885709612500389 1547567.807582029999648
11098924.184290341666926 1547562.731621092500396
11098924.184290341666926 1547563.030207030000352
11098924.184290341666926 1547563.328792967500308
11098924.184290341666926 1547563.627378905000264
11098924.184290341666926 1547563.925964842500220
11098924.184290341666926 1547564.224550780000176
11098924.184290341666926 1547564.523136717500132
11098924.184290341666926 1547564.821722655000088
11098924.184290341666926 1547565.120308592500044
11098924.184290341666926 1547565.418894530000000
11098924.184290341666926 1547565.717480467499956
11098924.184290341666926 1547566.016066404999912
11098924.184290341666926 1547566.314652342499868
11098924.184290341666926 1547566.613238279999824
11098924.184290341666926 1547566.911824217499780
11098924.184290341666926 1547567.210410154999736
11098924.184290341666926 1547567.508996092499692
11098924.184290341666926 1547567.807582029999648
11098924.482871070833463 1547562.731621092500396
11098924.482871070833463 1547563.030207030000352
11098924.482871070833463 1547563.328792967500308
11098924.482871070833463 1547563.627378905000264
11098924.482871070833463 1547563.925964842500220
11098924.482871070833463 1547564.224550780000176
11098924.482871070833463 1547564.523136717500132
11098924.482871070833463 1547564.821722655000088
11098924.482871070833463 1547565.120308592500044
11098924.482871070833463 1547565.418894530000000
11098924.482871070833463 1547565.717480467499956
11098924.482871070833463 1547566.016066404999912
11098924.482871070833463 1547566.314652342499868
11098924.482871070833463 1547566.613238279999824
11098924.482871070833463 1547566.911824217499780
11098924.482871070833463 1547567.210410154999736
11098924.482871070833463 1547567.508996092499692
11098924.482871070833463 1547567.807582029999648
11098924.781451800000000 1547562.731621092500396
11098924.781451800000000 1547563.030207030000352
11098924.781451800000000 1547563.328792967500308
11098924.781451800000000 1547563.627378905000264
11098924.781451800000000 1547563.925964842500220
11098924.781451800000000 1547564.224550780000176
11098924.781451800000000 1547564.523136717500132
11098924.781451800000000 1547564.821722655000088
11098924.781451800000000 1547565.120308592500044
11098924.781451800000000 1547565.418894530000000
11098924.781451800000000 1547565.717480467499956
11098924.781451800000000 1547566.016066404999912
11098924.781451800000000 1547566.314652342499868
11098924.781451800000000 1547566.613238279999824
11098924.781451800000000 1547566.911824217499780
11098924.781451800000000 1547567.210410154999736
11098924.781451800000000 1547567.508996092499692
11098924.781451800000000 1547567.807582029999648
11098925.080032529166537 1547562.731621092500396
11098925.080032529166537 1547563.030207030000352
11098925.080032529166537 1547563.328792967500308
11098925.080032529166537 1547563.627378905000264
11098925.080032529166537 1547563.925964842500220
11098925.080032529166537 1547564.224550780000176
11098925.080032529166537 1547564.523136717500132
11098925.080032529166537 1547564.821722655000088
11098925.080032529166537 1547565.120308592500044
11098925.080032529166537 1547565.418894530000000
11098925.080032529166537 1547565.717480467499956
11098925.080032529166537 1547566.016066404999912
11098925.080032529166537 1547566.314652342499868
11098925.080032529166537 1547566.613238279999824
11098925.080032529166537 1547566.911824217499780
11098925.080032529166537 1547567.210410154999736
11098925.080032529166537 1547567.508996092499692
11098925.080032529166537 1547567.807582029999648
11098925.378613258333074 1547562.731621092500396
11098925.378613258333074 1547563.030207030000352
11098925.378613258333074 1547563.328792967500308
11098925.378613258333074 1547563.627378905000264
11098925.378613258333074 1547563.925964842500220
11098925.378613258333074 1547564.224550780000176
11098925.378613258333074 1547564.523136717500132
11098925.378613258333074 1547564.821722655000088
11098925.378613258333074 1547565.120308592500044
11098925.378613258333074 1547565.418894530000000
11098925.378613258333074 1547565.717480467499956
11098925.378613258333074 1547566.016066404999912
11098925.378613258333074 1547566.314652342499868
11098925.378613258333074 1547566.613238279999824
11098925.378613258333074 1547566.911824217499780
11098925.378613258333074 1547567.210410154999736
11098925.378613258333074 1547567.508996092499692
11098925.378613258333074 1547567.807582029999648
11098925.677193987499611 1547562.731621092500396
11098925.677193987499611 1547563.030207030000352
11098925.677193987499611 1547563.328792967500308
11098925.677193987499611 1547563.627378905000264
11098925.677193987499611 1547563.925964842500220
11098925.677193987499611 1547564.224550780000176
11098925.677193987499611 1547564.523136717500132
11098925.677193987499611 1547564.821722655000088
11098925.677193987499611 1547565.120308592500044
11098925.677193987499611 1547565.418894530000000
11098925.677193987499611 1547565.717480467499956
11098925.677193987499611 1547566.016066404999912
11098925.677193987499611 1547566.314652342499868
11098925.677193987499611 1547566.613238279999824
11098925.677193987499611 1547566.911824217499780
11098925.677193987499611 1547567.210410154999736
11098925.677193987499611 1547567.508996092499692
11098925.677193987499611 1547567.807582029999648
11098925.975774716666148 1547562.731621092500396
11098925.975774716666148 1547563.030207030000352
11098925.975774716666148 1547563.328792967500308
11098925.975774716666148 1547563.627378905000264
11098925.975774716666148 1547563.925964842500220
11098925.975774716666148 1547564.224550780000176
11098925.975774716666148 1547564.523136717500132
11098925.975774716666148 1547564.821722655000088
11098925.975774716666148 1547565.120308592500044
11098925.975774716666148 1547565.418894530000000
11098925.975774716666148 1547565.717480467499956
11098925.975774716666148 1547566.016066404999912
11098925.975774716666148 1547566.314652342499868
11098925.975774716666148 1547566.613238279999824
11098925.975774716666148 1547566.911824217499780
11098925.975774716666148 1547567.210410154999736
11098925.975774716666148 1547567.508996092499692
11098925.975774716666148 1547567.807582029999648
11098926.274355445832685 1547562.731621092500396
11098926.274355445832685 1547563.030207030000352
11098926.274355445832685 1547563.328792967500308
11098926.274355445832685 1547563.627378905000264
11098926.274355445832685 1547563.925964842500220
11098926.274355445832685 1547564.224550780000176
11098926.274355445832685 1547564.523136717500132
11098926.274355445832685 1547564.821722655000088
11098926.274355445832685 1547565.120308592500044
11098926.274355445832685 1547565.418894530000000
11098926.274355445832685 1547565.717480467499956
11098926.274355445832685 1547566.016066404999912
11098926.274355445832685 1547566.314652342499868
11098926.274355445832685 1547566.613238279999824
11098926.274355445832685 1547566.911824217499780
11098926.274355445832685 1547567.210410154999736
11098926.274355445832685 1547567.508996092499692
11098926.274355445832685 1547567.807582029999648
11098926.572936174999222 1547562.731621092500396
11098926.572936174999222 1547563.030207030000352
11098926.572936174999222 1547563.328792967500308
11098926.572936174999222 1547563.627378905000264
11098926.572936174999222 1547563.925964842500220
11098926.572936174999222 1547564.224550780000176
11098926.572936174999222 1547564.523136717500132
11098926.572936174999222 1547564.821722655000088
11098926.572936174999222 1547565.120308592500044
11098926.572936174999222 1547565.418894530000000
11098926.572936174999222 1547565.717480467499956
11098926.572936174999222 1547566.016066404999912
11098926.572936174999222 1547566.314652342499868
11098926.572936174999222 1547566.613238279999824
11098926.572936174999222 1547566.911824217499780
11098926.572936174999222 1547567.210410154999736
11098926.572936174999222 1547567.508996092499692
11098926.572936174999222 1547567.807582029999648
11098926.871516904165759 1547562.731621092500396
11098926.871516904165759 1547563.030207030000352
11098926.871516904165759 1547563.328792967500308
11098926.871516904165759 1547563.627378905000264
11098926.871516904165759 1547563.925964842500220
11098926.871516904165759 1547564.224550780000176
11098926.871516904165759 1547564.523136717500132
11098926.871516904165759 1547564.821722655000088
11098926.871516904165759 1547565.120308592500044
11098926.871516904165759 1547565.418894530000000
11098926.871516904165759 1547565.717480467499956
11098926.871516904165759 1547566.016066404999912
11098926.871516904165759 1547566.314652342499868
11098926.871516904165759 1547566.613238279999824
11098926.871516904165759 1547566.911824217499780
11098926.871516904165759 1547567.210410154999736
11098926.871516904165759 1547567.508996092499692
11098926.871516904165759 1547567.807582029999648
11098927.170097633332296 1547562.731621092500396
11098927.170097633332296 1547563.030207030000352
11098927.170097633332296 1547563.328792967500308
11098927.170097633332296 1547563.627378905000264
11098927.170097633332296 1547563.925964842500220
11098927.170097633332296 1547564.224550780000176
11098927.170097633332296 1547564.523136717500132
11098927.170097633332296 1547564.821722655000088
11098927.170097633332296 1547565.120308592500044
11098927.170097633332296 1547565.418894530000000
11098927.170097633332296 1547565.717480467499956
11098927.170097633332296 1547566.016066404999912
11098927.170097633332296 1547566.314652342499868
11098927.170097633332296 1547566.613238279999824
11098927.170097633332296 1547566.911824217499780
11098927.170097633332296 1547567.210410154999736
11098927.170097633332296 1547567.508996092499692
11098927.170097633332296 1547567.807582029999648
