11098827.145553337501167 1547623.045980472500396
11098827.145553337501167 1547623.344566410000352
11098827.145553337501167 1547623.643152347500308
11098827.145553337501167 1547623.941738285000264
11098827.145553337501167 1547624.240324222500220
11098827.145553337501167 1547624.538910160000176
11098827.145553337501167 1547624.837496097500132
11098827.145553337501167 1547625.136082035000088
11098827.145553337501167 1547625.434667972500044
11098827.145553337501167 1547625.733253910000000
11098827.145553337501167 1547626.031839847499956
11098827.145553337501167 1547626.330425784999912
11098827.145553337501167 1547626.629011722499868
11098827.145553337501167 1547626.927597659999824
11098827.145553337501167 1547627.226183597499780
11098827.145553337501167 1547627.524769534999736
11098827.145553337501167 1547627.823355472499692
11098827.145553337501167 1547628.121941409999648
11098827.444134066667704 1547623.045980472500396
11098827.444134066667704 1547623.344566410000352
11098827.444134066667704 1547623.643152347500308
11098827.444134066667704 1547623.941738285000264
11098827.444134066667704 1547624.240324222500220
11098827.444134066667704 1547624.538910160000176
11098827.444134066667704 1547624.837496097500132
11098827.444134066667704 1547625.136082035000088
11098827.444134066667704 1547625.434667972500044
11098827.444134066667704 1547625.733253910000000
11098827.444134066667704 1547626.031839847499956
11098827.444134066667704 1547626.330425784999912
11098827.444134066667704 1547626.629011722499868
11098827.444134066667704 1547626.927597659999824
11098827.444134066667704 1547627.226183597499780
11098827.444134066667704 1547627.524769534999736
11098827.444134066667704 1547627.823355472499692
11098827.444134066667704 1547628.121941409999648
11098827.742714795834241 1547623.045980472500396
11098827.742714795834241 1547623.344566410000352
11098827.742714795834241 1547623.643152347500308
11098827.742714795834241 1547623.941738285000264
11098827.742714795834241 1547624.240324222500220
11098827.742714795834241 1547624.538910160000176
11098827.742714795834241 1547624.837496097500132
11098827.742714795834241 1547625.136082035000088
11098827.742714795834241 1547625.434667972500044
11098827.742714795834241 1547625.733253910000000
11098827.742714795834241 1547626.031839847499956
11098827.742714795834241 1547626.330425784999912
11098827.742714795834241 1547626.629011722499868
11098827.742714795834241 1547626.927597659999824
11098827.742714795834241 1547627.226183597499780
11098827.742714795834241 1547627.524769534999736
11098827.742714795834241 1547627.823355472499692
11098827.742714795834241 1547628.121941409999648
11098828.041295525000778 1547623.045980472500396
11098828.041295525000778 1547623.344566410000352
11098828.041295525000778 1547623.643152347500308
11098828.041295525000778 1547623.941738285000264
11098828.041295525000778 1547624.240324222500220
11098828.041295525000778 1547624.538910160000176
11098828.041295525000778 1547624.837496097500132
11098828.041295525000778 1547625.136082035000088
11098828.041295525000778 1547625.434667972500044
11098828.041295525000778 1547625.733253910000000
11098828.041295525000778 1547626.031839847499956
11098828.041295525000778 1547626.330425784999912
11098828.041295525000778 1547626.629011722499868
11098828.041295525000778 1547626.927597659999824
11098828.041295525000778 1547627.226183597499780
11098828.041295525000778 1547627.524769534999736
11098828.041295525000778 1547627.823355472499692
11098828.041295525000778 1547628.121941409999648
11098828.339876254167315 1547623.045980472500396
11098828.339876254167315 1547623.344566410000352
11098828.339876254167315 1547623.643152347500308
11098828.339876254167315 1547623.941738285000264
11098828.339876254167315 1547624.240324222500220
11098828.339876254167315 1547624.538910160000176
11098828.339876254167315 1547624.837496097500132
11098828.339876254167315 1547625.136082035000088
11098828.339876254167315 1547625.434667972500044
11098828.339876254167315 1547625.733253910000000
11098828.339876254167315 1547626.031839847499956
11098828.339876254167315 1547626.330425784999912
11098828.339876254167315 1547626.629011722499868
11098828.339876254167315 1547626.927597659999824
11098828.339876254167315 1547627.226183597499780
11098828.339876254167315 1547627.524769534999736
11098828.339876254167315 1547627.823355472499692
11098828.339876254167315 1547628.121941409999648
11098828.638456983333852 1547623.045980472500396
11098828.638456983333852 1547623.344566410000352
11098828.638456983333852 1547623.643152347500308
11098828.638456983333852 1547623.941738285000264
11098828.638456983333852 1547624.240324222500220
11098828.638456983333852 1547624.538910160000176
11098828.638456983333852 1547624.837496097500132
11098828.638456983333852 1547625.136082035000088
11098828.638456983333852 1547625.434667972500044
11098828.638456983333852 1547625.733253910000000
11098828.638456983333852 1547626.031839847499956
11098828.638456983333852 1547626.330425784999912
11098828.638456983333852 1547626.629011722499868
11098828.638456983333852 1547626.927597659999824
11098828.638456983333852 1547627.226183597499780
11098828.638456983333852 1547627.524769534999736
11098828.638456983333852 1547627.823355472499692
11098828.638456983333852 1547628.121941409999648
11098828.937037712500389 1547623.045980472500396
11098828.937037712500389 1547623.344566410000352
11098828.937037712500389 1547623.643152347500308
11098828.937037712500389 1547623.941738285000264
11098828.937037712500389 1547624.240324222500220
11098828.937037712500389 1547624.538910160000176
11098828.937037712500389 1547624.837496097500132
11098828.937037712500389 1547625.136082035000088
11098828.937037712500389 1547625.434667972500044
11098828.937037712500389 1547625.733253910000000
11098828.937037712500389 1547626.031839847499956
11098828.937037712500389 1547626.330425784999912
11098828.937037712500389 1547626.629011722499868
11098828.937037712500389 1547626.927597659999824
11098828.937037712500389 1547627.226183597499780
11098828.937037712500389 1547627.524769534999736
11098828.937037712500389 1547627.823355472499692
11098828.937037712500389 1547628.121941409999648
11098829.235618441666926 1547623.045980472500396
11098829.235618441666926 1547623.344566410000352
11098829.235618441666926 1547623.643152347500308
11098829.235618441666926 1547623.941738285000264
11098829.235618441666926 1547624.240324222500220
11098829.235618441666926 1547624.538910160000176
11098829.235618441666926 1547624.837496097500132
11098829.235618441666926 1547625.136082035000088
11098829.235618441666926 1547625.434667972500044
11098829.235618441666926 1547625.733253910000000
11098829.235618441666926 1547626.031839847499956
11098829.235618441666926 1547626.330425784999912
11098829.235618441666926 1547626.629011722499868
11098829.235618441666926 1547626.927597659999824
11098829.235618441666926 1547627.226183597499780
11098829.235618441666926 1547627.524769534999736
11098829.235618441666926 1547627.823355472499692
11098829.235618441666926 1547628.121941409999648
11098829.534199170833463 1547623.045980472500396
11098829.534199170833463 1547623.344566410000352
11098829.534199170833463 1547623.643152347500308
11098829.534199170833463 1547623.941738285000264
11098829.534199170833463 1547624.240324222500220
11098829.534199170833463 1547624.538910160000176
11098829.534199170833463 1547624.837496097500132
11098829.534199170833463 1547625.136082035000088
11098829.534199170833463 1547625.434667972500044
11098829.534199170833463 1547625.733253910000000
11098829.534199170833463 1547626.031839847499956
11098829.534199170833463 1547626.330425784999912
11098829.534199170833463 1547626.629011722499868
11098829.534199170833463 1547626.927597659999824
11098829.534199170833463 1547627.226183597499780
11098829.534199170833463 1547627.524769534999736
11098829.534199170833463 1547627.823355472499692
11098829.534199170833463 1547628.121941409999648
11098829.832779900000000 1547623.045980472500396
11098829.832779900000000 1547623.344566410000352
11098829.832779900000000 1547623.643152347500308
11098829.832779900000000 1547623.941738285000264
11098829.832779900000000 1547624.240324222500220
11098829.832779900000000 1547624.538910160000176
11098829.832779900000000 1547624.837496097500132
11098829.832779900000000 1547625.136082035000088
11098829.832779900000000 1547625.434667972500044
11098829.832779900000000 1547625.733253910000000
11098829.832779900000000 1547626.031839847499956
11098829.832779900000000 1547626.330425784999912
11098829.832779900000000 1547626.629011722499868
11098829.832779900000000 1547626.927597659999824
11098829.832779900000000 1547627.226183597499780
11098829.832779900000000 1547627.524769534999736
11098829.832779900000000 1547627.823355472499692
11098829.832779900000000 1547628.121941409999648
11098830.131360629166537 1547623.045980472500396
11098830.131360629166537 1547623.344566410000352
11098830.131360629166537 1547623.643152347500308
11098830.131360629166537 1547623.941738285000264
11098830.131360629166537 1547624.240324222500220
11098830.131360629166537 1547624.538910160000176
11098830.131360629166537 1547624.837496097500132
11098830.131360629166537 1547625.136082035000088
11098830.131360629166537 1547625.434667972500044
11098830.131360629166537 1547625.733253910000000
11098830.131360629166537 1547626.031839847499956
11098830.131360629166537 1547626.330425784999912
11098830.131360629166537 1547626.629011722499868
11098830.131360629166537 1547626.927597659999824
11098830.131360629166537 1547627.226183597499780
11098830.131360629166537 1547627.524769534999736
11098830.131360629166537 1547627.823355472499692
11098830.131360629166537 1547628.121941409999648
11098830.429941358333074 1547623.045980472500396
11098830.429941358333074 1547623.344566410000352
11098830.429941358333074 1547623.643152347500308
11098830.429941358333074 1547623.941738285000264
11098830.429941358333074 1547624.240324222500220
11098830.429941358333074 1547624.538910160000176
11098830.429941358333074 1547624.837496097500132
11098830.429941358333074 1547625.136082035000088
11098830.429941358333074 1547625.434667972500044
11098830.429941358333074 1547625.733253910000000
11098830.429941358333074 1547626.031839847499956
11098830.429941358333074 1547626.330425784999912
11098830.429941358333074 1547626.629011722499868
11098830.429941358333074 1547626.927597659999824
11098830.429941358333074 1547627.226183597499780
11098830.429941358333074 1547627.524769534999736
11098830.429941358333074 1547627.823355472499692
11098830.429941358333074 1547628.121941409999648
11098830.728522087499611 1547623.045980472500396
11098830.728522087499611 1547623.344566410000352
11098830.728522087499611 1547623.643152347500308
11098830.728522087499611 1547623.941738285000264
11098830.728522087499611 1547624.240324222500220
11098830.728522087499611 1547624.538910160000176
11098830.728522087499611 1547624.837496097500132
11098830.728522087499611 1547625.136082035000088
11098830.728522087499611 1547625.434667972500044
11098830.728522087499611 1547625.733253910000000
11098830.728522087499611 1547626.031839847499956
11098830.728522087499611 1547626.330425784999912
11098830.728522087499611 1547626.629011722499868
11098830.728522087499611 1547626.927597659999824
11098830.728522087499611 1547627.226183597499780
11098830.728522087499611 1547627.524769534999736
11098830.728522087499611 1547627.823355472499692
11098830.728522087499611 1547628.121941409999648
11098831.027102816666148 1547623.045980472500396
11098831.027102816666148 1547623.344566410000352
11098831.027102816666148 1547623.643152347500308
11098831.027102816666148 1547623.941738285000264
11098831.027102816666148 1547624.240324222500220
11098831.027102816666148 1547624.538910160000176
11098831.027102816666148 1547624.837496097500132
11098831.027102816666148 1547625.136082035000088
11098831.027102816666148 1547625.434667972500044
11098831.027102816666148 1547625.733253910000000
11098831.027102816666148 1547626.031839847499956
11098831.027102816666148 1547626.330425784999912
11098831.027102816666148 1547626.629011722499868
11098831.027102816666148 1547626.927597659999824
11098831.027102816666148 1547627.226183597499780
11098831.027102816666148 1547627.524769534999736
11098831.027102816666148 1547627.823355472499692
11098831.027102816666148 1547628.121941409999648
11098831.325683545832685 1547623.045980472500396
11098831.325683545832685 1547623.344566410000352
11098831.325683545832685 1547623.643152347500308
11098831.325683545832685 1547623.941738285000264
11098831.325683545832685 1547624.240324222500220
11098831.325683545832685 1547624.538910160000176
11098831.325683545832685 1547624.837496097500132
11098831.325683545832685 1547625.136082035000088
11098831.325683545832685 1547625.434667972500044
11098831.325683545832685 1547625.733253910000000
11098831.325683545832685 1547626.031839847499956
11098831.325683545832685 1547626.330425784999912
11098831.325683545832685 1547626.629011722499868
11098831.325683545832685 1547626.927597659999824
11098831.325683545832685 1547627.226183597499780
11098831.325683545832685 1547627.524769534999736
11098831.325683545832685 1547627.823355472499692
11098831.325683545832685 1547628.121941409999648
11098831.624264274999222 1547623.045980472500396
11098831.624264274999222 1547623.344566410000352
11098831.624264274999222 1547623.643152347500308
11098831.624264274999222 1547623.941738285000264
11098831.624264274999222 1547624.240324222500220
11098831.624264274999222 1547624.538910160000176
11098831.624264274999222 1547624.837496097500132
11098831.624264274999222 1547625.136082035000088
11098831.624264274999222 1547625.434667972500044
11098831.624264274999222 1547625.733253910000000
11098831.624264274999222 1547626.031839847499956
11098831.624264274999222 1547626.330425784999912
11098831.624264274999222 1547626.629011722499868
11098831.624264274999222 1547626.927597659999824
11098831.624264274999222 1547627.226183597499780
11098831.624264274999222 1547627.524769534999736
11098831.624264274999222 1547627.823355472499692
11098831.624264274999222 1547628.121941409999648
11098831.922845004165759 1547623.045980472500396
11098831.922845004165759 1547623.344566410000352
11098831.922845004165759 1547623.643152347500308
11098831.922845004165759 1547623.941738285000264
11098831.922845004165759 1547624.240324222500220
11098831.922845004165759 1547624.538910160000176
11098831.922845004165759 1547624.837496097500132
11098831.922845004165759 1547625.136082035000088
11098831.922845004165759 1547625.434667972500044
11098831.922845004165759 1547625.733253910000000
11098831.922845004165759 1547626.031839847499956
11098831.922845004165759 1547626.330425784999912
11098831.922845004165759 1547626.629011722499868
11098831.922845004165759 1547626.927597659999824
11098831.922845004165759 1547627.226183597499780
11098831.922845004165759 1547627.524769534999736
11098831.922845004165759 1547627.823355472499692
11098831.922845004165759 1547628.121941409999648
11098832.221425733332296 1547623.045980472500396
11098832.221425733332296 1547623.344566410000352
11098832.221425733332296 1547623.643152347500308
11098832.221425733332296 1547623.941738285000264
11098832.221425733332296 1547624.240324222500220
11098832.221425733332296 1547624.538910160000176
11098832.221425733332296 1547624.837496097500132
11098832.221425733332296 1547625.136082035000088
11098832.221425733332296 1547625.434667972500044
11098832.221425733332296 1547625.733253910000000
11098832.221425733332296 1547626.031839847499956
11098832.221425733332296 1547626.330425784999912
11098832.221425733332296 1547626.629011722499868
11098832.221425733332296 1547626.927597659999824
11098832.221425733332296 1547627.226183597499780
11098832.221425733332296 1547627.524769534999736
11098832.221425733332296 1547627.823355472499692
11098832.221425733332296 1547628.121941409999648
