11099481.634511737501167 1547900.432316402500396
11099481.634511737501167 1547900.730902340000352
11099481.634511737501167 1547901.029488277500308
11099481.634511737501167 1547901.328074215000264
11099481.634511737501167 1547901.626660152500220
11099481.634511737501167 1547901.925246090000176
11099481.634511737501167 1547902.223832027500132
11099481.634511737501167 1547902.522417965000088
11099481.634511737501167 1547902.821003902500044
11099481.634511737501167 1547903.119589840000000
11099481.634511737501167 1547903.418175777499956
11099481.634511737501167 1547903.716761714999912
11099481.634511737501167 1547904.015347652499868
11099481.634511737501167 1547904.313933589999824
11099481.634511737501167 1547904.612519527499780
11099481.634511737501167 1547904.911105464999736
11099481.634511737501167 1547905.209691402499692
11099481.634511737501167 1547905.508277339999648
11099481.933092466667704 1547900.432316402500396
11099481.933092466667704 1547900.730902340000352
11099481.933092466667704 1547901.029488277500308
11099481.933092466667704 1547901.328074215000264
11099481.933092466667704 1547901.626660152500220
11099481.933092466667704 1547901.925246090000176
11099481.933092466667704 1547902.223832027500132
11099481.933092466667704 1547902.522417965000088
11099481.933092466667704 1547902.821003902500044
11099481.933092466667704 1547903.119589840000000
11099481.933092466667704 1547903.418175777499956
11099481.933092466667704 1547903.716761714999912
11099481.933092466667704 1547904.015347652499868
11099481.933092466667704 1547904.313933589999824
11099481.933092466667704 1547904.612519527499780
11099481.933092466667704 1547904.911105464999736
11099481.933092466667704 1547905.209691402499692
11099481.933092466667704 1547905.508277339999648
11099482.231673195834241 1547900.432316402500396
11099482.231673195834241 1547900.730902340000352
11099482.231673195834241 1547901.029488277500308
11099482.231673195834241 1547901.328074215000264
11099482.231673195834241 1547901.626660152500220
11099482.231673195834241 1547901.925246090000176
11099482.231673195834241 1547902.223832027500132
11099482.231673195834241 1547902.522417965000088
11099482.231673195834241 1547902.821003902500044
11099482.231673195834241 1547903.119589840000000
11099482.231673195834241 1547903.418175777499956
11099482.231673195834241 1547903.716761714999912
11099482.231673195834241 1547904.015347652499868
11099482.231673195834241 1547904.313933589999824
11099482.231673195834241 1547904.612519527499780
11099482.231673195834241 1547904.911105464999736
11099482.231673195834241 1547905.209691402499692
11099482.231673195834241 1547905.508277339999648
11099482.530253925000778 1547900.432316402500396
11099482.530253925000778 1547900.730902340000352
11099482.530253925000778 1547901.029488277500308
11099482.530253925000778 1547901.328074215000264
11099482.530253925000778 1547901.626660152500220
11099482.530253925000778 1547901.925246090000176
11099482.530253925000778 1547902.223832027500132
11099482.530253925000778 1547902.522417965000088
11099482.530253925000778 1547902.821003902500044
11099482.530253925000778 1547903.119589840000000
11099482.530253925000778 1547903.418175777499956
11099482.530253925000778 1547903.716761714999912
11099482.530253925000778 1547904.015347652499868
11099482.530253925000778 1547904.313933589999824
11099482.530253925000778 1547904.612519527499780
11099482.530253925000778 1547904.911105464999736
11099482.530253925000778 1547905.209691402499692
11099482.530253925000778 1547905.508277339999648
11099482.828834654167315 1547900.432316402500396
11099482.828834654167315 1547900.730902340000352
11099482.828834654167315 1547901.029488277500308
11099482.828834654167315 1547901.328074215000264
11099482.828834654167315 1547901.626660152500220
11099482.828834654167315 1547901.925246090000176
11099482.828834654167315 1547902.223832027500132
11099482.828834654167315 1547902.522417965000088
11099482.828834654167315 1547902.821003902500044
11099482.828834654167315 1547903.119589840000000
11099482.828834654167315 1547903.418175777499956
11099482.828834654167315 1547903.716761714999912
11099482.828834654167315 1547904.015347652499868
11099482.828834654167315 1547904.313933589999824
11099482.828834654167315 1547904.612519527499780
11099482.828834654167315 1547904.911105464999736
11099482.828834654167315 1547905.209691402499692
11099482.828834654167315 1547905.508277339999648
11099483.127415383333852 1547900.432316402500396
11099483.127415383333852 1547900.730902340000352
11099483.127415383333852 1547901.029488277500308
11099483.127415383333852 1547901.328074215000264
11099483.127415383333852 1547901.626660152500220
11099483.127415383333852 1547901.925246090000176
11099483.127415383333852 1547902.223832027500132
11099483.127415383333852 1547902.522417965000088
11099483.127415383333852 1547902.821003902500044
11099483.127415383333852 1547903.119589840000000
11099483.127415383333852 1547903.418175777499956
11099483.127415383333852 1547903.716761714999912
11099483.127415383333852 1547904.015347652499868
11099483.127415383333852 1547904.313933589999824
11099483.127415383333852 1547904.612519527499780
11099483.127415383333852 1547904.911105464999736
11099483.127415383333852 1547905.209691402499692
11099483.127415383333852 1547905.508277339999648
11099483.425996112500389 1547900.432316402500396
11099483.425996112500389 1547900.730902340000352
11099483.425996112500389 1547901.029488277500308
11099483.425996112500389 1547901.328074215000264
11099483.425996112500389 1547901.626660152500220
11099483.425996112500389 1547901.925246090000176
11099483.425996112500389 1547902.223832027500132
11099483.425996112500389 1547902.522417965000088
11099483.425996112500389 1547902.821003902500044
11099483.425996112500389 1547903.119589840000000
11099483.425996112500389 1547903.418175777499956
11099483.425996112500389 1547903.716761714999912
11099483.425996112500389 1547904.015347652499868
11099483.425996112500389 1547904.313933589999824
11099483.425996112500389 1547904.612519527499780
11099483.425996112500389 1547904.911105464999736
11099483.425996112500389 1547905.209691402499692
11099483.425996112500389 1547905.508277339999648
11099483.724576841666926 1547900.432316402500396
11099483.724576841666926 1547900.730902340000352
11099483.724576841666926 1547901.029488277500308
11099483.724576841666926 1547901.328074215000264
11099483.724576841666926 1547901.626660152500220
11099483.724576841666926 1547901.925246090000176
11099483.724576841666926 1547902.223832027500132
11099483.724576841666926 1547902.522417965000088
11099483.724576841666926 1547902.821003902500044
11099483.724576841666926 1547903.119589840000000
11099483.724576841666926 1547903.418175777499956
11099483.724576841666926 1547903.716761714999912
11099483.724576841666926 1547904.015347652499868
11099483.724576841666926 1547904.313933589999824
11099483.724576841666926 1547904.612519527499780
11099483.724576841666926 1547904.911105464999736
11099483.724576841666926 1547905.209691402499692
11099483.724576841666926 1547905.508277339999648
11099484.023157570833463 1547900.432316402500396
11099484.023157570833463 1547900.730902340000352
11099484.023157570833463 1547901.029488277500308
11099484.023157570833463 1547901.328074215000264
11099484.023157570833463 1547901.626660152500220
11099484.023157570833463 1547901.925246090000176
11099484.023157570833463 1547902.223832027500132
11099484.023157570833463 1547902.522417965000088
11099484.023157570833463 1547902.821003902500044
11099484.023157570833463 1547903.119589840000000
11099484.023157570833463 1547903.418175777499956
11099484.023157570833463 1547903.716761714999912
11099484.023157570833463 1547904.015347652499868
11099484.023157570833463 1547904.313933589999824
11099484.023157570833463 1547904.612519527499780
11099484.023157570833463 1547904.911105464999736
11099484.023157570833463 1547905.209691402499692
11099484.023157570833463 1547905.508277339999648
11099484.321738300000000 1547900.432316402500396
11099484.321738300000000 1547900.730902340000352
11099484.321738300000000 1547901.029488277500308
11099484.321738300000000 1547901.328074215000264
11099484.321738300000000 1547901.626660152500220
11099484.321738300000000 1547901.925246090000176
11099484.321738300000000 1547902.223832027500132
11099484.321738300000000 1547902.522417965000088
11099484.321738300000000 1547902.821003902500044
11099484.321738300000000 1547903.119589840000000
11099484.321738300000000 1547903.418175777499956
11099484.321738300000000 1547903.716761714999912
11099484.321738300000000 1547904.015347652499868
11099484.321738300000000 1547904.313933589999824
11099484.321738300000000 1547904.612519527499780
11099484.321738300000000 1547904.911105464999736
11099484.321738300000000 1547905.209691402499692
11099484.321738300000000 1547905.508277339999648
11099484.620319029166537 1547900.432316402500396
11099484.620319029166537 1547900.730902340000352
11099484.620319029166537 1547901.029488277500308
11099484.620319029166537 1547901.328074215000264
11099484.620319029166537 1547901.626660152500220
11099484.620319029166537 1547901.925246090000176
11099484.620319029166537 1547902.223832027500132
11099484.620319029166537 1547902.522417965000088
11099484.620319029166537 1547902.821003902500044
11099484.620319029166537 1547903.119589840000000
11099484.620319029166537 1547903.418175777499956
11099484.620319029166537 1547903.716761714999912
11099484.620319029166537 1547904.015347652499868
11099484.620319029166537 1547904.313933589999824
11099484.620319029166537 1547904.612519527499780
11099484.620319029166537 1547904.911105464999736
11099484.620319029166537 1547905.209691402499692
11099484.620319029166537 1547905.508277339999648
11099484.918899758333074 1547900.432316402500396
11099484.918899758333074 1547900.730902340000352
11099484.918899758333074 1547901.029488277500308
11099484.918899758333074 1547901.328074215000264
11099484.918899758333074 1547901.626660152500220
11099484.918899758333074 1547901.925246090000176
11099484.918899758333074 1547902.223832027500132
11099484.918899758333074 1547902.522417965000088
11099484.918899758333074 1547902.821003902500044
11099484.918899758333074 1547903.119589840000000
11099484.918899758333074 1547903.418175777499956
11099484.918899758333074 1547903.716761714999912
11099484.918899758333074 1547904.015347652499868
11099484.918899758333074 1547904.313933589999824
11099484.918899758333074 1547904.612519527499780
11099484.918899758333074 1547904.911105464999736
11099484.918899758333074 1547905.209691402499692
11099484.918899758333074 1547905.508277339999648
11099485.217480487499611 1547900.432316402500396
11099485.217480487499611 1547900.730902340000352
11099485.217480487499611 1547901.029488277500308
11099485.217480487499611 1547901.328074215000264
11099485.217480487499611 1547901.626660152500220
11099485.217480487499611 1547901.925246090000176
11099485.217480487499611 1547902.223832027500132
11099485.217480487499611 1547902.522417965000088
11099485.217480487499611 1547902.821003902500044
11099485.217480487499611 1547903.119589840000000
11099485.217480487499611 1547903.418175777499956
11099485.217480487499611 1547903.716761714999912
11099485.217480487499611 1547904.015347652499868
11099485.217480487499611 1547904.313933589999824
11099485.217480487499611 1547904.612519527499780
11099485.217480487499611 1547904.911105464999736
11099485.217480487499611 1547905.209691402499692
11099485.217480487499611 1547905.508277339999648
11099485.516061216666148 1547900.432316402500396
11099485.516061216666148 1547900.730902340000352
11099485.516061216666148 1547901.029488277500308
11099485.516061216666148 1547901.328074215000264
11099485.516061216666148 1547901.626660152500220
11099485.516061216666148 1547901.925246090000176
11099485.516061216666148 1547902.223832027500132
11099485.516061216666148 1547902.522417965000088
11099485.516061216666148 1547902.821003902500044
11099485.516061216666148 1547903.119589840000000
11099485.516061216666148 1547903.418175777499956
11099485.516061216666148 1547903.716761714999912
11099485.516061216666148 1547904.015347652499868
11099485.516061216666148 1547904.313933589999824
11099485.516061216666148 1547904.612519527499780
11099485.516061216666148 1547904.911105464999736
11099485.516061216666148 1547905.209691402499692
11099485.516061216666148 1547905.508277339999648
11099485.814641945832685 1547900.432316402500396
11099485.814641945832685 1547900.730902340000352
11099485.814641945832685 1547901.029488277500308
11099485.814641945832685 1547901.328074215000264
11099485.814641945832685 1547901.626660152500220
11099485.814641945832685 1547901.925246090000176
11099485.814641945832685 1547902.223832027500132
11099485.814641945832685 1547902.522417965000088
11099485.814641945832685 1547902.821003902500044
11099485.814641945832685 1547903.119589840000000
11099485.814641945832685 1547903.418175777499956
11099485.814641945832685 1547903.716761714999912
11099485.814641945832685 1547904.015347652499868
11099485.814641945832685 1547904.313933589999824
11099485.814641945832685 1547904.612519527499780
11099485.814641945832685 1547904.911105464999736
11099485.814641945832685 1547905.209691402499692
11099485.814641945832685 1547905.508277339999648
11099486.113222674999222 1547900.432316402500396
11099486.113222674999222 1547900.730902340000352
11099486.113222674999222 1547901.029488277500308
11099486.113222674999222 1547901.328074215000264
11099486.113222674999222 1547901.626660152500220
11099486.113222674999222 1547901.925246090000176
11099486.113222674999222 1547902.223832027500132
11099486.113222674999222 1547902.522417965000088
11099486.113222674999222 1547902.821003902500044
11099486.113222674999222 1547903.119589840000000
11099486.113222674999222 1547903.418175777499956
11099486.113222674999222 1547903.716761714999912
11099486.113222674999222 1547904.015347652499868
11099486.113222674999222 1547904.313933589999824
11099486.113222674999222 1547904.612519527499780
11099486.113222674999222 1547904.911105464999736
11099486.113222674999222 1547905.209691402499692
11099486.113222674999222 1547905.508277339999648
11099486.411803404165759 1547900.432316402500396
11099486.411803404165759 1547900.730902340000352
11099486.411803404165759 1547901.029488277500308
11099486.411803404165759 1547901.328074215000264
11099486.411803404165759 1547901.626660152500220
11099486.411803404165759 1547901.925246090000176
11099486.411803404165759 1547902.223832027500132
11099486.411803404165759 1547902.522417965000088
11099486.411803404165759 1547902.821003902500044
11099486.411803404165759 1547903.119589840000000
11099486.411803404165759 1547903.418175777499956
11099486.411803404165759 1547903.716761714999912
11099486.411803404165759 1547904.015347652499868
11099486.411803404165759 1547904.313933589999824
11099486.411803404165759 1547904.612519527499780
11099486.411803404165759 1547904.911105464999736
11099486.411803404165759 1547905.209691402499692
11099486.411803404165759 1547905.508277339999648
11099486.710384133332296 1547900.432316402500396
11099486.710384133332296 1547900.730902340000352
11099486.710384133332296 1547901.029488277500308
11099486.710384133332296 1547901.328074215000264
11099486.710384133332296 1547901.626660152500220
11099486.710384133332296 1547901.925246090000176
11099486.710384133332296 1547902.223832027500132
11099486.710384133332296 1547902.522417965000088
11099486.710384133332296 1547902.821003902500044
11099486.710384133332296 1547903.119589840000000
11099486.710384133332296 1547903.418175777499956
11099486.710384133332296 1547903.716761714999912
11099486.710384133332296 1547904.015347652499868
11099486.710384133332296 1547904.313933589999824
11099486.710384133332296 1547904.612519527499780
11099486.710384133332296 1547904.911105464999736
11099486.710384133332296 1547905.209691402499692
11099486.710384133332296 1547905.508277339999648
