11099426.397076837501167 1547822.799972652500396
11099426.397076837501167 1547823.098558590000352
11099426.397076837501167 1547823.397144527500308
11099426.397076837501167 1547823.695730465000264
11099426.397076837501167 1547823.994316402500220
11099426.397076837501167 1547824.292902340000176
11099426.397076837501167 1547824.591488277500132
11099426.397076837501167 1547824.890074215000088
11099426.397076837501167 1547825.188660152500044
11099426.397076837501167 1547825.487246090000000
11099426.397076837501167 1547825.785832027499956
11099426.397076837501167 1547826.084417964999912
11099426.397076837501167 1547826.383003902499868
11099426.397076837501167 1547826.681589839999824
11099426.397076837501167 1547826.980175777499780
11099426.397076837501167 1547827.278761714999736
11099426.397076837501167 1547827.577347652499692
11099426.397076837501167 1547827.875933589999648
11099426.695657566667704 1547822.799972652500396
11099426.695657566667704 1547823.098558590000352
11099426.695657566667704 1547823.397144527500308
11099426.695657566667704 1547823.695730465000264
11099426.695657566667704 1547823.994316402500220
11099426.695657566667704 1547824.292902340000176
11099426.695657566667704 1547824.591488277500132
11099426.695657566667704 1547824.890074215000088
11099426.695657566667704 1547825.188660152500044
11099426.695657566667704 1547825.487246090000000
11099426.695657566667704 1547825.785832027499956
11099426.695657566667704 1547826.084417964999912
11099426.695657566667704 1547826.383003902499868
11099426.695657566667704 1547826.681589839999824
11099426.695657566667704 1547826.980175777499780
11099426.695657566667704 1547827.278761714999736
11099426.695657566667704 1547827.577347652499692
11099426.695657566667704 1547827.875933589999648
11099426.994238295834241 1547822.799972652500396
11099426.994238295834241 1547823.098558590000352
11099426.994238295834241 1547823.397144527500308
11099426.994238295834241 1547823.695730465000264
11099426.994238295834241 1547823.994316402500220
11099426.994238295834241 1547824.292902340000176
11099426.994238295834241 1547824.591488277500132
11099426.994238295834241 1547824.890074215000088
11099426.994238295834241 1547825.188660152500044
11099426.994238295834241 1547825.487246090000000
11099426.994238295834241 1547825.785832027499956
11099426.994238295834241 1547826.084417964999912
11099426.994238295834241 1547826.383003902499868
11099426.994238295834241 1547826.681589839999824
11099426.994238295834241 1547826.980175777499780
11099426.994238295834241 1547827.278761714999736
11099426.994238295834241 1547827.577347652499692
11099426.994238295834241 1547827.875933589999648
11099427.292819025000778 1547822.799972652500396
11099427.292819025000778 1547823.098558590000352
11099427.292819025000778 1547823.397144527500308
11099427.292819025000778 1547823.695730465000264
11099427.292819025000778 1547823.994316402500220
11099427.292819025000778 1547824.292902340000176
11099427.292819025000778 1547824.591488277500132
11099427.292819025000778 1547824.890074215000088
11099427.292819025000778 1547825.188660152500044
11099427.292819025000778 1547825.487246090000000
11099427.292819025000778 1547825.785832027499956
11099427.292819025000778 1547826.084417964999912
11099427.292819025000778 1547826.383003902499868
11099427.292819025000778 1547826.681589839999824
11099427.292819025000778 1547826.980175777499780
11099427.292819025000778 1547827.278761714999736
11099427.292819025000778 1547827.577347652499692
11099427.292819025000778 1547827.875933589999648
11099427.591399754167315 1547822.799972652500396
11099427.591399754167315 1547823.098558590000352
11099427.591399754167315 1547823.397144527500308
11099427.591399754167315 1547823.695730465000264
11099427.591399754167315 1547823.994316402500220
11099427.591399754167315 1547824.292902340000176
11099427.591399754167315 1547824.591488277500132
11099427.591399754167315 1547824.890074215000088
11099427.591399754167315 1547825.188660152500044
11099427.591399754167315 1547825.487246090000000
11099427.591399754167315 1547825.785832027499956
11099427.591399754167315 1547826.084417964999912
11099427.591399754167315 1547826.383003902499868
11099427.591399754167315 1547826.681589839999824
11099427.591399754167315 1547826.980175777499780
11099427.591399754167315 1547827.278761714999736
11099427.591399754167315 1547827.577347652499692
11099427.591399754167315 1547827.875933589999648
11099427.889980483333852 1547822.799972652500396
11099427.889980483333852 1547823.098558590000352
11099427.889980483333852 1547823.397144527500308
11099427.889980483333852 1547823.695730465000264
11099427.889980483333852 1547823.994316402500220
11099427.889980483333852 1547824.292902340000176
11099427.889980483333852 1547824.591488277500132
11099427.889980483333852 1547824.890074215000088
11099427.889980483333852 1547825.188660152500044
11099427.889980483333852 1547825.487246090000000
11099427.889980483333852 1547825.785832027499956
11099427.889980483333852 1547826.084417964999912
11099427.889980483333852 1547826.383003902499868
11099427.889980483333852 1547826.681589839999824
11099427.889980483333852 1547826.980175777499780
11099427.889980483333852 1547827.278761714999736
11099427.889980483333852 1547827.577347652499692
11099427.889980483333852 1547827.875933589999648
11099428.188561212500389 1547822.799972652500396
11099428.188561212500389 1547823.098558590000352
11099428.188561212500389 1547823.397144527500308
11099428.188561212500389 1547823.695730465000264
11099428.188561212500389 1547823.994316402500220
11099428.188561212500389 1547824.292902340000176
11099428.188561212500389 1547824.591488277500132
11099428.188561212500389 1547824.890074215000088
11099428.188561212500389 1547825.188660152500044
11099428.188561212500389 1547825.487246090000000
11099428.188561212500389 1547825.785832027499956
11099428.188561212500389 1547826.084417964999912
11099428.188561212500389 1547826.383003902499868
11099428.188561212500389 1547826.681589839999824
11099428.188561212500389 1547826.980175777499780
11099428.188561212500389 1547827.278761714999736
11099428.188561212500389 1547827.577347652499692
11099428.188561212500389 1547827.875933589999648
11099428.487141941666926 1547822.799972652500396
11099428.487141941666926 1547823.098558590000352
11099428.487141941666926 1547823.397144527500308
11099428.487141941666926 1547823.695730465000264
11099428.487141941666926 1547823.994316402500220
11099428.487141941666926 1547824.292902340000176
11099428.487141941666926 1547824.591488277500132
11099428.487141941666926 1547824.890074215000088
11099428.487141941666926 1547825.188660152500044
11099428.487141941666926 1547825.487246090000000
11099428.487141941666926 1547825.785832027499956
11099428.487141941666926 1547826.084417964999912
11099428.487141941666926 1547826.383003902499868
11099428.487141941666926 1547826.681589839999824
11099428.487141941666926 1547826.980175777499780
11099428.487141941666926 1547827.278761714999736
11099428.487141941666926 1547827.577347652499692
11099428.487141941666926 1547827.875933589999648
11099428.785722670833463 1547822.799972652500396
11099428.785722670833463 1547823.098558590000352
11099428.785722670833463 1547823.397144527500308
11099428.785722670833463 1547823.695730465000264
11099428.785722670833463 1547823.994316402500220
11099428.785722670833463 1547824.292902340000176
11099428.785722670833463 1547824.591488277500132
11099428.785722670833463 1547824.890074215000088
11099428.785722670833463 1547825.188660152500044
11099428.785722670833463 1547825.487246090000000
11099428.785722670833463 1547825.785832027499956
11099428.785722670833463 1547826.084417964999912
11099428.785722670833463 1547826.383003902499868
11099428.785722670833463 1547826.681589839999824
11099428.785722670833463 1547826.980175777499780
11099428.785722670833463 1547827.278761714999736
11099428.785722670833463 1547827.577347652499692
11099428.785722670833463 1547827.875933589999648
11099429.084303400000000 1547822.799972652500396
11099429.084303400000000 1547823.098558590000352
11099429.084303400000000 1547823.397144527500308
11099429.084303400000000 1547823.695730465000264
11099429.084303400000000 1547823.994316402500220
11099429.084303400000000 1547824.292902340000176
11099429.084303400000000 1547824.591488277500132
11099429.084303400000000 1547824.890074215000088
11099429.084303400000000 1547825.188660152500044
11099429.084303400000000 1547825.487246090000000
11099429.084303400000000 1547825.785832027499956
11099429.084303400000000 1547826.084417964999912
11099429.084303400000000 1547826.383003902499868
11099429.084303400000000 1547826.681589839999824
11099429.084303400000000 1547826.980175777499780
11099429.084303400000000 1547827.278761714999736
11099429.084303400000000 1547827.577347652499692
11099429.084303400000000 1547827.875933589999648
11099429.382884129166537 1547822.799972652500396
11099429.382884129166537 1547823.098558590000352
11099429.382884129166537 1547823.397144527500308
11099429.382884129166537 1547823.695730465000264
11099429.382884129166537 1547823.994316402500220
11099429.382884129166537 1547824.292902340000176
11099429.382884129166537 1547824.591488277500132
11099429.382884129166537 1547824.890074215000088
11099429.382884129166537 1547825.188660152500044
11099429.382884129166537 1547825.487246090000000
11099429.382884129166537 1547825.785832027499956
11099429.382884129166537 1547826.084417964999912
11099429.382884129166537 1547826.383003902499868
11099429.382884129166537 1547826.681589839999824
11099429.382884129166537 1547826.980175777499780
11099429.382884129166537 1547827.278761714999736
11099429.382884129166537 1547827.577347652499692
11099429.382884129166537 1547827.875933589999648
11099429.681464858333074 1547822.799972652500396
11099429.681464858333074 1547823.098558590000352
11099429.681464858333074 1547823.397144527500308
11099429.681464858333074 1547823.695730465000264
11099429.681464858333074 1547823.994316402500220
11099429.681464858333074 1547824.292902340000176
11099429.681464858333074 1547824.591488277500132
11099429.681464858333074 1547824.890074215000088
11099429.681464858333074 1547825.188660152500044
11099429.681464858333074 1547825.487246090000000
11099429.681464858333074 1547825.785832027499956
11099429.681464858333074 1547826.084417964999912
11099429.681464858333074 1547826.383003902499868
11099429.681464858333074 1547826.681589839999824
11099429.681464858333074 1547826.980175777499780
11099429.681464858333074 1547827.278761714999736
11099429.681464858333074 1547827.577347652499692
11099429.681464858333074 1547827.875933589999648
11099429.980045587499611 1547822.799972652500396
11099429.980045587499611 1547823.098558590000352
11099429.980045587499611 1547823.397144527500308
11099429.980045587499611 1547823.695730465000264
11099429.980045587499611 1547823.994316402500220
11099429.980045587499611 1547824.292902340000176
11099429.980045587499611 1547824.591488277500132
11099429.980045587499611 1547824.890074215000088
11099429.980045587499611 1547825.188660152500044
11099429.980045587499611 1547825.487246090000000
11099429.980045587499611 1547825.785832027499956
11099429.980045587499611 1547826.084417964999912
11099429.980045587499611 1547826.383003902499868
11099429.980045587499611 1547826.681589839999824
11099429.980045587499611 1547826.980175777499780
11099429.980045587499611 1547827.278761714999736
11099429.980045587499611 1547827.577347652499692
11099429.980045587499611 1547827.875933589999648
11099430.278626316666148 1547822.799972652500396
11099430.278626316666148 1547823.098558590000352
11099430.278626316666148 1547823.397144527500308
11099430.278626316666148 1547823.695730465000264
11099430.278626316666148 1547823.994316402500220
11099430.278626316666148 1547824.292902340000176
11099430.278626316666148 1547824.591488277500132
11099430.278626316666148 1547824.890074215000088
11099430.278626316666148 1547825.188660152500044
11099430.278626316666148 1547825.487246090000000
11099430.278626316666148 1547825.785832027499956
11099430.278626316666148 1547826.084417964999912
11099430.278626316666148 1547826.383003902499868
11099430.278626316666148 1547826.681589839999824
11099430.278626316666148 1547826.980175777499780
11099430.278626316666148 1547827.278761714999736
11099430.278626316666148 1547827.577347652499692
11099430.278626316666148 1547827.875933589999648
11099430.577207045832685 1547822.799972652500396
11099430.577207045832685 1547823.098558590000352
11099430.577207045832685 1547823.397144527500308
11099430.577207045832685 1547823.695730465000264
11099430.577207045832685 1547823.994316402500220
11099430.577207045832685 1547824.292902340000176
11099430.577207045832685 1547824.591488277500132
11099430.577207045832685 1547824.890074215000088
11099430.577207045832685 1547825.188660152500044
11099430.577207045832685 1547825.487246090000000
11099430.577207045832685 1547825.785832027499956
11099430.577207045832685 1547826.084417964999912
11099430.577207045832685 1547826.383003902499868
11099430.577207045832685 1547826.681589839999824
11099430.577207045832685 1547826.980175777499780
11099430.577207045832685 1547827.278761714999736
11099430.577207045832685 1547827.577347652499692
11099430.577207045832685 1547827.875933589999648
11099430.875787774999222 1547822.799972652500396
11099430.875787774999222 1547823.098558590000352
11099430.875787774999222 1547823.397144527500308
11099430.875787774999222 1547823.695730465000264
11099430.875787774999222 1547823.994316402500220
11099430.875787774999222 1547824.292902340000176
11099430.875787774999222 1547824.591488277500132
11099430.875787774999222 1547824.890074215000088
11099430.875787774999222 1547825.188660152500044
11099430.875787774999222 1547825.487246090000000
11099430.875787774999222 1547825.785832027499956
11099430.875787774999222 1547826.084417964999912
11099430.875787774999222 1547826.383003902499868
11099430.875787774999222 1547826.681589839999824
11099430.875787774999222 1547826.980175777499780
11099430.875787774999222 1547827.278761714999736
11099430.875787774999222 1547827.577347652499692
11099430.875787774999222 1547827.875933589999648
11099431.174368504165759 1547822.799972652500396
11099431.174368504165759 1547823.098558590000352
11099431.174368504165759 1547823.397144527500308
11099431.174368504165759 1547823.695730465000264
11099431.174368504165759 1547823.994316402500220
11099431.174368504165759 1547824.292902340000176
11099431.174368504165759 1547824.591488277500132
11099431.174368504165759 1547824.890074215000088
11099431.174368504165759 1547825.188660152500044
11099431.174368504165759 1547825.487246090000000
11099431.174368504165759 1547825.785832027499956
11099431.174368504165759 1547826.084417964999912
11099431.174368504165759 1547826.383003902499868
11099431.174368504165759 1547826.681589839999824
11099431.174368504165759 1547826.980175777499780
11099431.174368504165759 1547827.278761714999736
11099431.174368504165759 1547827.577347652499692
11099431.174368504165759 1547827.875933589999648
11099431.472949233332296 1547822.799972652500396
11099431.472949233332296 1547823.098558590000352
11099431.472949233332296 1547823.397144527500308
11099431.472949233332296 1547823.695730465000264
11099431.472949233332296 1547823.994316402500220
11099431.472949233332296 1547824.292902340000176
11099431.472949233332296 1547824.591488277500132
11099431.472949233332296 1547824.890074215000088
11099431.472949233332296 1547825.188660152500044
11099431.472949233332296 1547825.487246090000000
11099431.472949233332296 1547825.785832027499956
11099431.472949233332296 1547826.084417964999912
11099431.472949233332296 1547826.383003902499868
11099431.472949233332296 1547826.681589839999824
11099431.472949233332296 1547826.980175777499780
11099431.472949233332296 1547827.278761714999736
11099431.472949233332296 1547827.577347652499692
11099431.472949233332296 1547827.875933589999648
