11099428.785722637501167 1547793.538550782500396
11099428.785722637501167 1547793.837136720000352
11099428.785722637501167 1547794.135722657500308
11099428.785722637501167 1547794.434308595000264
11099428.785722637501167 1547794.732894532500220
11099428.785722637501167 1547795.031480470000176
11099428.785722637501167 1547795.330066407500132
11099428.785722637501167 1547795.628652345000088
11099428.785722637501167 1547795.927238282500044
11099428.785722637501167 1547796.225824220000000
11099428.785722637501167 1547796.524410157499956
11099428.785722637501167 1547796.822996094999912
11099428.785722637501167 1547797.121582032499868
11099428.785722637501167 1547797.420167969999824
11099428.785722637501167 1547797.718753907499780
11099428.785722637501167 1547798.017339844999736
11099428.785722637501167 1547798.315925782499692
11099428.785722637501167 1547798.614511719999648
11099429.084303366667704 1547793.538550782500396
11099429.084303366667704 1547793.837136720000352
11099429.084303366667704 1547794.135722657500308
11099429.084303366667704 1547794.434308595000264
11099429.084303366667704 1547794.732894532500220
11099429.084303366667704 1547795.031480470000176
11099429.084303366667704 1547795.330066407500132
11099429.084303366667704 1547795.628652345000088
11099429.084303366667704 1547795.927238282500044
11099429.084303366667704 1547796.225824220000000
11099429.084303366667704 1547796.524410157499956
11099429.084303366667704 1547796.822996094999912
11099429.084303366667704 1547797.121582032499868
11099429.084303366667704 1547797.420167969999824
11099429.084303366667704 1547797.718753907499780
11099429.084303366667704 1547798.017339844999736
11099429.084303366667704 1547798.315925782499692
11099429.084303366667704 1547798.614511719999648
11099429.382884095834241 1547793.538550782500396
11099429.382884095834241 1547793.837136720000352
11099429.382884095834241 1547794.135722657500308
11099429.382884095834241 1547794.434308595000264
11099429.382884095834241 1547794.732894532500220
11099429.382884095834241 1547795.031480470000176
11099429.382884095834241 1547795.330066407500132
11099429.382884095834241 1547795.628652345000088
11099429.382884095834241 1547795.927238282500044
11099429.382884095834241 1547796.225824220000000
11099429.382884095834241 1547796.524410157499956
11099429.382884095834241 1547796.822996094999912
11099429.382884095834241 1547797.121582032499868
11099429.382884095834241 1547797.420167969999824
11099429.382884095834241 1547797.718753907499780
11099429.382884095834241 1547798.017339844999736
11099429.382884095834241 1547798.315925782499692
11099429.382884095834241 1547798.614511719999648
11099429.681464825000778 1547793.538550782500396
11099429.681464825000778 1547793.837136720000352
11099429.681464825000778 1547794.135722657500308
11099429.681464825000778 1547794.434308595000264
11099429.681464825000778 1547794.732894532500220
11099429.681464825000778 1547795.031480470000176
11099429.681464825000778 1547795.330066407500132
11099429.681464825000778 1547795.628652345000088
11099429.681464825000778 1547795.927238282500044
11099429.681464825000778 1547796.225824220000000
11099429.681464825000778 1547796.524410157499956
11099429.681464825000778 1547796.822996094999912
11099429.681464825000778 1547797.121582032499868
11099429.681464825000778 1547797.420167969999824
11099429.681464825000778 1547797.718753907499780
11099429.681464825000778 1547798.017339844999736
11099429.681464825000778 1547798.315925782499692
11099429.681464825000778 1547798.614511719999648
11099429.980045554167315 1547793.538550782500396
11099429.980045554167315 1547793.837136720000352
11099429.980045554167315 1547794.135722657500308
11099429.980045554167315 1547794.434308595000264
11099429.980045554167315 1547794.732894532500220
11099429.980045554167315 1547795.031480470000176
11099429.980045554167315 1547795.330066407500132
11099429.980045554167315 1547795.628652345000088
11099429.980045554167315 1547795.927238282500044
11099429.980045554167315 1547796.225824220000000
11099429.980045554167315 1547796.524410157499956
11099429.980045554167315 1547796.822996094999912
11099429.980045554167315 1547797.121582032499868
11099429.980045554167315 1547797.420167969999824
11099429.980045554167315 1547797.718753907499780
11099429.980045554167315 1547798.017339844999736
11099429.980045554167315 1547798.315925782499692
11099429.980045554167315 1547798.614511719999648
11099430.278626283333852 1547793.538550782500396
11099430.278626283333852 1547793.837136720000352
11099430.278626283333852 1547794.135722657500308
11099430.278626283333852 1547794.434308595000264
11099430.278626283333852 1547794.732894532500220
11099430.278626283333852 1547795.031480470000176
11099430.278626283333852 1547795.330066407500132
11099430.278626283333852 1547795.628652345000088
11099430.278626283333852 1547795.927238282500044
11099430.278626283333852 1547796.225824220000000
11099430.278626283333852 1547796.524410157499956
11099430.278626283333852 1547796.822996094999912
11099430.278626283333852 1547797.121582032499868
11099430.278626283333852 1547797.420167969999824
11099430.278626283333852 1547797.718753907499780
11099430.278626283333852 1547798.017339844999736
11099430.278626283333852 1547798.315925782499692
11099430.278626283333852 1547798.614511719999648
11099430.577207012500389 1547793.538550782500396
11099430.577207012500389 1547793.837136720000352
11099430.577207012500389 1547794.135722657500308
11099430.577207012500389 1547794.434308595000264
11099430.577207012500389 1547794.732894532500220
11099430.577207012500389 1547795.031480470000176
11099430.577207012500389 1547795.330066407500132
11099430.577207012500389 1547795.628652345000088
11099430.577207012500389 1547795.927238282500044
11099430.577207012500389 1547796.225824220000000
11099430.577207012500389 1547796.524410157499956
11099430.577207012500389 1547796.822996094999912
11099430.577207012500389 1547797.121582032499868
11099430.577207012500389 1547797.420167969999824
11099430.577207012500389 1547797.718753907499780
11099430.577207012500389 1547798.017339844999736
11099430.577207012500389 1547798.315925782499692
11099430.577207012500389 1547798.614511719999648
11099430.875787741666926 1547793.538550782500396
11099430.875787741666926 1547793.837136720000352
11099430.875787741666926 1547794.135722657500308
11099430.875787741666926 1547794.434308595000264
11099430.875787741666926 1547794.732894532500220
11099430.875787741666926 1547795.031480470000176
11099430.875787741666926 1547795.330066407500132
11099430.875787741666926 1547795.628652345000088
11099430.875787741666926 1547795.927238282500044
11099430.875787741666926 1547796.225824220000000
11099430.875787741666926 1547796.524410157499956
11099430.875787741666926 1547796.822996094999912
11099430.875787741666926 1547797.121582032499868
11099430.875787741666926 1547797.420167969999824
11099430.875787741666926 1547797.718753907499780
11099430.875787741666926 1547798.017339844999736
11099430.875787741666926 1547798.315925782499692
11099430.875787741666926 1547798.614511719999648
11099431.174368470833463 1547793.538550782500396
11099431.174368470833463 1547793.837136720000352
11099431.174368470833463 1547794.135722657500308
11099431.174368470833463 1547794.434308595000264
11099431.174368470833463 1547794.732894532500220
11099431.174368470833463 1547795.031480470000176
11099431.174368470833463 1547795.330066407500132
11099431.174368470833463 1547795.628652345000088
11099431.174368470833463 1547795.927238282500044
11099431.174368470833463 1547796.225824220000000
11099431.174368470833463 1547796.524410157499956
11099431.174368470833463 1547796.822996094999912
11099431.174368470833463 1547797.121582032499868
11099431.174368470833463 1547797.420167969999824
11099431.174368470833463 1547797.718753907499780
11099431.174368470833463 1547798.017339844999736
11099431.174368470833463 1547798.315925782499692
11099431.174368470833463 1547798.614511719999648
11099431.472949200000000 1547793.538550782500396
11099431.472949200000000 1547793.837136720000352
11099431.472949200000000 1547794.135722657500308
11099431.472949200000000 1547794.434308595000264
11099431.472949200000000 1547794.732894532500220
11099431.472949200000000 1547795.031480470000176
11099431.472949200000000 1547795.330066407500132
11099431.472949200000000 1547795.628652345000088
11099431.472949200000000 1547795.927238282500044
11099431.472949200000000 1547796.225824220000000
11099431.472949200000000 1547796.524410157499956
11099431.472949200000000 1547796.822996094999912
11099431.472949200000000 1547797.121582032499868
11099431.472949200000000 1547797.420167969999824
11099431.472949200000000 1547797.718753907499780
11099431.472949200000000 1547798.017339844999736
11099431.472949200000000 1547798.315925782499692
11099431.472949200000000 1547798.614511719999648
11099431.771529929166537 1547793.538550782500396
11099431.771529929166537 1547793.837136720000352
11099431.771529929166537 1547794.135722657500308
11099431.771529929166537 1547794.434308595000264
11099431.771529929166537 1547794.732894532500220
11099431.771529929166537 1547795.031480470000176
11099431.771529929166537 1547795.330066407500132
11099431.771529929166537 1547795.628652345000088
11099431.771529929166537 1547795.927238282500044
11099431.771529929166537 1547796.225824220000000
11099431.771529929166537 1547796.524410157499956
11099431.771529929166537 1547796.822996094999912
11099431.771529929166537 1547797.121582032499868
11099431.771529929166537 1547797.420167969999824
11099431.771529929166537 1547797.718753907499780
11099431.771529929166537 1547798.017339844999736
11099431.771529929166537 1547798.315925782499692
11099431.771529929166537 1547798.614511719999648
11099432.070110658333074 1547793.538550782500396
11099432.070110658333074 1547793.837136720000352
11099432.070110658333074 1547794.135722657500308
11099432.070110658333074 1547794.434308595000264
11099432.070110658333074 1547794.732894532500220
11099432.070110658333074 1547795.031480470000176
11099432.070110658333074 1547795.330066407500132
11099432.070110658333074 1547795.628652345000088
11099432.070110658333074 1547795.927238282500044
11099432.070110658333074 1547796.225824220000000
11099432.070110658333074 1547796.524410157499956
11099432.070110658333074 1547796.822996094999912
11099432.070110658333074 1547797.121582032499868
11099432.070110658333074 1547797.420167969999824
11099432.070110658333074 1547797.718753907499780
11099432.070110658333074 1547798.017339844999736
11099432.070110658333074 1547798.315925782499692
11099432.070110658333074 1547798.614511719999648
11099432.368691387499611 1547793.538550782500396
11099432.368691387499611 1547793.837136720000352
11099432.368691387499611 1547794.135722657500308
11099432.368691387499611 1547794.434308595000264
11099432.368691387499611 1547794.732894532500220
11099432.368691387499611 1547795.031480470000176
11099432.368691387499611 1547795.330066407500132
11099432.368691387499611 1547795.628652345000088
11099432.368691387499611 1547795.927238282500044
11099432.368691387499611 1547796.225824220000000
11099432.368691387499611 1547796.524410157499956
11099432.368691387499611 1547796.822996094999912
11099432.368691387499611 1547797.121582032499868
11099432.368691387499611 1547797.420167969999824
11099432.368691387499611 1547797.718753907499780
11099432.368691387499611 1547798.017339844999736
11099432.368691387499611 1547798.315925782499692
11099432.368691387499611 1547798.614511719999648
11099432.667272116666148 1547793.538550782500396
11099432.667272116666148 1547793.837136720000352
11099432.667272116666148 1547794.135722657500308
11099432.667272116666148 1547794.434308595000264
11099432.667272116666148 1547794.732894532500220
11099432.667272116666148 1547795.031480470000176
11099432.667272116666148 1547795.330066407500132
11099432.667272116666148 1547795.628652345000088
11099432.667272116666148 1547795.927238282500044
11099432.667272116666148 1547796.225824220000000
11099432.667272116666148 1547796.524410157499956
11099432.667272116666148 1547796.822996094999912
11099432.667272116666148 1547797.121582032499868
11099432.667272116666148 1547797.420167969999824
11099432.667272116666148 1547797.718753907499780
11099432.667272116666148 1547798.017339844999736
11099432.667272116666148 1547798.315925782499692
11099432.667272116666148 1547798.614511719999648
11099432.965852845832685 1547793.538550782500396
11099432.965852845832685 1547793.837136720000352
11099432.965852845832685 1547794.135722657500308
11099432.965852845832685 1547794.434308595000264
11099432.965852845832685 1547794.732894532500220
11099432.965852845832685 1547795.031480470000176
11099432.965852845832685 1547795.330066407500132
11099432.965852845832685 1547795.628652345000088
11099432.965852845832685 1547795.927238282500044
11099432.965852845832685 1547796.225824220000000
11099432.965852845832685 1547796.524410157499956
11099432.965852845832685 1547796.822996094999912
11099432.965852845832685 1547797.121582032499868
11099432.965852845832685 1547797.420167969999824
11099432.965852845832685 1547797.718753907499780
11099432.965852845832685 1547798.017339844999736
11099432.965852845832685 1547798.315925782499692
11099432.965852845832685 1547798.614511719999648
11099433.264433574999222 1547793.538550782500396
11099433.264433574999222 1547793.837136720000352
11099433.264433574999222 1547794.135722657500308
11099433.264433574999222 1547794.434308595000264
11099433.264433574999222 1547794.732894532500220
11099433.264433574999222 1547795.031480470000176
11099433.264433574999222 1547795.330066407500132
11099433.264433574999222 1547795.628652345000088
11099433.264433574999222 1547795.927238282500044
11099433.264433574999222 1547796.225824220000000
11099433.264433574999222 1547796.524410157499956
11099433.264433574999222 1547796.822996094999912
11099433.264433574999222 1547797.121582032499868
11099433.264433574999222 1547797.420167969999824
11099433.264433574999222 1547797.718753907499780
11099433.264433574999222 1547798.017339844999736
11099433.264433574999222 1547798.315925782499692
11099433.264433574999222 1547798.614511719999648
11099433.563014304165759 1547793.538550782500396
11099433.563014304165759 1547793.837136720000352
11099433.563014304165759 1547794.135722657500308
11099433.563014304165759 1547794.434308595000264
11099433.563014304165759 1547794.732894532500220
11099433.563014304165759 1547795.031480470000176
11099433.563014304165759 1547795.330066407500132
11099433.563014304165759 1547795.628652345000088
11099433.563014304165759 1547795.927238282500044
11099433.563014304165759 1547796.225824220000000
11099433.563014304165759 1547796.524410157499956
11099433.563014304165759 1547796.822996094999912
11099433.563014304165759 1547797.121582032499868
11099433.563014304165759 1547797.420167969999824
11099433.563014304165759 1547797.718753907499780
11099433.563014304165759 1547798.017339844999736
11099433.563014304165759 1547798.315925782499692
11099433.563014304165759 1547798.614511719999648
11099433.861595033332296 1547793.538550782500396
11099433.861595033332296 1547793.837136720000352
11099433.861595033332296 1547794.135722657500308
11099433.861595033332296 1547794.434308595000264
11099433.861595033332296 1547794.732894532500220
11099433.861595033332296 1547795.031480470000176
11099433.861595033332296 1547795.330066407500132
11099433.861595033332296 1547795.628652345000088
11099433.861595033332296 1547795.927238282500044
11099433.861595033332296 1547796.225824220000000
11099433.861595033332296 1547796.524410157499956
11099433.861595033332296 1547796.822996094999912
11099433.861595033332296 1547797.121582032499868
11099433.861595033332296 1547797.420167969999824
11099433.861595033332296 1547797.718753907499780
11099433.861595033332296 1547798.017339844999736
11099433.861595033332296 1547798.315925782499692
11099433.861595033332296 1547798.614511719999648
