11098825.354069037501167 1547694.408019532500396
11098825.354069037501167 1547694.706605470000352
11098825.354069037501167 1547695.005191407500308
11098825.354069037501167 1547695.303777345000264
11098825.354069037501167 1547695.602363282500220
11098825.354069037501167 1547695.900949220000176
11098825.354069037501167 1547696.199535157500132
11098825.354069037501167 1547696.498121095000088
11098825.354069037501167 1547696.796707032500044
11098825.354069037501167 1547697.095292970000000
11098825.354069037501167 1547697.393878907499956
11098825.354069037501167 1547697.692464844999912
11098825.354069037501167 1547697.991050782499868
11098825.354069037501167 1547698.289636719999824
11098825.354069037501167 1547698.588222657499780
11098825.354069037501167 1547698.886808594999736
11098825.354069037501167 1547699.185394532499692
11098825.354069037501167 1547699.483980469999648
11098825.652649766667704 1547694.408019532500396
11098825.652649766667704 1547694.706605470000352
11098825.652649766667704 1547695.005191407500308
11098825.652649766667704 1547695.303777345000264
11098825.652649766667704 1547695.602363282500220
11098825.652649766667704 1547695.900949220000176
11098825.652649766667704 1547696.199535157500132
11098825.652649766667704 1547696.498121095000088
11098825.652649766667704 1547696.796707032500044
11098825.652649766667704 1547697.095292970000000
11098825.652649766667704 1547697.393878907499956
11098825.652649766667704 1547697.692464844999912
11098825.652649766667704 1547697.991050782499868
11098825.652649766667704 1547698.289636719999824
11098825.652649766667704 1547698.588222657499780
11098825.652649766667704 1547698.886808594999736
11098825.652649766667704 1547699.185394532499692
11098825.652649766667704 1547699.483980469999648
11098825.951230495834241 1547694.408019532500396
11098825.951230495834241 1547694.706605470000352
11098825.951230495834241 1547695.005191407500308
11098825.951230495834241 1547695.303777345000264
11098825.951230495834241 1547695.602363282500220
11098825.951230495834241 1547695.900949220000176
11098825.951230495834241 1547696.199535157500132
11098825.951230495834241 1547696.498121095000088
11098825.951230495834241 1547696.796707032500044
11098825.951230495834241 1547697.095292970000000
11098825.951230495834241 1547697.393878907499956
11098825.951230495834241 1547697.692464844999912
11098825.951230495834241 1547697.991050782499868
11098825.951230495834241 1547698.289636719999824
11098825.951230495834241 1547698.588222657499780
11098825.951230495834241 1547698.886808594999736
11098825.951230495834241 1547699.185394532499692
11098825.951230495834241 1547699.483980469999648
11098826.249811225000778 1547694.408019532500396
11098826.249811225000778 1547694.706605470000352
11098826.249811225000778 1547695.005191407500308
11098826.249811225000778 1547695.303777345000264
11098826.249811225000778 1547695.602363282500220
11098826.249811225000778 1547695.900949220000176
11098826.249811225000778 1547696.199535157500132
11098826.249811225000778 1547696.498121095000088
11098826.249811225000778 1547696.796707032500044
11098826.249811225000778 1547697.095292970000000
11098826.249811225000778 1547697.393878907499956
11098826.249811225000778 1547697.692464844999912
11098826.249811225000778 1547697.991050782499868
11098826.249811225000778 1547698.289636719999824
11098826.249811225000778 1547698.588222657499780
11098826.249811225000778 1547698.886808594999736
11098826.249811225000778 1547699.185394532499692
11098826.249811225000778 1547699.483980469999648
11098826.548391954167315 1547694.408019532500396
11098826.548391954167315 1547694.706605470000352
11098826.548391954167315 1547695.005191407500308
11098826.548391954167315 1547695.303777345000264
11098826.548391954167315 1547695.602363282500220
11098826.548391954167315 1547695.900949220000176
11098826.548391954167315 1547696.199535157500132
11098826.548391954167315 1547696.498121095000088
11098826.548391954167315 1547696.796707032500044
11098826.548391954167315 1547697.095292970000000
11098826.548391954167315 1547697.393878907499956
11098826.548391954167315 1547697.692464844999912
11098826.548391954167315 1547697.991050782499868
11098826.548391954167315 1547698.289636719999824
11098826.548391954167315 1547698.588222657499780
11098826.548391954167315 1547698.886808594999736
11098826.548391954167315 1547699.185394532499692
11098826.548391954167315 1547699.483980469999648
11098826.846972683333852 1547694.408019532500396
11098826.846972683333852 1547694.706605470000352
11098826.846972683333852 1547695.005191407500308
11098826.846972683333852 1547695.303777345000264
11098826.846972683333852 1547695.602363282500220
11098826.846972683333852 1547695.900949220000176
11098826.846972683333852 1547696.199535157500132
11098826.846972683333852 1547696.498121095000088
11098826.846972683333852 1547696.796707032500044
11098826.846972683333852 1547697.095292970000000
11098826.846972683333852 1547697.393878907499956
11098826.846972683333852 1547697.692464844999912
11098826.846972683333852 1547697.991050782499868
11098826.846972683333852 1547698.289636719999824
11098826.846972683333852 1547698.588222657499780
11098826.846972683333852 1547698.886808594999736
11098826.846972683333852 1547699.185394532499692
11098826.846972683333852 1547699.483980469999648
11098827.145553412500389 1547694.408019532500396
11098827.145553412500389 1547694.706605470000352
11098827.145553412500389 1547695.005191407500308
11098827.145553412500389 1547695.303777345000264
11098827.145553412500389 1547695.602363282500220
11098827.145553412500389 1547695.900949220000176
11098827.145553412500389 1547696.199535157500132
11098827.145553412500389 1547696.498121095000088
11098827.145553412500389 1547696.796707032500044
11098827.145553412500389 1547697.095292970000000
11098827.145553412500389 1547697.393878907499956
11098827.145553412500389 1547697.692464844999912
11098827.145553412500389 1547697.991050782499868
11098827.145553412500389 1547698.289636719999824
11098827.145553412500389 1547698.588222657499780
11098827.145553412500389 1547698.886808594999736
11098827.145553412500389 1547699.185394532499692
11098827.145553412500389 1547699.483980469999648
11098827.444134141666926 1547694.408019532500396
11098827.444134141666926 1547694.706605470000352
11098827.444134141666926 1547695.005191407500308
11098827.444134141666926 1547695.303777345000264
11098827.444134141666926 1547695.602363282500220
11098827.444134141666926 1547695.900949220000176
11098827.444134141666926 1547696.199535157500132
11098827.444134141666926 1547696.498121095000088
11098827.444134141666926 1547696.796707032500044
11098827.444134141666926 1547697.095292970000000
11098827.444134141666926 1547697.393878907499956
11098827.444134141666926 1547697.692464844999912
11098827.444134141666926 1547697.991050782499868
11098827.444134141666926 1547698.289636719999824
11098827.444134141666926 1547698.588222657499780
11098827.444134141666926 1547698.886808594999736
11098827.444134141666926 1547699.185394532499692
11098827.444134141666926 1547699.483980469999648
11098827.742714870833463 1547694.408019532500396
11098827.742714870833463 1547694.706605470000352
11098827.742714870833463 1547695.005191407500308
11098827.742714870833463 1547695.303777345000264
11098827.742714870833463 1547695.602363282500220
11098827.742714870833463 1547695.900949220000176
11098827.742714870833463 1547696.199535157500132
11098827.742714870833463 1547696.498121095000088
11098827.742714870833463 1547696.796707032500044
11098827.742714870833463 1547697.095292970000000
11098827.742714870833463 1547697.393878907499956
11098827.742714870833463 1547697.692464844999912
11098827.742714870833463 1547697.991050782499868
11098827.742714870833463 1547698.289636719999824
11098827.742714870833463 1547698.588222657499780
11098827.742714870833463 1547698.886808594999736
11098827.742714870833463 1547699.185394532499692
11098827.742714870833463 1547699.483980469999648
11098828.041295600000000 1547694.408019532500396
11098828.041295600000000 1547694.706605470000352
11098828.041295600000000 1547695.005191407500308
11098828.041295600000000 1547695.303777345000264
11098828.041295600000000 1547695.602363282500220
11098828.041295600000000 1547695.900949220000176
11098828.041295600000000 1547696.199535157500132
11098828.041295600000000 1547696.498121095000088
11098828.041295600000000 1547696.796707032500044
11098828.041295600000000 1547697.095292970000000
11098828.041295600000000 1547697.393878907499956
11098828.041295600000000 1547697.692464844999912
11098828.041295600000000 1547697.991050782499868
11098828.041295600000000 1547698.289636719999824
11098828.041295600000000 1547698.588222657499780
11098828.041295600000000 1547698.886808594999736
11098828.041295600000000 1547699.185394532499692
11098828.041295600000000 1547699.483980469999648
11098828.339876329166537 1547694.408019532500396
11098828.339876329166537 1547694.706605470000352
11098828.339876329166537 1547695.005191407500308
11098828.339876329166537 1547695.303777345000264
11098828.339876329166537 1547695.602363282500220
11098828.339876329166537 1547695.900949220000176
11098828.339876329166537 1547696.199535157500132
11098828.339876329166537 1547696.498121095000088
11098828.339876329166537 1547696.796707032500044
11098828.339876329166537 1547697.095292970000000
11098828.339876329166537 1547697.393878907499956
11098828.339876329166537 1547697.692464844999912
11098828.339876329166537 1547697.991050782499868
11098828.339876329166537 1547698.289636719999824
11098828.339876329166537 1547698.588222657499780
11098828.339876329166537 1547698.886808594999736
11098828.339876329166537 1547699.185394532499692
11098828.339876329166537 1547699.483980469999648
11098828.638457058333074 1547694.408019532500396
11098828.638457058333074 1547694.706605470000352
11098828.638457058333074 1547695.005191407500308
11098828.638457058333074 1547695.303777345000264
11098828.638457058333074 1547695.602363282500220
11098828.638457058333074 1547695.900949220000176
11098828.638457058333074 1547696.199535157500132
11098828.638457058333074 1547696.498121095000088
11098828.638457058333074 1547696.796707032500044
11098828.638457058333074 1547697.095292970000000
11098828.638457058333074 1547697.393878907499956
11098828.638457058333074 1547697.692464844999912
11098828.638457058333074 1547697.991050782499868
11098828.638457058333074 1547698.289636719999824
11098828.638457058333074 1547698.588222657499780
11098828.638457058333074 1547698.886808594999736
11098828.638457058333074 1547699.185394532499692
11098828.638457058333074 1547699.483980469999648
11098828.937037787499611 1547694.408019532500396
11098828.937037787499611 1547694.706605470000352
11098828.937037787499611 1547695.005191407500308
11098828.937037787499611 1547695.303777345000264
11098828.937037787499611 1547695.602363282500220
11098828.937037787499611 1547695.900949220000176
11098828.937037787499611 1547696.199535157500132
11098828.937037787499611 1547696.498121095000088
11098828.937037787499611 1547696.796707032500044
11098828.937037787499611 1547697.095292970000000
11098828.937037787499611 1547697.393878907499956
11098828.937037787499611 1547697.692464844999912
11098828.937037787499611 1547697.991050782499868
11098828.937037787499611 1547698.289636719999824
11098828.937037787499611 1547698.588222657499780
11098828.937037787499611 1547698.886808594999736
11098828.937037787499611 1547699.185394532499692
11098828.937037787499611 1547699.483980469999648
11098829.235618516666148 1547694.408019532500396
11098829.235618516666148 1547694.706605470000352
11098829.235618516666148 1547695.005191407500308
11098829.235618516666148 1547695.303777345000264
11098829.235618516666148 1547695.602363282500220
11098829.235618516666148 1547695.900949220000176
11098829.235618516666148 1547696.199535157500132
11098829.235618516666148 1547696.498121095000088
11098829.235618516666148 1547696.796707032500044
11098829.235618516666148 1547697.095292970000000
11098829.235618516666148 1547697.393878907499956
11098829.235618516666148 1547697.692464844999912
11098829.235618516666148 1547697.991050782499868
11098829.235618516666148 1547698.289636719999824
11098829.235618516666148 1547698.588222657499780
11098829.235618516666148 1547698.886808594999736
11098829.235618516666148 1547699.185394532499692
11098829.235618516666148 1547699.483980469999648
11098829.534199245832685 1547694.408019532500396
11098829.534199245832685 1547694.706605470000352
11098829.534199245832685 1547695.005191407500308
11098829.534199245832685 1547695.303777345000264
11098829.534199245832685 1547695.602363282500220
11098829.534199245832685 1547695.900949220000176
11098829.534199245832685 1547696.199535157500132
11098829.534199245832685 1547696.498121095000088
11098829.534199245832685 1547696.796707032500044
11098829.534199245832685 1547697.095292970000000
11098829.534199245832685 1547697.393878907499956
11098829.534199245832685 1547697.692464844999912
11098829.534199245832685 1547697.991050782499868
11098829.534199245832685 1547698.289636719999824
11098829.534199245832685 1547698.588222657499780
11098829.534199245832685 1547698.886808594999736
11098829.534199245832685 1547699.185394532499692
11098829.534199245832685 1547699.483980469999648
11098829.832779974999222 1547694.408019532500396
11098829.832779974999222 1547694.706605470000352
11098829.832779974999222 1547695.005191407500308
11098829.832779974999222 1547695.303777345000264
11098829.832779974999222 1547695.602363282500220
11098829.832779974999222 1547695.900949220000176
11098829.832779974999222 1547696.199535157500132
11098829.832779974999222 1547696.498121095000088
11098829.832779974999222 1547696.796707032500044
11098829.832779974999222 1547697.095292970000000
11098829.832779974999222 1547697.393878907499956
11098829.832779974999222 1547697.692464844999912
11098829.832779974999222 1547697.991050782499868
11098829.832779974999222 1547698.289636719999824
11098829.832779974999222 1547698.588222657499780
11098829.832779974999222 1547698.886808594999736
11098829.832779974999222 1547699.185394532499692
11098829.832779974999222 1547699.483980469999648
11098830.131360704165759 1547694.408019532500396
11098830.131360704165759 1547694.706605470000352
11098830.131360704165759 1547695.005191407500308
11098830.131360704165759 1547695.303777345000264
11098830.131360704165759 1547695.602363282500220
11098830.131360704165759 1547695.900949220000176
11098830.131360704165759 1547696.199535157500132
11098830.131360704165759 1547696.498121095000088
11098830.131360704165759 1547696.796707032500044
11098830.131360704165759 1547697.095292970000000
11098830.131360704165759 1547697.393878907499956
11098830.131360704165759 1547697.692464844999912
11098830.131360704165759 1547697.991050782499868
11098830.131360704165759 1547698.289636719999824
11098830.131360704165759 1547698.588222657499780
11098830.131360704165759 1547698.886808594999736
11098830.131360704165759 1547699.185394532499692
11098830.131360704165759 1547699.483980469999648
11098830.429941433332296 1547694.408019532500396
11098830.429941433332296 1547694.706605470000352
11098830.429941433332296 1547695.005191407500308
11098830.429941433332296 1547695.303777345000264
11098830.429941433332296 1547695.602363282500220
11098830.429941433332296 1547695.900949220000176
11098830.429941433332296 1547696.199535157500132
11098830.429941433332296 1547696.498121095000088
11098830.429941433332296 1547696.796707032500044
11098830.429941433332296 1547697.095292970000000
11098830.429941433332296 1547697.393878907499956
11098830.429941433332296 1547697.692464844999912
11098830.429941433332296 1547697.991050782499868
11098830.429941433332296 1547698.289636719999824
11098830.429941433332296 1547698.588222657499780
11098830.429941433332296 1547698.886808594999736
11098830.429941433332296 1547699.185394532499692
11098830.429941433332296 1547699.483980469999648
