11099146.328352837501167 1547911.181410152500396
11099146.328352837501167 1547911.479996090000352
11099146.328352837501167 1547911.778582027500308
11099146.328352837501167 1547912.077167965000264
11099146.328352837501167 1547912.375753902500220
11099146.328352837501167 1547912.674339840000176
11099146.328352837501167 1547912.972925777500132
11099146.328352837501167 1547913.271511715000088
11099146.328352837501167 1547913.570097652500044
11099146.328352837501167 1547913.868683590000000
11099146.328352837501167 1547914.167269527499956
11099146.328352837501167 1547914.465855464999912
11099146.328352837501167 1547914.764441402499868
11099146.328352837501167 1547915.063027339999824
11099146.328352837501167 1547915.361613277499780
11099146.328352837501167 1547915.660199214999736
11099146.328352837501167 1547915.958785152499692
11099146.328352837501167 1547916.257371089999648
11099146.626933566667704 1547911.181410152500396
11099146.626933566667704 1547911.479996090000352
11099146.626933566667704 1547911.778582027500308
11099146.626933566667704 1547912.077167965000264
11099146.626933566667704 1547912.375753902500220
11099146.626933566667704 1547912.674339840000176
11099146.626933566667704 1547912.972925777500132
11099146.626933566667704 1547913.271511715000088
11099146.626933566667704 1547913.570097652500044
11099146.626933566667704 1547913.868683590000000
11099146.626933566667704 1547914.167269527499956
11099146.626933566667704 1547914.465855464999912
11099146.626933566667704 1547914.764441402499868
11099146.626933566667704 1547915.063027339999824
11099146.626933566667704 1547915.361613277499780
11099146.626933566667704 1547915.660199214999736
11099146.626933566667704 1547915.958785152499692
11099146.626933566667704 1547916.257371089999648
11099146.925514295834241 1547911.181410152500396
11099146.925514295834241 1547911.479996090000352
11099146.925514295834241 1547911.778582027500308
11099146.925514295834241 1547912.077167965000264
11099146.925514295834241 1547912.375753902500220
11099146.925514295834241 1547912.674339840000176
11099146.925514295834241 1547912.972925777500132
11099146.925514295834241 1547913.271511715000088
11099146.925514295834241 1547913.570097652500044
11099146.925514295834241 1547913.868683590000000
11099146.925514295834241 1547914.167269527499956
11099146.925514295834241 1547914.465855464999912
11099146.925514295834241 1547914.764441402499868
11099146.925514295834241 1547915.063027339999824
11099146.925514295834241 1547915.361613277499780
11099146.925514295834241 1547915.660199214999736
11099146.925514295834241 1547915.958785152499692
11099146.925514295834241 1547916.257371089999648
11099147.224095025000778 1547911.181410152500396
11099147.224095025000778 1547911.479996090000352
11099147.224095025000778 1547911.778582027500308
11099147.224095025000778 1547912.077167965000264
11099147.224095025000778 1547912.375753902500220
11099147.224095025000778 1547912.674339840000176
11099147.224095025000778 1547912.972925777500132
11099147.224095025000778 1547913.271511715000088
11099147.224095025000778 1547913.570097652500044
11099147.224095025000778 1547913.868683590000000
11099147.224095025000778 1547914.167269527499956
11099147.224095025000778 1547914.465855464999912
11099147.224095025000778 1547914.764441402499868
11099147.224095025000778 1547915.063027339999824
11099147.224095025000778 1547915.361613277499780
11099147.224095025000778 1547915.660199214999736
11099147.224095025000778 1547915.958785152499692
11099147.224095025000778 1547916.257371089999648
11099147.522675754167315 1547911.181410152500396
11099147.522675754167315 1547911.479996090000352
11099147.522675754167315 1547911.778582027500308
11099147.522675754167315 1547912.077167965000264
11099147.522675754167315 1547912.375753902500220
11099147.522675754167315 1547912.674339840000176
11099147.522675754167315 1547912.972925777500132
11099147.522675754167315 1547913.271511715000088
11099147.522675754167315 1547913.570097652500044
11099147.522675754167315 1547913.868683590000000
11099147.522675754167315 1547914.167269527499956
11099147.522675754167315 1547914.465855464999912
11099147.522675754167315 1547914.764441402499868
11099147.522675754167315 1547915.063027339999824
11099147.522675754167315 1547915.361613277499780
11099147.522675754167315 1547915.660199214999736
11099147.522675754167315 1547915.958785152499692
11099147.522675754167315 1547916.257371089999648
11099147.821256483333852 1547911.181410152500396
11099147.821256483333852 1547911.479996090000352
11099147.821256483333852 1547911.778582027500308
11099147.821256483333852 1547912.077167965000264
11099147.821256483333852 1547912.375753902500220
11099147.821256483333852 1547912.674339840000176
11099147.821256483333852 1547912.972925777500132
11099147.821256483333852 1547913.271511715000088
11099147.821256483333852 1547913.570097652500044
11099147.821256483333852 1547913.868683590000000
11099147.821256483333852 1547914.167269527499956
11099147.821256483333852 1547914.465855464999912
11099147.821256483333852 1547914.764441402499868
11099147.821256483333852 1547915.063027339999824
11099147.821256483333852 1547915.361613277499780
11099147.821256483333852 1547915.660199214999736
11099147.821256483333852 1547915.958785152499692
11099147.821256483333852 1547916.257371089999648
11099148.119837212500389 1547911.181410152500396
11099148.119837212500389 1547911.479996090000352
11099148.119837212500389 1547911.778582027500308
11099148.119837212500389 1547912.077167965000264
11099148.119837212500389 1547912.375753902500220
11099148.119837212500389 1547912.674339840000176
11099148.119837212500389 1547912.972925777500132
11099148.119837212500389 1547913.271511715000088
11099148.119837212500389 1547913.570097652500044
11099148.119837212500389 1547913.868683590000000
11099148.119837212500389 1547914.167269527499956
11099148.119837212500389 1547914.465855464999912
11099148.119837212500389 1547914.764441402499868
11099148.119837212500389 1547915.063027339999824
11099148.119837212500389 1547915.361613277499780
11099148.119837212500389 1547915.660199214999736
11099148.119837212500389 1547915.958785152499692
11099148.119837212500389 1547916.257371089999648
11099148.418417941666926 1547911.181410152500396
11099148.418417941666926 1547911.479996090000352
11099148.418417941666926 1547911.778582027500308
11099148.418417941666926 1547912.077167965000264
11099148.418417941666926 1547912.375753902500220
11099148.418417941666926 1547912.674339840000176
11099148.418417941666926 1547912.972925777500132
11099148.418417941666926 1547913.271511715000088
11099148.418417941666926 1547913.570097652500044
11099148.418417941666926 1547913.868683590000000
11099148.418417941666926 1547914.167269527499956
11099148.418417941666926 1547914.465855464999912
11099148.418417941666926 1547914.764441402499868
11099148.418417941666926 1547915.063027339999824
11099148.418417941666926 1547915.361613277499780
11099148.418417941666926 1547915.660199214999736
11099148.418417941666926 1547915.958785152499692
11099148.418417941666926 1547916.257371089999648
11099148.716998670833463 1547911.181410152500396
11099148.716998670833463 1547911.479996090000352
11099148.716998670833463 1547911.778582027500308
11099148.716998670833463 1547912.077167965000264
11099148.716998670833463 1547912.375753902500220
11099148.716998670833463 1547912.674339840000176
11099148.716998670833463 1547912.972925777500132
11099148.716998670833463 1547913.271511715000088
11099148.716998670833463 1547913.570097652500044
11099148.716998670833463 1547913.868683590000000
11099148.716998670833463 1547914.167269527499956
11099148.716998670833463 1547914.465855464999912
11099148.716998670833463 1547914.764441402499868
11099148.716998670833463 1547915.063027339999824
11099148.716998670833463 1547915.361613277499780
11099148.716998670833463 1547915.660199214999736
11099148.716998670833463 1547915.958785152499692
11099148.716998670833463 1547916.257371089999648
11099149.015579400000000 1547911.181410152500396
11099149.015579400000000 1547911.479996090000352
11099149.015579400000000 1547911.778582027500308
11099149.015579400000000 1547912.077167965000264
11099149.015579400000000 1547912.375753902500220
11099149.015579400000000 1547912.674339840000176
11099149.015579400000000 1547912.972925777500132
11099149.015579400000000 1547913.271511715000088
11099149.015579400000000 1547913.570097652500044
11099149.015579400000000 1547913.868683590000000
11099149.015579400000000 1547914.167269527499956
11099149.015579400000000 1547914.465855464999912
11099149.015579400000000 1547914.764441402499868
11099149.015579400000000 1547915.063027339999824
11099149.015579400000000 1547915.361613277499780
11099149.015579400000000 1547915.660199214999736
11099149.015579400000000 1547915.958785152499692
11099149.015579400000000 1547916.257371089999648
11099149.314160129166537 1547911.181410152500396
11099149.314160129166537 1547911.479996090000352
11099149.314160129166537 1547911.778582027500308
11099149.314160129166537 1547912.077167965000264
11099149.314160129166537 1547912.375753902500220
11099149.314160129166537 1547912.674339840000176
11099149.314160129166537 1547912.972925777500132
11099149.314160129166537 1547913.271511715000088
11099149.314160129166537 1547913.570097652500044
11099149.314160129166537 1547913.868683590000000
11099149.314160129166537 1547914.167269527499956
11099149.314160129166537 1547914.465855464999912
11099149.314160129166537 1547914.764441402499868
11099149.314160129166537 1547915.063027339999824
11099149.314160129166537 1547915.361613277499780
11099149.314160129166537 1547915.660199214999736
11099149.314160129166537 1547915.958785152499692
11099149.314160129166537 1547916.257371089999648
11099149.612740858333074 1547911.181410152500396
11099149.612740858333074 1547911.479996090000352
11099149.612740858333074 1547911.778582027500308
11099149.612740858333074 1547912.077167965000264
11099149.612740858333074 1547912.375753902500220
11099149.612740858333074 1547912.674339840000176
11099149.612740858333074 1547912.972925777500132
11099149.612740858333074 1547913.271511715000088
11099149.612740858333074 1547913.570097652500044
11099149.612740858333074 1547913.868683590000000
11099149.612740858333074 1547914.167269527499956
11099149.612740858333074 1547914.465855464999912
11099149.612740858333074 1547914.764441402499868
11099149.612740858333074 1547915.063027339999824
11099149.612740858333074 1547915.361613277499780
11099149.612740858333074 1547915.660199214999736
11099149.612740858333074 1547915.958785152499692
11099149.612740858333074 1547916.257371089999648
11099149.911321587499611 1547911.181410152500396
11099149.911321587499611 1547911.479996090000352
11099149.911321587499611 1547911.778582027500308
11099149.911321587499611 1547912.077167965000264
11099149.911321587499611 1547912.375753902500220
11099149.911321587499611 1547912.674339840000176
11099149.911321587499611 1547912.972925777500132
11099149.911321587499611 1547913.271511715000088
11099149.911321587499611 1547913.570097652500044
11099149.911321587499611 1547913.868683590000000
11099149.911321587499611 1547914.167269527499956
11099149.911321587499611 1547914.465855464999912
11099149.911321587499611 1547914.764441402499868
11099149.911321587499611 1547915.063027339999824
11099149.911321587499611 1547915.361613277499780
11099149.911321587499611 1547915.660199214999736
11099149.911321587499611 1547915.958785152499692
11099149.911321587499611 1547916.257371089999648
11099150.209902316666148 1547911.181410152500396
11099150.209902316666148 1547911.479996090000352
11099150.209902316666148 1547911.778582027500308
11099150.209902316666148 1547912.077167965000264
11099150.209902316666148 1547912.375753902500220
11099150.209902316666148 1547912.674339840000176
11099150.209902316666148 1547912.972925777500132
11099150.209902316666148 1547913.271511715000088
11099150.209902316666148 1547913.570097652500044
11099150.209902316666148 1547913.868683590000000
11099150.209902316666148 1547914.167269527499956
11099150.209902316666148 1547914.465855464999912
11099150.209902316666148 1547914.764441402499868
11099150.209902316666148 1547915.063027339999824
11099150.209902316666148 1547915.361613277499780
11099150.209902316666148 1547915.660199214999736
11099150.209902316666148 1547915.958785152499692
11099150.209902316666148 1547916.257371089999648
11099150.508483045832685 1547911.181410152500396
11099150.508483045832685 1547911.479996090000352
11099150.508483045832685 1547911.778582027500308
11099150.508483045832685 1547912.077167965000264
11099150.508483045832685 1547912.375753902500220
11099150.508483045832685 1547912.674339840000176
11099150.508483045832685 1547912.972925777500132
11099150.508483045832685 1547913.271511715000088
11099150.508483045832685 1547913.570097652500044
11099150.508483045832685 1547913.868683590000000
11099150.508483045832685 1547914.167269527499956
11099150.508483045832685 1547914.465855464999912
11099150.508483045832685 1547914.764441402499868
11099150.508483045832685 1547915.063027339999824
11099150.508483045832685 1547915.361613277499780
11099150.508483045832685 1547915.660199214999736
11099150.508483045832685 1547915.958785152499692
11099150.508483045832685 1547916.257371089999648
11099150.807063774999222 1547911.181410152500396
11099150.807063774999222 1547911.479996090000352
11099150.807063774999222 1547911.778582027500308
11099150.807063774999222 1547912.077167965000264
11099150.807063774999222 1547912.375753902500220
11099150.807063774999222 1547912.674339840000176
11099150.807063774999222 1547912.972925777500132
11099150.807063774999222 1547913.271511715000088
11099150.807063774999222 1547913.570097652500044
11099150.807063774999222 1547913.868683590000000
11099150.807063774999222 1547914.167269527499956
11099150.807063774999222 1547914.465855464999912
11099150.807063774999222 1547914.764441402499868
11099150.807063774999222 1547915.063027339999824
11099150.807063774999222 1547915.361613277499780
11099150.807063774999222 1547915.660199214999736
11099150.807063774999222 1547915.958785152499692
11099150.807063774999222 1547916.257371089999648
11099151.105644504165759 1547911.181410152500396
11099151.105644504165759 1547911.479996090000352
11099151.105644504165759 1547911.778582027500308
11099151.105644504165759 1547912.077167965000264
11099151.105644504165759 1547912.375753902500220
11099151.105644504165759 1547912.674339840000176
11099151.105644504165759 1547912.972925777500132
11099151.105644504165759 1547913.271511715000088
11099151.105644504165759 1547913.570097652500044
11099151.105644504165759 1547913.868683590000000
11099151.105644504165759 1547914.167269527499956
11099151.105644504165759 1547914.465855464999912
11099151.105644504165759 1547914.764441402499868
11099151.105644504165759 1547915.063027339999824
11099151.105644504165759 1547915.361613277499780
11099151.105644504165759 1547915.660199214999736
11099151.105644504165759 1547915.958785152499692
11099151.105644504165759 1547916.257371089999648
11099151.404225233332296 1547911.181410152500396
11099151.404225233332296 1547911.479996090000352
11099151.404225233332296 1547911.778582027500308
11099151.404225233332296 1547912.077167965000264
11099151.404225233332296 1547912.375753902500220
11099151.404225233332296 1547912.674339840000176
11099151.404225233332296 1547912.972925777500132
11099151.404225233332296 1547913.271511715000088
11099151.404225233332296 1547913.570097652500044
11099151.404225233332296 1547913.868683590000000
11099151.404225233332296 1547914.167269527499956
11099151.404225233332296 1547914.465855464999912
11099151.404225233332296 1547914.764441402499868
11099151.404225233332296 1547915.063027339999824
11099151.404225233332296 1547915.361613277499780
11099151.404225233332296 1547915.660199214999736
11099151.404225233332296 1547915.958785152499692
11099151.404225233332296 1547916.257371089999648
