11098898.804928337501167 1547597.964761722500396
11098898.804928337501167 1547598.263347660000352
11098898.804928337501167 1547598.561933597500308
11098898.804928337501167 1547598.860519535000264
11098898.804928337501167 1547599.159105472500220
11098898.804928337501167 1547599.457691410000176
11098898.804928337501167 1547599.756277347500132
11098898.804928337501167 1547600.054863285000088
11098898.804928337501167 1547600.353449222500044
11098898.804928337501167 1547600.652035160000000
11098898.804928337501167 1547600.950621097499956
11098898.804928337501167 1547601.249207034999912
11098898.804928337501167 1547601.547792972499868
11098898.804928337501167 1547601.846378909999824
11098898.804928337501167 1547602.144964847499780
11098898.804928337501167 1547602.443550784999736
11098898.804928337501167 1547602.742136722499692
11098898.804928337501167 1547603.040722659999648
11098899.103509066667704 1547597.964761722500396
11098899.103509066667704 1547598.263347660000352
11098899.103509066667704 1547598.561933597500308
11098899.103509066667704 1547598.860519535000264
11098899.103509066667704 1547599.159105472500220
11098899.103509066667704 1547599.457691410000176
11098899.103509066667704 1547599.756277347500132
11098899.103509066667704 1547600.054863285000088
11098899.103509066667704 1547600.353449222500044
11098899.103509066667704 1547600.652035160000000
11098899.103509066667704 1547600.950621097499956
11098899.103509066667704 1547601.249207034999912
11098899.103509066667704 1547601.547792972499868
11098899.103509066667704 1547601.846378909999824
11098899.103509066667704 1547602.144964847499780
11098899.103509066667704 1547602.443550784999736
11098899.103509066667704 1547602.742136722499692
11098899.103509066667704 1547603.040722659999648
11098899.402089795834241 1547597.964761722500396
11098899.402089795834241 1547598.263347660000352
11098899.402089795834241 1547598.561933597500308
11098899.402089795834241 1547598.860519535000264
11098899.402089795834241 1547599.159105472500220
11098899.402089795834241 1547599.457691410000176
11098899.402089795834241 1547599.756277347500132
11098899.402089795834241 1547600.054863285000088
11098899.402089795834241 1547600.353449222500044
11098899.402089795834241 1547600.652035160000000
11098899.402089795834241 1547600.950621097499956
11098899.402089795834241 1547601.249207034999912
11098899.402089795834241 1547601.547792972499868
11098899.402089795834241 1547601.846378909999824
11098899.402089795834241 1547602.144964847499780
11098899.402089795834241 1547602.443550784999736
11098899.402089795834241 1547602.742136722499692
11098899.402089795834241 1547603.040722659999648
11098899.700670525000778 1547597.964761722500396
11098899.700670525000778 1547598.263347660000352
11098899.700670525000778 1547598.561933597500308
11098899.700670525000778 1547598.860519535000264
11098899.700670525000778 1547599.159105472500220
11098899.700670525000778 1547599.457691410000176
11098899.700670525000778 1547599.756277347500132
11098899.700670525000778 1547600.054863285000088
11098899.700670525000778 1547600.353449222500044
11098899.700670525000778 1547600.652035160000000
11098899.700670525000778 1547600.950621097499956
11098899.700670525000778 1547601.249207034999912
11098899.700670525000778 1547601.547792972499868
11098899.700670525000778 1547601.846378909999824
11098899.700670525000778 1547602.144964847499780
11098899.700670525000778 1547602.443550784999736
11098899.700670525000778 1547602.742136722499692
11098899.700670525000778 1547603.040722659999648
11098899.999251254167315 1547597.964761722500396
11098899.999251254167315 1547598.263347660000352
11098899.999251254167315 1547598.561933597500308
11098899.999251254167315 1547598.860519535000264
11098899.999251254167315 1547599.159105472500220
11098899.999251254167315 1547599.457691410000176
11098899.999251254167315 1547599.756277347500132
11098899.999251254167315 1547600.054863285000088
11098899.999251254167315 1547600.353449222500044
11098899.999251254167315 1547600.652035160000000
11098899.999251254167315 1547600.950621097499956
11098899.999251254167315 1547601.249207034999912
11098899.999251254167315 1547601.547792972499868
11098899.999251254167315 1547601.846378909999824
11098899.999251254167315 1547602.144964847499780
11098899.999251254167315 1547602.443550784999736
11098899.999251254167315 1547602.742136722499692
11098899.999251254167315 1547603.040722659999648
11098900.297831983333852 1547597.964761722500396
11098900.297831983333852 1547598.263347660000352
11098900.297831983333852 1547598.561933597500308
11098900.297831983333852 1547598.860519535000264
11098900.297831983333852 1547599.159105472500220
11098900.297831983333852 1547599.457691410000176
11098900.297831983333852 1547599.756277347500132
11098900.297831983333852 1547600.054863285000088
11098900.297831983333852 1547600.353449222500044
11098900.297831983333852 1547600.652035160000000
11098900.297831983333852 1547600.950621097499956
11098900.297831983333852 1547601.249207034999912
11098900.297831983333852 1547601.547792972499868
11098900.297831983333852 1547601.846378909999824
11098900.297831983333852 1547602.144964847499780
11098900.297831983333852 1547602.443550784999736
11098900.297831983333852 1547602.742136722499692
11098900.297831983333852 1547603.040722659999648
11098900.596412712500389 1547597.964761722500396
11098900.596412712500389 1547598.263347660000352
11098900.596412712500389 1547598.561933597500308
11098900.596412712500389 1547598.860519535000264
11098900.596412712500389 1547599.159105472500220
11098900.596412712500389 1547599.457691410000176
11098900.596412712500389 1547599.756277347500132
11098900.596412712500389 1547600.054863285000088
11098900.596412712500389 1547600.353449222500044
11098900.596412712500389 1547600.652035160000000
11098900.596412712500389 1547600.950621097499956
11098900.596412712500389 1547601.249207034999912
11098900.596412712500389 1547601.547792972499868
11098900.596412712500389 1547601.846378909999824
11098900.596412712500389 1547602.144964847499780
11098900.596412712500389 1547602.443550784999736
11098900.596412712500389 1547602.742136722499692
11098900.596412712500389 1547603.040722659999648
11098900.894993441666926 1547597.964761722500396
11098900.894993441666926 1547598.263347660000352
11098900.894993441666926 1547598.561933597500308
11098900.894993441666926 1547598.860519535000264
11098900.894993441666926 1547599.159105472500220
11098900.894993441666926 1547599.457691410000176
11098900.894993441666926 1547599.756277347500132
11098900.894993441666926 1547600.054863285000088
11098900.894993441666926 1547600.353449222500044
11098900.894993441666926 1547600.652035160000000
11098900.894993441666926 1547600.950621097499956
11098900.894993441666926 1547601.249207034999912
11098900.894993441666926 1547601.547792972499868
11098900.894993441666926 1547601.846378909999824
11098900.894993441666926 1547602.144964847499780
11098900.894993441666926 1547602.443550784999736
11098900.894993441666926 1547602.742136722499692
11098900.894993441666926 1547603.040722659999648
11098901.193574170833463 1547597.964761722500396
11098901.193574170833463 1547598.263347660000352
11098901.193574170833463 1547598.561933597500308
11098901.193574170833463 1547598.860519535000264
11098901.193574170833463 1547599.159105472500220
11098901.193574170833463 1547599.457691410000176
11098901.193574170833463 1547599.756277347500132
11098901.193574170833463 1547600.054863285000088
11098901.193574170833463 1547600.353449222500044
11098901.193574170833463 1547600.652035160000000
11098901.193574170833463 1547600.950621097499956
11098901.193574170833463 1547601.249207034999912
11098901.193574170833463 1547601.547792972499868
11098901.193574170833463 1547601.846378909999824
11098901.193574170833463 1547602.144964847499780
11098901.193574170833463 1547602.443550784999736
11098901.193574170833463 1547602.742136722499692
11098901.193574170833463 1547603.040722659999648
11098901.492154900000000 1547597.964761722500396
11098901.492154900000000 1547598.263347660000352
11098901.492154900000000 1547598.561933597500308
11098901.492154900000000 1547598.860519535000264
11098901.492154900000000 1547599.159105472500220
11098901.492154900000000 1547599.457691410000176
11098901.492154900000000 1547599.756277347500132
11098901.492154900000000 1547600.054863285000088
11098901.492154900000000 1547600.353449222500044
11098901.492154900000000 1547600.652035160000000
11098901.492154900000000 1547600.950621097499956
11098901.492154900000000 1547601.249207034999912
11098901.492154900000000 1547601.547792972499868
11098901.492154900000000 1547601.846378909999824
11098901.492154900000000 1547602.144964847499780
11098901.492154900000000 1547602.443550784999736
11098901.492154900000000 1547602.742136722499692
11098901.492154900000000 1547603.040722659999648
11098901.790735629166537 1547597.964761722500396
11098901.790735629166537 1547598.263347660000352
11098901.790735629166537 1547598.561933597500308
11098901.790735629166537 1547598.860519535000264
11098901.790735629166537 1547599.159105472500220
11098901.790735629166537 1547599.457691410000176
11098901.790735629166537 1547599.756277347500132
11098901.790735629166537 1547600.054863285000088
11098901.790735629166537 1547600.353449222500044
11098901.790735629166537 1547600.652035160000000
11098901.790735629166537 1547600.950621097499956
11098901.790735629166537 1547601.249207034999912
11098901.790735629166537 1547601.547792972499868
11098901.790735629166537 1547601.846378909999824
11098901.790735629166537 1547602.144964847499780
11098901.790735629166537 1547602.443550784999736
11098901.790735629166537 1547602.742136722499692
11098901.790735629166537 1547603.040722659999648
11098902.089316358333074 1547597.964761722500396
11098902.089316358333074 1547598.263347660000352
11098902.089316358333074 1547598.561933597500308
11098902.089316358333074 1547598.860519535000264
11098902.089316358333074 1547599.159105472500220
11098902.089316358333074 1547599.457691410000176
11098902.089316358333074 1547599.756277347500132
11098902.089316358333074 1547600.054863285000088
11098902.089316358333074 1547600.353449222500044
11098902.089316358333074 1547600.652035160000000
11098902.089316358333074 1547600.950621097499956
11098902.089316358333074 1547601.249207034999912
11098902.089316358333074 1547601.547792972499868
11098902.089316358333074 1547601.846378909999824
11098902.089316358333074 1547602.144964847499780
11098902.089316358333074 1547602.443550784999736
11098902.089316358333074 1547602.742136722499692
11098902.089316358333074 1547603.040722659999648
11098902.387897087499611 1547597.964761722500396
11098902.387897087499611 1547598.263347660000352
11098902.387897087499611 1547598.561933597500308
11098902.387897087499611 1547598.860519535000264
11098902.387897087499611 1547599.159105472500220
11098902.387897087499611 1547599.457691410000176
11098902.387897087499611 1547599.756277347500132
11098902.387897087499611 1547600.054863285000088
11098902.387897087499611 1547600.353449222500044
11098902.387897087499611 1547600.652035160000000
11098902.387897087499611 1547600.950621097499956
11098902.387897087499611 1547601.249207034999912
11098902.387897087499611 1547601.547792972499868
11098902.387897087499611 1547601.846378909999824
11098902.387897087499611 1547602.144964847499780
11098902.387897087499611 1547602.443550784999736
11098902.387897087499611 1547602.742136722499692
11098902.387897087499611 1547603.040722659999648
11098902.686477816666148 1547597.964761722500396
11098902.686477816666148 1547598.263347660000352
11098902.686477816666148 1547598.561933597500308
11098902.686477816666148 1547598.860519535000264
11098902.686477816666148 1547599.159105472500220
11098902.686477816666148 1547599.457691410000176
11098902.686477816666148 1547599.756277347500132
11098902.686477816666148 1547600.054863285000088
11098902.686477816666148 1547600.353449222500044
11098902.686477816666148 1547600.652035160000000
11098902.686477816666148 1547600.950621097499956
11098902.686477816666148 1547601.249207034999912
11098902.686477816666148 1547601.547792972499868
11098902.686477816666148 1547601.846378909999824
11098902.686477816666148 1547602.144964847499780
11098902.686477816666148 1547602.443550784999736
11098902.686477816666148 1547602.742136722499692
11098902.686477816666148 1547603.040722659999648
11098902.985058545832685 1547597.964761722500396
11098902.985058545832685 1547598.263347660000352
11098902.985058545832685 1547598.561933597500308
11098902.985058545832685 1547598.860519535000264
11098902.985058545832685 1547599.159105472500220
11098902.985058545832685 1547599.457691410000176
11098902.985058545832685 1547599.756277347500132
11098902.985058545832685 1547600.054863285000088
11098902.985058545832685 1547600.353449222500044
11098902.985058545832685 1547600.652035160000000
11098902.985058545832685 1547600.950621097499956
11098902.985058545832685 1547601.249207034999912
11098902.985058545832685 1547601.547792972499868
11098902.985058545832685 1547601.846378909999824
11098902.985058545832685 1547602.144964847499780
11098902.985058545832685 1547602.443550784999736
11098902.985058545832685 1547602.742136722499692
11098902.985058545832685 1547603.040722659999648
11098903.283639274999222 1547597.964761722500396
11098903.283639274999222 1547598.263347660000352
11098903.283639274999222 1547598.561933597500308
11098903.283639274999222 1547598.860519535000264
11098903.283639274999222 1547599.159105472500220
11098903.283639274999222 1547599.457691410000176
11098903.283639274999222 1547599.756277347500132
11098903.283639274999222 1547600.054863285000088
11098903.283639274999222 1547600.353449222500044
11098903.283639274999222 1547600.652035160000000
11098903.283639274999222 1547600.950621097499956
11098903.283639274999222 1547601.249207034999912
11098903.283639274999222 1547601.547792972499868
11098903.283639274999222 1547601.846378909999824
11098903.283639274999222 1547602.144964847499780
11098903.283639274999222 1547602.443550784999736
11098903.283639274999222 1547602.742136722499692
11098903.283639274999222 1547603.040722659999648
11098903.582220004165759 1547597.964761722500396
11098903.582220004165759 1547598.263347660000352
11098903.582220004165759 1547598.561933597500308
11098903.582220004165759 1547598.860519535000264
11098903.582220004165759 1547599.159105472500220
11098903.582220004165759 1547599.457691410000176
11098903.582220004165759 1547599.756277347500132
11098903.582220004165759 1547600.054863285000088
11098903.582220004165759 1547600.353449222500044
11098903.582220004165759 1547600.652035160000000
11098903.582220004165759 1547600.950621097499956
11098903.582220004165759 1547601.249207034999912
11098903.582220004165759 1547601.547792972499868
11098903.582220004165759 1547601.846378909999824
11098903.582220004165759 1547602.144964847499780
11098903.582220004165759 1547602.443550784999736
11098903.582220004165759 1547602.742136722499692
11098903.582220004165759 1547603.040722659999648
11098903.880800733332296 1547597.964761722500396
11098903.880800733332296 1547598.263347660000352
11098903.880800733332296 1547598.561933597500308
11098903.880800733332296 1547598.860519535000264
11098903.880800733332296 1547599.159105472500220
11098903.880800733332296 1547599.457691410000176
11098903.880800733332296 1547599.756277347500132
11098903.880800733332296 1547600.054863285000088
11098903.880800733332296 1547600.353449222500044
11098903.880800733332296 1547600.652035160000000
11098903.880800733332296 1547600.950621097499956
11098903.880800733332296 1547601.249207034999912
11098903.880800733332296 1547601.547792972499868
11098903.880800733332296 1547601.846378909999824
11098903.880800733332296 1547602.144964847499780
11098903.880800733332296 1547602.443550784999736
11098903.880800733332296 1547602.742136722499692
11098903.880800733332296 1547603.040722659999648
