11099124.233378937501167 1547834.444824222500396
11099124.233378937501167 1547834.743410160000352
11099124.233378937501167 1547835.041996097500308
11099124.233378937501167 1547835.340582035000264
11099124.233378937501167 1547835.639167972500220
11099124.233378937501167 1547835.937753910000176
11099124.233378937501167 1547836.236339847500132
11099124.233378937501167 1547836.534925785000088
11099124.233378937501167 1547836.833511722500044
11099124.233378937501167 1547837.132097660000000
11099124.233378937501167 1547837.430683597499956
11099124.233378937501167 1547837.729269534999912
11099124.233378937501167 1547838.027855472499868
11099124.233378937501167 1547838.326441409999824
11099124.233378937501167 1547838.625027347499780
11099124.233378937501167 1547838.923613284999736
11099124.233378937501167 1547839.222199222499692
11099124.233378937501167 1547839.520785159999648
11099124.531959666667704 1547834.444824222500396
11099124.531959666667704 1547834.743410160000352
11099124.531959666667704 1547835.041996097500308
11099124.531959666667704 1547835.340582035000264
11099124.531959666667704 1547835.639167972500220
11099124.531959666667704 1547835.937753910000176
11099124.531959666667704 1547836.236339847500132
11099124.531959666667704 1547836.534925785000088
11099124.531959666667704 1547836.833511722500044
11099124.531959666667704 1547837.132097660000000
11099124.531959666667704 1547837.430683597499956
11099124.531959666667704 1547837.729269534999912
11099124.531959666667704 1547838.027855472499868
11099124.531959666667704 1547838.326441409999824
11099124.531959666667704 1547838.625027347499780
11099124.531959666667704 1547838.923613284999736
11099124.531959666667704 1547839.222199222499692
11099124.531959666667704 1547839.520785159999648
11099124.830540395834241 1547834.444824222500396
11099124.830540395834241 1547834.743410160000352
11099124.830540395834241 1547835.041996097500308
11099124.830540395834241 1547835.340582035000264
11099124.830540395834241 1547835.639167972500220
11099124.830540395834241 1547835.937753910000176
11099124.830540395834241 1547836.236339847500132
11099124.830540395834241 1547836.534925785000088
11099124.830540395834241 1547836.833511722500044
11099124.830540395834241 1547837.132097660000000
11099124.830540395834241 1547837.430683597499956
11099124.830540395834241 1547837.729269534999912
11099124.830540395834241 1547838.027855472499868
11099124.830540395834241 1547838.326441409999824
11099124.830540395834241 1547838.625027347499780
11099124.830540395834241 1547838.923613284999736
11099124.830540395834241 1547839.222199222499692
11099124.830540395834241 1547839.520785159999648
11099125.129121125000778 1547834.444824222500396
11099125.129121125000778 1547834.743410160000352
11099125.129121125000778 1547835.041996097500308
11099125.129121125000778 1547835.340582035000264
11099125.129121125000778 1547835.639167972500220
11099125.129121125000778 1547835.937753910000176
11099125.129121125000778 1547836.236339847500132
11099125.129121125000778 1547836.534925785000088
11099125.129121125000778 1547836.833511722500044
11099125.129121125000778 1547837.132097660000000
11099125.129121125000778 1547837.430683597499956
11099125.129121125000778 1547837.729269534999912
11099125.129121125000778 1547838.027855472499868
11099125.129121125000778 1547838.326441409999824
11099125.129121125000778 1547838.625027347499780
11099125.129121125000778 1547838.923613284999736
11099125.129121125000778 1547839.222199222499692
11099125.129121125000778 1547839.520785159999648
11099125.427701854167315 1547834.444824222500396
11099125.427701854167315 1547834.743410160000352
11099125.427701854167315 1547835.041996097500308
11099125.427701854167315 1547835.340582035000264
11099125.427701854167315 1547835.639167972500220
11099125.427701854167315 1547835.937753910000176
11099125.427701854167315 1547836.236339847500132
11099125.427701854167315 1547836.534925785000088
11099125.427701854167315 1547836.833511722500044
11099125.427701854167315 1547837.132097660000000
11099125.427701854167315 1547837.430683597499956
11099125.427701854167315 1547837.729269534999912
11099125.427701854167315 1547838.027855472499868
11099125.427701854167315 1547838.326441409999824
11099125.427701854167315 1547838.625027347499780
11099125.427701854167315 1547838.923613284999736
11099125.427701854167315 1547839.222199222499692
11099125.427701854167315 1547839.520785159999648
11099125.726282583333852 1547834.444824222500396
11099125.726282583333852 1547834.743410160000352
11099125.726282583333852 1547835.041996097500308
11099125.726282583333852 1547835.340582035000264
11099125.726282583333852 1547835.639167972500220
11099125.726282583333852 1547835.937753910000176
11099125.726282583333852 1547836.236339847500132
11099125.726282583333852 1547836.534925785000088
11099125.726282583333852 1547836.833511722500044
11099125.726282583333852 1547837.132097660000000
11099125.726282583333852 1547837.430683597499956
11099125.726282583333852 1547837.729269534999912
11099125.726282583333852 1547838.027855472499868
11099125.726282583333852 1547838.326441409999824
11099125.726282583333852 1547838.625027347499780
11099125.726282583333852 1547838.923613284999736
11099125.726282583333852 1547839.222199222499692
11099125.726282583333852 1547839.520785159999648
11099126.024863312500389 1547834.444824222500396
11099126.024863312500389 1547834.743410160000352
11099126.024863312500389 1547835.041996097500308
11099126.024863312500389 1547835.340582035000264
11099126.024863312500389 1547835.639167972500220
11099126.024863312500389 1547835.937753910000176
11099126.024863312500389 1547836.236339847500132
11099126.024863312500389 1547836.534925785000088
11099126.024863312500389 1547836.833511722500044
11099126.024863312500389 1547837.132097660000000
11099126.024863312500389 1547837.430683597499956
11099126.024863312500389 1547837.729269534999912
11099126.024863312500389 1547838.027855472499868
11099126.024863312500389 1547838.326441409999824
11099126.024863312500389 1547838.625027347499780
11099126.024863312500389 1547838.923613284999736
11099126.024863312500389 1547839.222199222499692
11099126.024863312500389 1547839.520785159999648
11099126.323444041666926 1547834.444824222500396
11099126.323444041666926 1547834.743410160000352
11099126.323444041666926 1547835.041996097500308
11099126.323444041666926 1547835.340582035000264
11099126.323444041666926 1547835.639167972500220
11099126.323444041666926 1547835.937753910000176
11099126.323444041666926 1547836.236339847500132
11099126.323444041666926 1547836.534925785000088
11099126.323444041666926 1547836.833511722500044
11099126.323444041666926 1547837.132097660000000
11099126.323444041666926 1547837.430683597499956
11099126.323444041666926 1547837.729269534999912
11099126.323444041666926 1547838.027855472499868
11099126.323444041666926 1547838.326441409999824
11099126.323444041666926 1547838.625027347499780
11099126.323444041666926 1547838.923613284999736
11099126.323444041666926 1547839.222199222499692
11099126.323444041666926 1547839.520785159999648
11099126.622024770833463 1547834.444824222500396
11099126.622024770833463 1547834.743410160000352
11099126.622024770833463 1547835.041996097500308
11099126.622024770833463 1547835.340582035000264
11099126.622024770833463 1547835.639167972500220
11099126.622024770833463 1547835.937753910000176
11099126.622024770833463 1547836.236339847500132
11099126.622024770833463 1547836.534925785000088
11099126.622024770833463 1547836.833511722500044
11099126.622024770833463 1547837.132097660000000
11099126.622024770833463 1547837.430683597499956
11099126.622024770833463 1547837.729269534999912
11099126.622024770833463 1547838.027855472499868
11099126.622024770833463 1547838.326441409999824
11099126.622024770833463 1547838.625027347499780
11099126.622024770833463 1547838.923613284999736
11099126.622024770833463 1547839.222199222499692
11099126.622024770833463 1547839.520785159999648
11099126.920605500000000 1547834.444824222500396
11099126.920605500000000 1547834.743410160000352
11099126.920605500000000 1547835.041996097500308
11099126.920605500000000 1547835.340582035000264
11099126.920605500000000 1547835.639167972500220
11099126.920605500000000 1547835.937753910000176
11099126.920605500000000 1547836.236339847500132
11099126.920605500000000 1547836.534925785000088
11099126.920605500000000 1547836.833511722500044
11099126.920605500000000 1547837.132097660000000
11099126.920605500000000 1547837.430683597499956
11099126.920605500000000 1547837.729269534999912
11099126.920605500000000 1547838.027855472499868
11099126.920605500000000 1547838.326441409999824
11099126.920605500000000 1547838.625027347499780
11099126.920605500000000 1547838.923613284999736
11099126.920605500000000 1547839.222199222499692
11099126.920605500000000 1547839.520785159999648
11099127.219186229166537 1547834.444824222500396
11099127.219186229166537 1547834.743410160000352
11099127.219186229166537 1547835.041996097500308
11099127.219186229166537 1547835.340582035000264
11099127.219186229166537 1547835.639167972500220
11099127.219186229166537 1547835.937753910000176
11099127.219186229166537 1547836.236339847500132
11099127.219186229166537 1547836.534925785000088
11099127.219186229166537 1547836.833511722500044
11099127.219186229166537 1547837.132097660000000
11099127.219186229166537 1547837.430683597499956
11099127.219186229166537 1547837.729269534999912
11099127.219186229166537 1547838.027855472499868
11099127.219186229166537 1547838.326441409999824
11099127.219186229166537 1547838.625027347499780
11099127.219186229166537 1547838.923613284999736
11099127.219186229166537 1547839.222199222499692
11099127.219186229166537 1547839.520785159999648
11099127.517766958333074 1547834.444824222500396
11099127.517766958333074 1547834.743410160000352
11099127.517766958333074 1547835.041996097500308
11099127.517766958333074 1547835.340582035000264
11099127.517766958333074 1547835.639167972500220
11099127.517766958333074 1547835.937753910000176
11099127.517766958333074 1547836.236339847500132
11099127.517766958333074 1547836.534925785000088
11099127.517766958333074 1547836.833511722500044
11099127.517766958333074 1547837.132097660000000
11099127.517766958333074 1547837.430683597499956
11099127.517766958333074 1547837.729269534999912
11099127.517766958333074 1547838.027855472499868
11099127.517766958333074 1547838.326441409999824
11099127.517766958333074 1547838.625027347499780
11099127.517766958333074 1547838.923613284999736
11099127.517766958333074 1547839.222199222499692
11099127.517766958333074 1547839.520785159999648
11099127.816347687499611 1547834.444824222500396
11099127.816347687499611 1547834.743410160000352
11099127.816347687499611 1547835.041996097500308
11099127.816347687499611 1547835.340582035000264
11099127.816347687499611 1547835.639167972500220
11099127.816347687499611 1547835.937753910000176
11099127.816347687499611 1547836.236339847500132
11099127.816347687499611 1547836.534925785000088
11099127.816347687499611 1547836.833511722500044
11099127.816347687499611 1547837.132097660000000
11099127.816347687499611 1547837.430683597499956
11099127.816347687499611 1547837.729269534999912
11099127.816347687499611 1547838.027855472499868
11099127.816347687499611 1547838.326441409999824
11099127.816347687499611 1547838.625027347499780
11099127.816347687499611 1547838.923613284999736
11099127.816347687499611 1547839.222199222499692
11099127.816347687499611 1547839.520785159999648
11099128.114928416666148 1547834.444824222500396
11099128.114928416666148 1547834.743410160000352
11099128.114928416666148 1547835.041996097500308
11099128.114928416666148 1547835.340582035000264
11099128.114928416666148 1547835.639167972500220
11099128.114928416666148 1547835.937753910000176
11099128.114928416666148 1547836.236339847500132
11099128.114928416666148 1547836.534925785000088
11099128.114928416666148 1547836.833511722500044
11099128.114928416666148 1547837.132097660000000
11099128.114928416666148 1547837.430683597499956
11099128.114928416666148 1547837.729269534999912
11099128.114928416666148 1547838.027855472499868
11099128.114928416666148 1547838.326441409999824
11099128.114928416666148 1547838.625027347499780
11099128.114928416666148 1547838.923613284999736
11099128.114928416666148 1547839.222199222499692
11099128.114928416666148 1547839.520785159999648
11099128.413509145832685 1547834.444824222500396
11099128.413509145832685 1547834.743410160000352
11099128.413509145832685 1547835.041996097500308
11099128.413509145832685 1547835.340582035000264
11099128.413509145832685 1547835.639167972500220
11099128.413509145832685 1547835.937753910000176
11099128.413509145832685 1547836.236339847500132
11099128.413509145832685 1547836.534925785000088
11099128.413509145832685 1547836.833511722500044
11099128.413509145832685 1547837.132097660000000
11099128.413509145832685 1547837.430683597499956
11099128.413509145832685 1547837.729269534999912
11099128.413509145832685 1547838.027855472499868
11099128.413509145832685 1547838.326441409999824
11099128.413509145832685 1547838.625027347499780
11099128.413509145832685 1547838.923613284999736
11099128.413509145832685 1547839.222199222499692
11099128.413509145832685 1547839.520785159999648
11099128.712089874999222 1547834.444824222500396
11099128.712089874999222 1547834.743410160000352
11099128.712089874999222 1547835.041996097500308
11099128.712089874999222 1547835.340582035000264
11099128.712089874999222 1547835.639167972500220
11099128.712089874999222 1547835.937753910000176
11099128.712089874999222 1547836.236339847500132
11099128.712089874999222 1547836.534925785000088
11099128.712089874999222 1547836.833511722500044
11099128.712089874999222 1547837.132097660000000
11099128.712089874999222 1547837.430683597499956
11099128.712089874999222 1547837.729269534999912
11099128.712089874999222 1547838.027855472499868
11099128.712089874999222 1547838.326441409999824
11099128.712089874999222 1547838.625027347499780
11099128.712089874999222 1547838.923613284999736
11099128.712089874999222 1547839.222199222499692
11099128.712089874999222 1547839.520785159999648
11099129.010670604165759 1547834.444824222500396
11099129.010670604165759 1547834.743410160000352
11099129.010670604165759 1547835.041996097500308
11099129.010670604165759 1547835.340582035000264
11099129.010670604165759 1547835.639167972500220
11099129.010670604165759 1547835.937753910000176
11099129.010670604165759 1547836.236339847500132
11099129.010670604165759 1547836.534925785000088
11099129.010670604165759 1547836.833511722500044
11099129.010670604165759 1547837.132097660000000
11099129.010670604165759 1547837.430683597499956
11099129.010670604165759 1547837.729269534999912
11099129.010670604165759 1547838.027855472499868
11099129.010670604165759 1547838.326441409999824
11099129.010670604165759 1547838.625027347499780
11099129.010670604165759 1547838.923613284999736
11099129.010670604165759 1547839.222199222499692
11099129.010670604165759 1547839.520785159999648
11099129.309251333332296 1547834.444824222500396
11099129.309251333332296 1547834.743410160000352
11099129.309251333332296 1547835.041996097500308
11099129.309251333332296 1547835.340582035000264
11099129.309251333332296 1547835.639167972500220
11099129.309251333332296 1547835.937753910000176
11099129.309251333332296 1547836.236339847500132
11099129.309251333332296 1547836.534925785000088
11099129.309251333332296 1547836.833511722500044
11099129.309251333332296 1547837.132097660000000
11099129.309251333332296 1547837.430683597499956
11099129.309251333332296 1547837.729269534999912
11099129.309251333332296 1547838.027855472499868
11099129.309251333332296 1547838.326441409999824
11099129.309251333332296 1547838.625027347499780
11099129.309251333332296 1547838.923613284999736
11099129.309251333332296 1547839.222199222499692
11099129.309251333332296 1547839.520785159999648
