11099105.721373737501167 1547810.259363282500396
11099105.721373737501167 1547810.557949220000352
11099105.721373737501167 1547810.856535157500308
11099105.721373737501167 1547811.155121095000264
11099105.721373737501167 1547811.453707032500220
11099105.721373737501167 1547811.752292970000176
11099105.721373737501167 1547812.050878907500132
11099105.721373737501167 1547812.349464845000088
11099105.721373737501167 1547812.648050782500044
11099105.721373737501167 1547812.946636720000000
11099105.721373737501167 1547813.245222657499956
11099105.721373737501167 1547813.543808594999912
11099105.721373737501167 1547813.842394532499868
11099105.721373737501167 1547814.140980469999824
11099105.721373737501167 1547814.439566407499780
11099105.721373737501167 1547814.738152344999736
11099105.721373737501167 1547815.036738282499692
11099105.721373737501167 1547815.335324219999648
11099106.019954466667704 1547810.259363282500396
11099106.019954466667704 1547810.557949220000352
11099106.019954466667704 1547810.856535157500308
11099106.019954466667704 1547811.155121095000264
11099106.019954466667704 1547811.453707032500220
11099106.019954466667704 1547811.752292970000176
11099106.019954466667704 1547812.050878907500132
11099106.019954466667704 1547812.349464845000088
11099106.019954466667704 1547812.648050782500044
11099106.019954466667704 1547812.946636720000000
11099106.019954466667704 1547813.245222657499956
11099106.019954466667704 1547813.543808594999912
11099106.019954466667704 1547813.842394532499868
11099106.019954466667704 1547814.140980469999824
11099106.019954466667704 1547814.439566407499780
11099106.019954466667704 1547814.738152344999736
11099106.019954466667704 1547815.036738282499692
11099106.019954466667704 1547815.335324219999648
11099106.318535195834241 1547810.259363282500396
11099106.318535195834241 1547810.557949220000352
11099106.318535195834241 1547810.856535157500308
11099106.318535195834241 1547811.155121095000264
11099106.318535195834241 1547811.453707032500220
11099106.318535195834241 1547811.752292970000176
11099106.318535195834241 1547812.050878907500132
11099106.318535195834241 1547812.349464845000088
11099106.318535195834241 1547812.648050782500044
11099106.318535195834241 1547812.946636720000000
11099106.318535195834241 1547813.245222657499956
11099106.318535195834241 1547813.543808594999912
11099106.318535195834241 1547813.842394532499868
11099106.318535195834241 1547814.140980469999824
11099106.318535195834241 1547814.439566407499780
11099106.318535195834241 1547814.738152344999736
11099106.318535195834241 1547815.036738282499692
11099106.318535195834241 1547815.335324219999648
11099106.617115925000778 1547810.259363282500396
11099106.617115925000778 1547810.557949220000352
11099106.617115925000778 1547810.856535157500308
11099106.617115925000778 1547811.155121095000264
11099106.617115925000778 1547811.453707032500220
11099106.617115925000778 1547811.752292970000176
11099106.617115925000778 1547812.050878907500132
11099106.617115925000778 1547812.349464845000088
11099106.617115925000778 1547812.648050782500044
11099106.617115925000778 1547812.946636720000000
11099106.617115925000778 1547813.245222657499956
11099106.617115925000778 1547813.543808594999912
11099106.617115925000778 1547813.842394532499868
11099106.617115925000778 1547814.140980469999824
11099106.617115925000778 1547814.439566407499780
11099106.617115925000778 1547814.738152344999736
11099106.617115925000778 1547815.036738282499692
11099106.617115925000778 1547815.335324219999648
11099106.915696654167315 1547810.259363282500396
11099106.915696654167315 1547810.557949220000352
11099106.915696654167315 1547810.856535157500308
11099106.915696654167315 1547811.155121095000264
11099106.915696654167315 1547811.453707032500220
11099106.915696654167315 1547811.752292970000176
11099106.915696654167315 1547812.050878907500132
11099106.915696654167315 1547812.349464845000088
11099106.915696654167315 1547812.648050782500044
11099106.915696654167315 1547812.946636720000000
11099106.915696654167315 1547813.245222657499956
11099106.915696654167315 1547813.543808594999912
11099106.915696654167315 1547813.842394532499868
11099106.915696654167315 1547814.140980469999824
11099106.915696654167315 1547814.439566407499780
11099106.915696654167315 1547814.738152344999736
11099106.915696654167315 1547815.036738282499692
11099106.915696654167315 1547815.335324219999648
11099107.214277383333852 1547810.259363282500396
11099107.214277383333852 1547810.557949220000352
11099107.214277383333852 1547810.856535157500308
11099107.214277383333852 1547811.155121095000264
11099107.214277383333852 1547811.453707032500220
11099107.214277383333852 1547811.752292970000176
11099107.214277383333852 1547812.050878907500132
11099107.214277383333852 1547812.349464845000088
11099107.214277383333852 1547812.648050782500044
11099107.214277383333852 1547812.946636720000000
11099107.214277383333852 1547813.245222657499956
11099107.214277383333852 1547813.543808594999912
11099107.214277383333852 1547813.842394532499868
11099107.214277383333852 1547814.140980469999824
11099107.214277383333852 1547814.439566407499780
11099107.214277383333852 1547814.738152344999736
11099107.214277383333852 1547815.036738282499692
11099107.214277383333852 1547815.335324219999648
11099107.512858112500389 1547810.259363282500396
11099107.512858112500389 1547810.557949220000352
11099107.512858112500389 1547810.856535157500308
11099107.512858112500389 1547811.155121095000264
11099107.512858112500389 1547811.453707032500220
11099107.512858112500389 1547811.752292970000176
11099107.512858112500389 1547812.050878907500132
11099107.512858112500389 1547812.349464845000088
11099107.512858112500389 1547812.648050782500044
11099107.512858112500389 1547812.946636720000000
11099107.512858112500389 1547813.245222657499956
11099107.512858112500389 1547813.543808594999912
11099107.512858112500389 1547813.842394532499868
11099107.512858112500389 1547814.140980469999824
11099107.512858112500389 1547814.439566407499780
11099107.512858112500389 1547814.738152344999736
11099107.512858112500389 1547815.036738282499692
11099107.512858112500389 1547815.335324219999648
11099107.811438841666926 1547810.259363282500396
11099107.811438841666926 1547810.557949220000352
11099107.811438841666926 1547810.856535157500308
11099107.811438841666926 1547811.155121095000264
11099107.811438841666926 1547811.453707032500220
11099107.811438841666926 1547811.752292970000176
11099107.811438841666926 1547812.050878907500132
11099107.811438841666926 1547812.349464845000088
11099107.811438841666926 1547812.648050782500044
11099107.811438841666926 1547812.946636720000000
11099107.811438841666926 1547813.245222657499956
11099107.811438841666926 1547813.543808594999912
11099107.811438841666926 1547813.842394532499868
11099107.811438841666926 1547814.140980469999824
11099107.811438841666926 1547814.439566407499780
11099107.811438841666926 1547814.738152344999736
11099107.811438841666926 1547815.036738282499692
11099107.811438841666926 1547815.335324219999648
11099108.110019570833463 1547810.259363282500396
11099108.110019570833463 1547810.557949220000352
11099108.110019570833463 1547810.856535157500308
11099108.110019570833463 1547811.155121095000264
11099108.110019570833463 1547811.453707032500220
11099108.110019570833463 1547811.752292970000176
11099108.110019570833463 1547812.050878907500132
11099108.110019570833463 1547812.349464845000088
11099108.110019570833463 1547812.648050782500044
11099108.110019570833463 1547812.946636720000000
11099108.110019570833463 1547813.245222657499956
11099108.110019570833463 1547813.543808594999912
11099108.110019570833463 1547813.842394532499868
11099108.110019570833463 1547814.140980469999824
11099108.110019570833463 1547814.439566407499780
11099108.110019570833463 1547814.738152344999736
11099108.110019570833463 1547815.036738282499692
11099108.110019570833463 1547815.335324219999648
11099108.408600300000000 1547810.259363282500396
11099108.408600300000000 1547810.557949220000352
11099108.408600300000000 1547810.856535157500308
11099108.408600300000000 1547811.155121095000264
11099108.408600300000000 1547811.453707032500220
11099108.408600300000000 1547811.752292970000176
11099108.408600300000000 1547812.050878907500132
11099108.408600300000000 1547812.349464845000088
11099108.408600300000000 1547812.648050782500044
11099108.408600300000000 1547812.946636720000000
11099108.408600300000000 1547813.245222657499956
11099108.408600300000000 1547813.543808594999912
11099108.408600300000000 1547813.842394532499868
11099108.408600300000000 1547814.140980469999824
11099108.408600300000000 1547814.439566407499780
11099108.408600300000000 1547814.738152344999736
11099108.408600300000000 1547815.036738282499692
11099108.408600300000000 1547815.335324219999648
11099108.707181029166537 1547810.259363282500396
11099108.707181029166537 1547810.557949220000352
11099108.707181029166537 1547810.856535157500308
11099108.707181029166537 1547811.155121095000264
11099108.707181029166537 1547811.453707032500220
11099108.707181029166537 1547811.752292970000176
11099108.707181029166537 1547812.050878907500132
11099108.707181029166537 1547812.349464845000088
11099108.707181029166537 1547812.648050782500044
11099108.707181029166537 1547812.946636720000000
11099108.707181029166537 1547813.245222657499956
11099108.707181029166537 1547813.543808594999912
11099108.707181029166537 1547813.842394532499868
11099108.707181029166537 1547814.140980469999824
11099108.707181029166537 1547814.439566407499780
11099108.707181029166537 1547814.738152344999736
11099108.707181029166537 1547815.036738282499692
11099108.707181029166537 1547815.335324219999648
11099109.005761758333074 1547810.259363282500396
11099109.005761758333074 1547810.557949220000352
11099109.005761758333074 1547810.856535157500308
11099109.005761758333074 1547811.155121095000264
11099109.005761758333074 1547811.453707032500220
11099109.005761758333074 1547811.752292970000176
11099109.005761758333074 1547812.050878907500132
11099109.005761758333074 1547812.349464845000088
11099109.005761758333074 1547812.648050782500044
11099109.005761758333074 1547812.946636720000000
11099109.005761758333074 1547813.245222657499956
11099109.005761758333074 1547813.543808594999912
11099109.005761758333074 1547813.842394532499868
11099109.005761758333074 1547814.140980469999824
11099109.005761758333074 1547814.439566407499780
11099109.005761758333074 1547814.738152344999736
11099109.005761758333074 1547815.036738282499692
11099109.005761758333074 1547815.335324219999648
11099109.304342487499611 1547810.259363282500396
11099109.304342487499611 1547810.557949220000352
11099109.304342487499611 1547810.856535157500308
11099109.304342487499611 1547811.155121095000264
11099109.304342487499611 1547811.453707032500220
11099109.304342487499611 1547811.752292970000176
11099109.304342487499611 1547812.050878907500132
11099109.304342487499611 1547812.349464845000088
11099109.304342487499611 1547812.648050782500044
11099109.304342487499611 1547812.946636720000000
11099109.304342487499611 1547813.245222657499956
11099109.304342487499611 1547813.543808594999912
11099109.304342487499611 1547813.842394532499868
11099109.304342487499611 1547814.140980469999824
11099109.304342487499611 1547814.439566407499780
11099109.304342487499611 1547814.738152344999736
11099109.304342487499611 1547815.036738282499692
11099109.304342487499611 1547815.335324219999648
11099109.602923216666148 1547810.259363282500396
11099109.602923216666148 1547810.557949220000352
11099109.602923216666148 1547810.856535157500308
11099109.602923216666148 1547811.155121095000264
11099109.602923216666148 1547811.453707032500220
11099109.602923216666148 1547811.752292970000176
11099109.602923216666148 1547812.050878907500132
11099109.602923216666148 1547812.349464845000088
11099109.602923216666148 1547812.648050782500044
11099109.602923216666148 1547812.946636720000000
11099109.602923216666148 1547813.245222657499956
11099109.602923216666148 1547813.543808594999912
11099109.602923216666148 1547813.842394532499868
11099109.602923216666148 1547814.140980469999824
11099109.602923216666148 1547814.439566407499780
11099109.602923216666148 1547814.738152344999736
11099109.602923216666148 1547815.036738282499692
11099109.602923216666148 1547815.335324219999648
11099109.901503945832685 1547810.259363282500396
11099109.901503945832685 1547810.557949220000352
11099109.901503945832685 1547810.856535157500308
11099109.901503945832685 1547811.155121095000264
11099109.901503945832685 1547811.453707032500220
11099109.901503945832685 1547811.752292970000176
11099109.901503945832685 1547812.050878907500132
11099109.901503945832685 1547812.349464845000088
11099109.901503945832685 1547812.648050782500044
11099109.901503945832685 1547812.946636720000000
11099109.901503945832685 1547813.245222657499956
11099109.901503945832685 1547813.543808594999912
11099109.901503945832685 1547813.842394532499868
11099109.901503945832685 1547814.140980469999824
11099109.901503945832685 1547814.439566407499780
11099109.901503945832685 1547814.738152344999736
11099109.901503945832685 1547815.036738282499692
11099109.901503945832685 1547815.335324219999648
11099110.200084674999222 1547810.259363282500396
11099110.200084674999222 1547810.557949220000352
11099110.200084674999222 1547810.856535157500308
11099110.200084674999222 1547811.155121095000264
11099110.200084674999222 1547811.453707032500220
11099110.200084674999222 1547811.752292970000176
11099110.200084674999222 1547812.050878907500132
11099110.200084674999222 1547812.349464845000088
11099110.200084674999222 1547812.648050782500044
11099110.200084674999222 1547812.946636720000000
11099110.200084674999222 1547813.245222657499956
11099110.200084674999222 1547813.543808594999912
11099110.200084674999222 1547813.842394532499868
11099110.200084674999222 1547814.140980469999824
11099110.200084674999222 1547814.439566407499780
11099110.200084674999222 1547814.738152344999736
11099110.200084674999222 1547815.036738282499692
11099110.200084674999222 1547815.335324219999648
11099110.498665404165759 1547810.259363282500396
11099110.498665404165759 1547810.557949220000352
11099110.498665404165759 1547810.856535157500308
11099110.498665404165759 1547811.155121095000264
11099110.498665404165759 1547811.453707032500220
11099110.498665404165759 1547811.752292970000176
11099110.498665404165759 1547812.050878907500132
11099110.498665404165759 1547812.349464845000088
11099110.498665404165759 1547812.648050782500044
11099110.498665404165759 1547812.946636720000000
11099110.498665404165759 1547813.245222657499956
11099110.498665404165759 1547813.543808594999912
11099110.498665404165759 1547813.842394532499868
11099110.498665404165759 1547814.140980469999824
11099110.498665404165759 1547814.439566407499780
11099110.498665404165759 1547814.738152344999736
11099110.498665404165759 1547815.036738282499692
11099110.498665404165759 1547815.335324219999648
11099110.797246133332296 1547810.259363282500396
11099110.797246133332296 1547810.557949220000352
11099110.797246133332296 1547810.856535157500308
11099110.797246133332296 1547811.155121095000264
11099110.797246133332296 1547811.453707032500220
11099110.797246133332296 1547811.752292970000176
11099110.797246133332296 1547812.050878907500132
11099110.797246133332296 1547812.349464845000088
11099110.797246133332296 1547812.648050782500044
11099110.797246133332296 1547812.946636720000000
11099110.797246133332296 1547813.245222657499956
11099110.797246133332296 1547813.543808594999912
11099110.797246133332296 1547813.842394532499868
11099110.797246133332296 1547814.140980469999824
11099110.797246133332296 1547814.439566407499780
11099110.797246133332296 1547814.738152344999736
11099110.797246133332296 1547815.036738282499692
11099110.797246133332296 1547815.335324219999648
