11099421.321204437501167 1547838.027855472500396
11099421.321204437501167 1547838.326441410000352
11099421.321204437501167 1547838.625027347500308
11099421.321204437501167 1547838.923613285000264
11099421.321204437501167 1547839.222199222500220
11099421.321204437501167 1547839.520785160000176
11099421.321204437501167 1547839.819371097500132
11099421.321204437501167 1547840.117957035000088
11099421.321204437501167 1547840.416542972500044
11099421.321204437501167 1547840.715128910000000
11099421.321204437501167 1547841.013714847499956
11099421.321204437501167 1547841.312300784999912
11099421.321204437501167 1547841.610886722499868
11099421.321204437501167 1547841.909472659999824
11099421.321204437501167 1547842.208058597499780
11099421.321204437501167 1547842.506644534999736
11099421.321204437501167 1547842.805230472499692
11099421.321204437501167 1547843.103816409999648
11099421.619785166667704 1547838.027855472500396
11099421.619785166667704 1547838.326441410000352
11099421.619785166667704 1547838.625027347500308
11099421.619785166667704 1547838.923613285000264
11099421.619785166667704 1547839.222199222500220
11099421.619785166667704 1547839.520785160000176
11099421.619785166667704 1547839.819371097500132
11099421.619785166667704 1547840.117957035000088
11099421.619785166667704 1547840.416542972500044
11099421.619785166667704 1547840.715128910000000
11099421.619785166667704 1547841.013714847499956
11099421.619785166667704 1547841.312300784999912
11099421.619785166667704 1547841.610886722499868
11099421.619785166667704 1547841.909472659999824
11099421.619785166667704 1547842.208058597499780
11099421.619785166667704 1547842.506644534999736
11099421.619785166667704 1547842.805230472499692
11099421.619785166667704 1547843.103816409999648
11099421.918365895834241 1547838.027855472500396
11099421.918365895834241 1547838.326441410000352
11099421.918365895834241 1547838.625027347500308
11099421.918365895834241 1547838.923613285000264
11099421.918365895834241 1547839.222199222500220
11099421.918365895834241 1547839.520785160000176
11099421.918365895834241 1547839.819371097500132
11099421.918365895834241 1547840.117957035000088
11099421.918365895834241 1547840.416542972500044
11099421.918365895834241 1547840.715128910000000
11099421.918365895834241 1547841.013714847499956
11099421.918365895834241 1547841.312300784999912
11099421.918365895834241 1547841.610886722499868
11099421.918365895834241 1547841.909472659999824
11099421.918365895834241 1547842.208058597499780
11099421.918365895834241 1547842.506644534999736
11099421.918365895834241 1547842.805230472499692
11099421.918365895834241 1547843.103816409999648
11099422.216946625000778 1547838.027855472500396
11099422.216946625000778 1547838.326441410000352
11099422.216946625000778 1547838.625027347500308
11099422.216946625000778 1547838.923613285000264
11099422.216946625000778 1547839.222199222500220
11099422.216946625000778 1547839.520785160000176
11099422.216946625000778 1547839.819371097500132
11099422.216946625000778 1547840.117957035000088
11099422.216946625000778 1547840.416542972500044
11099422.216946625000778 1547840.715128910000000
11099422.216946625000778 1547841.013714847499956
11099422.216946625000778 1547841.312300784999912
11099422.216946625000778 1547841.610886722499868
11099422.216946625000778 1547841.909472659999824
11099422.216946625000778 1547842.208058597499780
11099422.216946625000778 1547842.506644534999736
11099422.216946625000778 1547842.805230472499692
11099422.216946625000778 1547843.103816409999648
11099422.515527354167315 1547838.027855472500396
11099422.515527354167315 1547838.326441410000352
11099422.515527354167315 1547838.625027347500308
11099422.515527354167315 1547838.923613285000264
11099422.515527354167315 1547839.222199222500220
11099422.515527354167315 1547839.520785160000176
11099422.515527354167315 1547839.819371097500132
11099422.515527354167315 1547840.117957035000088
11099422.515527354167315 1547840.416542972500044
11099422.515527354167315 1547840.715128910000000
11099422.515527354167315 1547841.013714847499956
11099422.515527354167315 1547841.312300784999912
11099422.515527354167315 1547841.610886722499868
11099422.515527354167315 1547841.909472659999824
11099422.515527354167315 1547842.208058597499780
11099422.515527354167315 1547842.506644534999736
11099422.515527354167315 1547842.805230472499692
11099422.515527354167315 1547843.103816409999648
11099422.814108083333852 1547838.027855472500396
11099422.814108083333852 1547838.326441410000352
11099422.814108083333852 1547838.625027347500308
11099422.814108083333852 1547838.923613285000264
11099422.814108083333852 1547839.222199222500220
11099422.814108083333852 1547839.520785160000176
11099422.814108083333852 1547839.819371097500132
11099422.814108083333852 1547840.117957035000088
11099422.814108083333852 1547840.416542972500044
11099422.814108083333852 1547840.715128910000000
11099422.814108083333852 1547841.013714847499956
11099422.814108083333852 1547841.312300784999912
11099422.814108083333852 1547841.610886722499868
11099422.814108083333852 1547841.909472659999824
11099422.814108083333852 1547842.208058597499780
11099422.814108083333852 1547842.506644534999736
11099422.814108083333852 1547842.805230472499692
11099422.814108083333852 1547843.103816409999648
11099423.112688812500389 1547838.027855472500396
11099423.112688812500389 1547838.326441410000352
11099423.112688812500389 1547838.625027347500308
11099423.112688812500389 1547838.923613285000264
11099423.112688812500389 1547839.222199222500220
11099423.112688812500389 1547839.520785160000176
11099423.112688812500389 1547839.819371097500132
11099423.112688812500389 1547840.117957035000088
11099423.112688812500389 1547840.416542972500044
11099423.112688812500389 1547840.715128910000000
11099423.112688812500389 1547841.013714847499956
11099423.112688812500389 1547841.312300784999912
11099423.112688812500389 1547841.610886722499868
11099423.112688812500389 1547841.909472659999824
11099423.112688812500389 1547842.208058597499780
11099423.112688812500389 1547842.506644534999736
11099423.112688812500389 1547842.805230472499692
11099423.112688812500389 1547843.103816409999648
11099423.411269541666926 1547838.027855472500396
11099423.411269541666926 1547838.326441410000352
11099423.411269541666926 1547838.625027347500308
11099423.411269541666926 1547838.923613285000264
11099423.411269541666926 1547839.222199222500220
11099423.411269541666926 1547839.520785160000176
11099423.411269541666926 1547839.819371097500132
11099423.411269541666926 1547840.117957035000088
11099423.411269541666926 1547840.416542972500044
11099423.411269541666926 1547840.715128910000000
11099423.411269541666926 1547841.013714847499956
11099423.411269541666926 1547841.312300784999912
11099423.411269541666926 1547841.610886722499868
11099423.411269541666926 1547841.909472659999824
11099423.411269541666926 1547842.208058597499780
11099423.411269541666926 1547842.506644534999736
11099423.411269541666926 1547842.805230472499692
11099423.411269541666926 1547843.103816409999648
11099423.709850270833463 1547838.027855472500396
11099423.709850270833463 1547838.326441410000352
11099423.709850270833463 1547838.625027347500308
11099423.709850270833463 1547838.923613285000264
11099423.709850270833463 1547839.222199222500220
11099423.709850270833463 1547839.520785160000176
11099423.709850270833463 1547839.819371097500132
11099423.709850270833463 1547840.117957035000088
11099423.709850270833463 1547840.416542972500044
11099423.709850270833463 1547840.715128910000000
11099423.709850270833463 1547841.013714847499956
11099423.709850270833463 1547841.312300784999912
11099423.709850270833463 1547841.610886722499868
11099423.709850270833463 1547841.909472659999824
11099423.709850270833463 1547842.208058597499780
11099423.709850270833463 1547842.506644534999736
11099423.709850270833463 1547842.805230472499692
11099423.709850270833463 1547843.103816409999648
11099424.008431000000000 1547838.027855472500396
11099424.008431000000000 1547838.326441410000352
11099424.008431000000000 1547838.625027347500308
11099424.008431000000000 1547838.923613285000264
11099424.008431000000000 1547839.222199222500220
11099424.008431000000000 1547839.520785160000176
11099424.008431000000000 1547839.819371097500132
11099424.008431000000000 1547840.117957035000088
11099424.008431000000000 1547840.416542972500044
11099424.008431000000000 1547840.715128910000000
11099424.008431000000000 1547841.013714847499956
11099424.008431000000000 1547841.312300784999912
11099424.008431000000000 1547841.610886722499868
11099424.008431000000000 1547841.909472659999824
11099424.008431000000000 1547842.208058597499780
11099424.008431000000000 1547842.506644534999736
11099424.008431000000000 1547842.805230472499692
11099424.008431000000000 1547843.103816409999648
11099424.307011729166537 1547838.027855472500396
11099424.307011729166537 1547838.326441410000352
11099424.307011729166537 1547838.625027347500308
11099424.307011729166537 1547838.923613285000264
11099424.307011729166537 1547839.222199222500220
11099424.307011729166537 1547839.520785160000176
11099424.307011729166537 1547839.819371097500132
11099424.307011729166537 1547840.117957035000088
11099424.307011729166537 1547840.416542972500044
11099424.307011729166537 1547840.715128910000000
11099424.307011729166537 1547841.013714847499956
11099424.307011729166537 1547841.312300784999912
11099424.307011729166537 1547841.610886722499868
11099424.307011729166537 1547841.909472659999824
11099424.307011729166537 1547842.208058597499780
11099424.307011729166537 1547842.506644534999736
11099424.307011729166537 1547842.805230472499692
11099424.307011729166537 1547843.103816409999648
11099424.605592458333074 1547838.027855472500396
11099424.605592458333074 1547838.326441410000352
11099424.605592458333074 1547838.625027347500308
11099424.605592458333074 1547838.923613285000264
11099424.605592458333074 1547839.222199222500220
11099424.605592458333074 1547839.520785160000176
11099424.605592458333074 1547839.819371097500132
11099424.605592458333074 1547840.117957035000088
11099424.605592458333074 1547840.416542972500044
11099424.605592458333074 1547840.715128910000000
11099424.605592458333074 1547841.013714847499956
11099424.605592458333074 1547841.312300784999912
11099424.605592458333074 1547841.610886722499868
11099424.605592458333074 1547841.909472659999824
11099424.605592458333074 1547842.208058597499780
11099424.605592458333074 1547842.506644534999736
11099424.605592458333074 1547842.805230472499692
11099424.605592458333074 1547843.103816409999648
11099424.904173187499611 1547838.027855472500396
11099424.904173187499611 1547838.326441410000352
11099424.904173187499611 1547838.625027347500308
11099424.904173187499611 1547838.923613285000264
11099424.904173187499611 1547839.222199222500220
11099424.904173187499611 1547839.520785160000176
11099424.904173187499611 1547839.819371097500132
11099424.904173187499611 1547840.117957035000088
11099424.904173187499611 1547840.416542972500044
11099424.904173187499611 1547840.715128910000000
11099424.904173187499611 1547841.013714847499956
11099424.904173187499611 1547841.312300784999912
11099424.904173187499611 1547841.610886722499868
11099424.904173187499611 1547841.909472659999824
11099424.904173187499611 1547842.208058597499780
11099424.904173187499611 1547842.506644534999736
11099424.904173187499611 1547842.805230472499692
11099424.904173187499611 1547843.103816409999648
11099425.202753916666148 1547838.027855472500396
11099425.202753916666148 1547838.326441410000352
11099425.202753916666148 1547838.625027347500308
11099425.202753916666148 1547838.923613285000264
11099425.202753916666148 1547839.222199222500220
11099425.202753916666148 1547839.520785160000176
11099425.202753916666148 1547839.819371097500132
11099425.202753916666148 1547840.117957035000088
11099425.202753916666148 1547840.416542972500044
11099425.202753916666148 1547840.715128910000000
11099425.202753916666148 1547841.013714847499956
11099425.202753916666148 1547841.312300784999912
11099425.202753916666148 1547841.610886722499868
11099425.202753916666148 1547841.909472659999824
11099425.202753916666148 1547842.208058597499780
11099425.202753916666148 1547842.506644534999736
11099425.202753916666148 1547842.805230472499692
11099425.202753916666148 1547843.103816409999648
11099425.501334645832685 1547838.027855472500396
11099425.501334645832685 1547838.326441410000352
11099425.501334645832685 1547838.625027347500308
11099425.501334645832685 1547838.923613285000264
11099425.501334645832685 1547839.222199222500220
11099425.501334645832685 1547839.520785160000176
11099425.501334645832685 1547839.819371097500132
11099425.501334645832685 1547840.117957035000088
11099425.501334645832685 1547840.416542972500044
11099425.501334645832685 1547840.715128910000000
11099425.501334645832685 1547841.013714847499956
11099425.501334645832685 1547841.312300784999912
11099425.501334645832685 1547841.610886722499868
11099425.501334645832685 1547841.909472659999824
11099425.501334645832685 1547842.208058597499780
11099425.501334645832685 1547842.506644534999736
11099425.501334645832685 1547842.805230472499692
11099425.501334645832685 1547843.103816409999648
11099425.799915374999222 1547838.027855472500396
11099425.799915374999222 1547838.326441410000352
11099425.799915374999222 1547838.625027347500308
11099425.799915374999222 1547838.923613285000264
11099425.799915374999222 1547839.222199222500220
11099425.799915374999222 1547839.520785160000176
11099425.799915374999222 1547839.819371097500132
11099425.799915374999222 1547840.117957035000088
11099425.799915374999222 1547840.416542972500044
11099425.799915374999222 1547840.715128910000000
11099425.799915374999222 1547841.013714847499956
11099425.799915374999222 1547841.312300784999912
11099425.799915374999222 1547841.610886722499868
11099425.799915374999222 1547841.909472659999824
11099425.799915374999222 1547842.208058597499780
11099425.799915374999222 1547842.506644534999736
11099425.799915374999222 1547842.805230472499692
11099425.799915374999222 1547843.103816409999648
11099426.098496104165759 1547838.027855472500396
11099426.098496104165759 1547838.326441410000352
11099426.098496104165759 1547838.625027347500308
11099426.098496104165759 1547838.923613285000264
11099426.098496104165759 1547839.222199222500220
11099426.098496104165759 1547839.520785160000176
11099426.098496104165759 1547839.819371097500132
11099426.098496104165759 1547840.117957035000088
11099426.098496104165759 1547840.416542972500044
11099426.098496104165759 1547840.715128910000000
11099426.098496104165759 1547841.013714847499956
11099426.098496104165759 1547841.312300784999912
11099426.098496104165759 1547841.610886722499868
11099426.098496104165759 1547841.909472659999824
11099426.098496104165759 1547842.208058597499780
11099426.098496104165759 1547842.506644534999736
11099426.098496104165759 1547842.805230472499692
11099426.098496104165759 1547843.103816409999648
11099426.397076833332296 1547838.027855472500396
11099426.397076833332296 1547838.326441410000352
11099426.397076833332296 1547838.625027347500308
11099426.397076833332296 1547838.923613285000264
11099426.397076833332296 1547839.222199222500220
11099426.397076833332296 1547839.520785160000176
11099426.397076833332296 1547839.819371097500132
11099426.397076833332296 1547840.117957035000088
11099426.397076833332296 1547840.416542972500044
11099426.397076833332296 1547840.715128910000000
11099426.397076833332296 1547841.013714847499956
11099426.397076833332296 1547841.312300784999912
11099426.397076833332296 1547841.610886722499868
11099426.397076833332296 1547841.909472659999824
11099426.397076833332296 1547842.208058597499780
11099426.397076833332296 1547842.506644534999736
11099426.397076833332296 1547842.805230472499692
11099426.397076833332296 1547843.103816409999648
