11099232.916764337501167 1547909.987066402500396
11099232.916764337501167 1547910.285652340000352
11099232.916764337501167 1547910.584238277500308
11099232.916764337501167 1547910.882824215000264
11099232.916764337501167 1547911.181410152500220
11099232.916764337501167 1547911.479996090000176
11099232.916764337501167 1547911.778582027500132
11099232.916764337501167 1547912.077167965000088
11099232.916764337501167 1547912.375753902500044
11099232.916764337501167 1547912.674339840000000
11099232.916764337501167 1547912.972925777499956
11099232.916764337501167 1547913.271511714999912
11099232.916764337501167 1547913.570097652499868
11099232.916764337501167 1547913.868683589999824
11099232.916764337501167 1547914.167269527499780
11099232.916764337501167 1547914.465855464999736
11099232.916764337501167 1547914.764441402499692
11099232.916764337501167 1547915.063027339999648
11099233.215345066667704 1547909.987066402500396
11099233.215345066667704 1547910.285652340000352
11099233.215345066667704 1547910.584238277500308
11099233.215345066667704 1547910.882824215000264
11099233.215345066667704 1547911.181410152500220
11099233.215345066667704 1547911.479996090000176
11099233.215345066667704 1547911.778582027500132
11099233.215345066667704 1547912.077167965000088
11099233.215345066667704 1547912.375753902500044
11099233.215345066667704 1547912.674339840000000
11099233.215345066667704 1547912.972925777499956
11099233.215345066667704 1547913.271511714999912
11099233.215345066667704 1547913.570097652499868
11099233.215345066667704 1547913.868683589999824
11099233.215345066667704 1547914.167269527499780
11099233.215345066667704 1547914.465855464999736
11099233.215345066667704 1547914.764441402499692
11099233.215345066667704 1547915.063027339999648
11099233.513925795834241 1547909.987066402500396
11099233.513925795834241 1547910.285652340000352
11099233.513925795834241 1547910.584238277500308
11099233.513925795834241 1547910.882824215000264
11099233.513925795834241 1547911.181410152500220
11099233.513925795834241 1547911.479996090000176
11099233.513925795834241 1547911.778582027500132
11099233.513925795834241 1547912.077167965000088
11099233.513925795834241 1547912.375753902500044
11099233.513925795834241 1547912.674339840000000
11099233.513925795834241 1547912.972925777499956
11099233.513925795834241 1547913.271511714999912
11099233.513925795834241 1547913.570097652499868
11099233.513925795834241 1547913.868683589999824
11099233.513925795834241 1547914.167269527499780
11099233.513925795834241 1547914.465855464999736
11099233.513925795834241 1547914.764441402499692
11099233.513925795834241 1547915.063027339999648
11099233.812506525000778 1547909.987066402500396
11099233.812506525000778 1547910.285652340000352
11099233.812506525000778 1547910.584238277500308
11099233.812506525000778 1547910.882824215000264
11099233.812506525000778 1547911.181410152500220
11099233.812506525000778 1547911.479996090000176
11099233.812506525000778 1547911.778582027500132
11099233.812506525000778 1547912.077167965000088
11099233.812506525000778 1547912.375753902500044
11099233.812506525000778 1547912.674339840000000
11099233.812506525000778 1547912.972925777499956
11099233.812506525000778 1547913.271511714999912
11099233.812506525000778 1547913.570097652499868
11099233.812506525000778 1547913.868683589999824
11099233.812506525000778 1547914.167269527499780
11099233.812506525000778 1547914.465855464999736
11099233.812506525000778 1547914.764441402499692
11099233.812506525000778 1547915.063027339999648
11099234.111087254167315 1547909.987066402500396
11099234.111087254167315 1547910.285652340000352
11099234.111087254167315 1547910.584238277500308
11099234.111087254167315 1547910.882824215000264
11099234.111087254167315 1547911.181410152500220
11099234.111087254167315 1547911.479996090000176
11099234.111087254167315 1547911.778582027500132
11099234.111087254167315 1547912.077167965000088
11099234.111087254167315 1547912.375753902500044
11099234.111087254167315 1547912.674339840000000
11099234.111087254167315 1547912.972925777499956
11099234.111087254167315 1547913.271511714999912
11099234.111087254167315 1547913.570097652499868
11099234.111087254167315 1547913.868683589999824
11099234.111087254167315 1547914.167269527499780
11099234.111087254167315 1547914.465855464999736
11099234.111087254167315 1547914.764441402499692
11099234.111087254167315 1547915.063027339999648
11099234.409667983333852 1547909.987066402500396
11099234.409667983333852 1547910.285652340000352
11099234.409667983333852 1547910.584238277500308
11099234.409667983333852 1547910.882824215000264
11099234.409667983333852 1547911.181410152500220
11099234.409667983333852 1547911.479996090000176
11099234.409667983333852 1547911.778582027500132
11099234.409667983333852 1547912.077167965000088
11099234.409667983333852 1547912.375753902500044
11099234.409667983333852 1547912.674339840000000
11099234.409667983333852 1547912.972925777499956
11099234.409667983333852 1547913.271511714999912
11099234.409667983333852 1547913.570097652499868
11099234.409667983333852 1547913.868683589999824
11099234.409667983333852 1547914.167269527499780
11099234.409667983333852 1547914.465855464999736
11099234.409667983333852 1547914.764441402499692
11099234.409667983333852 1547915.063027339999648
11099234.708248712500389 1547909.987066402500396
11099234.708248712500389 1547910.285652340000352
11099234.708248712500389 1547910.584238277500308
11099234.708248712500389 1547910.882824215000264
11099234.708248712500389 1547911.181410152500220
11099234.708248712500389 1547911.479996090000176
11099234.708248712500389 1547911.778582027500132
11099234.708248712500389 1547912.077167965000088
11099234.708248712500389 1547912.375753902500044
11099234.708248712500389 1547912.674339840000000
11099234.708248712500389 1547912.972925777499956
11099234.708248712500389 1547913.271511714999912
11099234.708248712500389 1547913.570097652499868
11099234.708248712500389 1547913.868683589999824
11099234.708248712500389 1547914.167269527499780
11099234.708248712500389 1547914.465855464999736
11099234.708248712500389 1547914.764441402499692
11099234.708248712500389 1547915.063027339999648
11099235.006829441666926 1547909.987066402500396
11099235.006829441666926 1547910.285652340000352
11099235.006829441666926 1547910.584238277500308
11099235.006829441666926 1547910.882824215000264
11099235.006829441666926 1547911.181410152500220
11099235.006829441666926 1547911.479996090000176
11099235.006829441666926 1547911.778582027500132
11099235.006829441666926 1547912.077167965000088
11099235.006829441666926 1547912.375753902500044
11099235.006829441666926 1547912.674339840000000
11099235.006829441666926 1547912.972925777499956
11099235.006829441666926 1547913.271511714999912
11099235.006829441666926 1547913.570097652499868
11099235.006829441666926 1547913.868683589999824
11099235.006829441666926 1547914.167269527499780
11099235.006829441666926 1547914.465855464999736
11099235.006829441666926 1547914.764441402499692
11099235.006829441666926 1547915.063027339999648
11099235.305410170833463 1547909.987066402500396
11099235.305410170833463 1547910.285652340000352
11099235.305410170833463 1547910.584238277500308
11099235.305410170833463 1547910.882824215000264
11099235.305410170833463 1547911.181410152500220
11099235.305410170833463 1547911.479996090000176
11099235.305410170833463 1547911.778582027500132
11099235.305410170833463 1547912.077167965000088
11099235.305410170833463 1547912.375753902500044
11099235.305410170833463 1547912.674339840000000
11099235.305410170833463 1547912.972925777499956
11099235.305410170833463 1547913.271511714999912
11099235.305410170833463 1547913.570097652499868
11099235.305410170833463 1547913.868683589999824
11099235.305410170833463 1547914.167269527499780
11099235.305410170833463 1547914.465855464999736
11099235.305410170833463 1547914.764441402499692
11099235.305410170833463 1547915.063027339999648
11099235.603990900000000 1547909.987066402500396
11099235.603990900000000 1547910.285652340000352
11099235.603990900000000 1547910.584238277500308
11099235.603990900000000 1547910.882824215000264
11099235.603990900000000 1547911.181410152500220
11099235.603990900000000 1547911.479996090000176
11099235.603990900000000 1547911.778582027500132
11099235.603990900000000 1547912.077167965000088
11099235.603990900000000 1547912.375753902500044
11099235.603990900000000 1547912.674339840000000
11099235.603990900000000 1547912.972925777499956
11099235.603990900000000 1547913.271511714999912
11099235.603990900000000 1547913.570097652499868
11099235.603990900000000 1547913.868683589999824
11099235.603990900000000 1547914.167269527499780
11099235.603990900000000 1547914.465855464999736
11099235.603990900000000 1547914.764441402499692
11099235.603990900000000 1547915.063027339999648
11099235.902571629166537 1547909.987066402500396
11099235.902571629166537 1547910.285652340000352
11099235.902571629166537 1547910.584238277500308
11099235.902571629166537 1547910.882824215000264
11099235.902571629166537 1547911.181410152500220
11099235.902571629166537 1547911.479996090000176
11099235.902571629166537 1547911.778582027500132
11099235.902571629166537 1547912.077167965000088
11099235.902571629166537 1547912.375753902500044
11099235.902571629166537 1547912.674339840000000
11099235.902571629166537 1547912.972925777499956
11099235.902571629166537 1547913.271511714999912
11099235.902571629166537 1547913.570097652499868
11099235.902571629166537 1547913.868683589999824
11099235.902571629166537 1547914.167269527499780
11099235.902571629166537 1547914.465855464999736
11099235.902571629166537 1547914.764441402499692
11099235.902571629166537 1547915.063027339999648
11099236.201152358333074 1547909.987066402500396
11099236.201152358333074 1547910.285652340000352
11099236.201152358333074 1547910.584238277500308
11099236.201152358333074 1547910.882824215000264
11099236.201152358333074 1547911.181410152500220
11099236.201152358333074 1547911.479996090000176
11099236.201152358333074 1547911.778582027500132
11099236.201152358333074 1547912.077167965000088
11099236.201152358333074 1547912.375753902500044
11099236.201152358333074 1547912.674339840000000
11099236.201152358333074 1547912.972925777499956
11099236.201152358333074 1547913.271511714999912
11099236.201152358333074 1547913.570097652499868
11099236.201152358333074 1547913.868683589999824
11099236.201152358333074 1547914.167269527499780
11099236.201152358333074 1547914.465855464999736
11099236.201152358333074 1547914.764441402499692
11099236.201152358333074 1547915.063027339999648
11099236.499733087499611 1547909.987066402500396
11099236.499733087499611 1547910.285652340000352
11099236.499733087499611 1547910.584238277500308
11099236.499733087499611 1547910.882824215000264
11099236.499733087499611 1547911.181410152500220
11099236.499733087499611 1547911.479996090000176
11099236.499733087499611 1547911.778582027500132
11099236.499733087499611 1547912.077167965000088
11099236.499733087499611 1547912.375753902500044
11099236.499733087499611 1547912.674339840000000
11099236.499733087499611 1547912.972925777499956
11099236.499733087499611 1547913.271511714999912
11099236.499733087499611 1547913.570097652499868
11099236.499733087499611 1547913.868683589999824
11099236.499733087499611 1547914.167269527499780
11099236.499733087499611 1547914.465855464999736
11099236.499733087499611 1547914.764441402499692
11099236.499733087499611 1547915.063027339999648
11099236.798313816666148 1547909.987066402500396
11099236.798313816666148 1547910.285652340000352
11099236.798313816666148 1547910.584238277500308
11099236.798313816666148 1547910.882824215000264
11099236.798313816666148 1547911.181410152500220
11099236.798313816666148 1547911.479996090000176
11099236.798313816666148 1547911.778582027500132
11099236.798313816666148 1547912.077167965000088
11099236.798313816666148 1547912.375753902500044
11099236.798313816666148 1547912.674339840000000
11099236.798313816666148 1547912.972925777499956
11099236.798313816666148 1547913.271511714999912
11099236.798313816666148 1547913.570097652499868
11099236.798313816666148 1547913.868683589999824
11099236.798313816666148 1547914.167269527499780
11099236.798313816666148 1547914.465855464999736
11099236.798313816666148 1547914.764441402499692
11099236.798313816666148 1547915.063027339999648
11099237.096894545832685 1547909.987066402500396
11099237.096894545832685 1547910.285652340000352
11099237.096894545832685 1547910.584238277500308
11099237.096894545832685 1547910.882824215000264
11099237.096894545832685 1547911.181410152500220
11099237.096894545832685 1547911.479996090000176
11099237.096894545832685 1547911.778582027500132
11099237.096894545832685 1547912.077167965000088
11099237.096894545832685 1547912.375753902500044
11099237.096894545832685 1547912.674339840000000
11099237.096894545832685 1547912.972925777499956
11099237.096894545832685 1547913.271511714999912
11099237.096894545832685 1547913.570097652499868
11099237.096894545832685 1547913.868683589999824
11099237.096894545832685 1547914.167269527499780
11099237.096894545832685 1547914.465855464999736
11099237.096894545832685 1547914.764441402499692
11099237.096894545832685 1547915.063027339999648
11099237.395475274999222 1547909.987066402500396
11099237.395475274999222 1547910.285652340000352
11099237.395475274999222 1547910.584238277500308
11099237.395475274999222 1547910.882824215000264
11099237.395475274999222 1547911.181410152500220
11099237.395475274999222 1547911.479996090000176
11099237.395475274999222 1547911.778582027500132
11099237.395475274999222 1547912.077167965000088
11099237.395475274999222 1547912.375753902500044
11099237.395475274999222 1547912.674339840000000
11099237.395475274999222 1547912.972925777499956
11099237.395475274999222 1547913.271511714999912
11099237.395475274999222 1547913.570097652499868
11099237.395475274999222 1547913.868683589999824
11099237.395475274999222 1547914.167269527499780
11099237.395475274999222 1547914.465855464999736
11099237.395475274999222 1547914.764441402499692
11099237.395475274999222 1547915.063027339999648
11099237.694056004165759 1547909.987066402500396
11099237.694056004165759 1547910.285652340000352
11099237.694056004165759 1547910.584238277500308
11099237.694056004165759 1547910.882824215000264
11099237.694056004165759 1547911.181410152500220
11099237.694056004165759 1547911.479996090000176
11099237.694056004165759 1547911.778582027500132
11099237.694056004165759 1547912.077167965000088
11099237.694056004165759 1547912.375753902500044
11099237.694056004165759 1547912.674339840000000
11099237.694056004165759 1547912.972925777499956
11099237.694056004165759 1547913.271511714999912
11099237.694056004165759 1547913.570097652499868
11099237.694056004165759 1547913.868683589999824
11099237.694056004165759 1547914.167269527499780
11099237.694056004165759 1547914.465855464999736
11099237.694056004165759 1547914.764441402499692
11099237.694056004165759 1547915.063027339999648
11099237.992636733332296 1547909.987066402500396
11099237.992636733332296 1547910.285652340000352
11099237.992636733332296 1547910.584238277500308
11099237.992636733332296 1547910.882824215000264
11099237.992636733332296 1547911.181410152500220
11099237.992636733332296 1547911.479996090000176
11099237.992636733332296 1547911.778582027500132
11099237.992636733332296 1547912.077167965000088
11099237.992636733332296 1547912.375753902500044
11099237.992636733332296 1547912.674339840000000
11099237.992636733332296 1547912.972925777499956
11099237.992636733332296 1547913.271511714999912
11099237.992636733332296 1547913.570097652499868
11099237.992636733332296 1547913.868683589999824
11099237.992636733332296 1547914.167269527499780
11099237.992636733332296 1547914.465855464999736
11099237.992636733332296 1547914.764441402499692
11099237.992636733332296 1547915.063027339999648
