11099222.167858037501167 1547566.016066402500396
11099222.167858037501167 1547566.314652340000352
11099222.167858037501167 1547566.613238277500308
11099222.167858037501167 1547566.911824215000264
11099222.167858037501167 1547567.210410152500220
11099222.167858037501167 1547567.508996090000176
11099222.167858037501167 1547567.807582027500132
11099222.167858037501167 1547568.106167965000088
11099222.167858037501167 1547568.404753902500044
11099222.167858037501167 1547568.703339840000000
11099222.167858037501167 1547569.001925777499956
11099222.167858037501167 1547569.300511714999912
11099222.167858037501167 1547569.599097652499868
11099222.167858037501167 1547569.897683589999824
11099222.167858037501167 1547570.196269527499780
11099222.167858037501167 1547570.494855464999736
11099222.167858037501167 1547570.793441402499692
11099222.167858037501167 1547571.092027339999648
11099222.466438766667704 1547566.016066402500396
11099222.466438766667704 1547566.314652340000352
11099222.466438766667704 1547566.613238277500308
11099222.466438766667704 1547566.911824215000264
11099222.466438766667704 1547567.210410152500220
11099222.466438766667704 1547567.508996090000176
11099222.466438766667704 1547567.807582027500132
11099222.466438766667704 1547568.106167965000088
11099222.466438766667704 1547568.404753902500044
11099222.466438766667704 1547568.703339840000000
11099222.466438766667704 1547569.001925777499956
11099222.466438766667704 1547569.300511714999912
11099222.466438766667704 1547569.599097652499868
11099222.466438766667704 1547569.897683589999824
11099222.466438766667704 1547570.196269527499780
11099222.466438766667704 1547570.494855464999736
11099222.466438766667704 1547570.793441402499692
11099222.466438766667704 1547571.092027339999648
11099222.765019495834241 1547566.016066402500396
11099222.765019495834241 1547566.314652340000352
11099222.765019495834241 1547566.613238277500308
11099222.765019495834241 1547566.911824215000264
11099222.765019495834241 1547567.210410152500220
11099222.765019495834241 1547567.508996090000176
11099222.765019495834241 1547567.807582027500132
11099222.765019495834241 1547568.106167965000088
11099222.765019495834241 1547568.404753902500044
11099222.765019495834241 1547568.703339840000000
11099222.765019495834241 1547569.001925777499956
11099222.765019495834241 1547569.300511714999912
11099222.765019495834241 1547569.599097652499868
11099222.765019495834241 1547569.897683589999824
11099222.765019495834241 1547570.196269527499780
11099222.765019495834241 1547570.494855464999736
11099222.765019495834241 1547570.793441402499692
11099222.765019495834241 1547571.092027339999648
11099223.063600225000778 1547566.016066402500396
11099223.063600225000778 1547566.314652340000352
11099223.063600225000778 1547566.613238277500308
11099223.063600225000778 1547566.911824215000264
11099223.063600225000778 1547567.210410152500220
11099223.063600225000778 1547567.508996090000176
11099223.063600225000778 1547567.807582027500132
11099223.063600225000778 1547568.106167965000088
11099223.063600225000778 1547568.404753902500044
11099223.063600225000778 1547568.703339840000000
11099223.063600225000778 1547569.001925777499956
11099223.063600225000778 1547569.300511714999912
11099223.063600225000778 1547569.599097652499868
11099223.063600225000778 1547569.897683589999824
11099223.063600225000778 1547570.196269527499780
11099223.063600225000778 1547570.494855464999736
11099223.063600225000778 1547570.793441402499692
11099223.063600225000778 1547571.092027339999648
11099223.362180954167315 1547566.016066402500396
11099223.362180954167315 1547566.314652340000352
11099223.362180954167315 1547566.613238277500308
11099223.362180954167315 1547566.911824215000264
11099223.362180954167315 1547567.210410152500220
11099223.362180954167315 1547567.508996090000176
11099223.362180954167315 1547567.807582027500132
11099223.362180954167315 1547568.106167965000088
11099223.362180954167315 1547568.404753902500044
11099223.362180954167315 1547568.703339840000000
11099223.362180954167315 1547569.001925777499956
11099223.362180954167315 1547569.300511714999912
11099223.362180954167315 1547569.599097652499868
11099223.362180954167315 1547569.897683589999824
11099223.362180954167315 1547570.196269527499780
11099223.362180954167315 1547570.494855464999736
11099223.362180954167315 1547570.793441402499692
11099223.362180954167315 1547571.092027339999648
11099223.660761683333852 1547566.016066402500396
11099223.660761683333852 1547566.314652340000352
11099223.660761683333852 1547566.613238277500308
11099223.660761683333852 1547566.911824215000264
11099223.660761683333852 1547567.210410152500220
11099223.660761683333852 1547567.508996090000176
11099223.660761683333852 1547567.807582027500132
11099223.660761683333852 1547568.106167965000088
11099223.660761683333852 1547568.404753902500044
11099223.660761683333852 1547568.703339840000000
11099223.660761683333852 1547569.001925777499956
11099223.660761683333852 1547569.300511714999912
11099223.660761683333852 1547569.599097652499868
11099223.660761683333852 1547569.897683589999824
11099223.660761683333852 1547570.196269527499780
11099223.660761683333852 1547570.494855464999736
11099223.660761683333852 1547570.793441402499692
11099223.660761683333852 1547571.092027339999648
11099223.959342412500389 1547566.016066402500396
11099223.959342412500389 1547566.314652340000352
11099223.959342412500389 1547566.613238277500308
11099223.959342412500389 1547566.911824215000264
11099223.959342412500389 1547567.210410152500220
11099223.959342412500389 1547567.508996090000176
11099223.959342412500389 1547567.807582027500132
11099223.959342412500389 1547568.106167965000088
11099223.959342412500389 1547568.404753902500044
11099223.959342412500389 1547568.703339840000000
11099223.959342412500389 1547569.001925777499956
11099223.959342412500389 1547569.300511714999912
11099223.959342412500389 1547569.599097652499868
11099223.959342412500389 1547569.897683589999824
11099223.959342412500389 1547570.196269527499780
11099223.959342412500389 1547570.494855464999736
11099223.959342412500389 1547570.793441402499692
11099223.959342412500389 1547571.092027339999648
11099224.257923141666926 1547566.016066402500396
11099224.257923141666926 1547566.314652340000352
11099224.257923141666926 1547566.613238277500308
11099224.257923141666926 1547566.911824215000264
11099224.257923141666926 1547567.210410152500220
11099224.257923141666926 1547567.508996090000176
11099224.257923141666926 1547567.807582027500132
11099224.257923141666926 1547568.106167965000088
11099224.257923141666926 1547568.404753902500044
11099224.257923141666926 1547568.703339840000000
11099224.257923141666926 1547569.001925777499956
11099224.257923141666926 1547569.300511714999912
11099224.257923141666926 1547569.599097652499868
11099224.257923141666926 1547569.897683589999824
11099224.257923141666926 1547570.196269527499780
11099224.257923141666926 1547570.494855464999736
11099224.257923141666926 1547570.793441402499692
11099224.257923141666926 1547571.092027339999648
11099224.556503870833463 1547566.016066402500396
11099224.556503870833463 1547566.314652340000352
11099224.556503870833463 1547566.613238277500308
11099224.556503870833463 1547566.911824215000264
11099224.556503870833463 1547567.210410152500220
11099224.556503870833463 1547567.508996090000176
11099224.556503870833463 1547567.807582027500132
11099224.556503870833463 1547568.106167965000088
11099224.556503870833463 1547568.404753902500044
11099224.556503870833463 1547568.703339840000000
11099224.556503870833463 1547569.001925777499956
11099224.556503870833463 1547569.300511714999912
11099224.556503870833463 1547569.599097652499868
11099224.556503870833463 1547569.897683589999824
11099224.556503870833463 1547570.196269527499780
11099224.556503870833463 1547570.494855464999736
11099224.556503870833463 1547570.793441402499692
11099224.556503870833463 1547571.092027339999648
11099224.855084600000000 1547566.016066402500396
11099224.855084600000000 1547566.314652340000352
11099224.855084600000000 1547566.613238277500308
11099224.855084600000000 1547566.911824215000264
11099224.855084600000000 1547567.210410152500220
11099224.855084600000000 1547567.508996090000176
11099224.855084600000000 1547567.807582027500132
11099224.855084600000000 1547568.106167965000088
11099224.855084600000000 1547568.404753902500044
11099224.855084600000000 1547568.703339840000000
11099224.855084600000000 1547569.001925777499956
11099224.855084600000000 1547569.300511714999912
11099224.855084600000000 1547569.599097652499868
11099224.855084600000000 1547569.897683589999824
11099224.855084600000000 1547570.196269527499780
11099224.855084600000000 1547570.494855464999736
11099224.855084600000000 1547570.793441402499692
11099224.855084600000000 1547571.092027339999648
11099225.153665329166537 1547566.016066402500396
11099225.153665329166537 1547566.314652340000352
11099225.153665329166537 1547566.613238277500308
11099225.153665329166537 1547566.911824215000264
11099225.153665329166537 1547567.210410152500220
11099225.153665329166537 1547567.508996090000176
11099225.153665329166537 1547567.807582027500132
11099225.153665329166537 1547568.106167965000088
11099225.153665329166537 1547568.404753902500044
11099225.153665329166537 1547568.703339840000000
11099225.153665329166537 1547569.001925777499956
11099225.153665329166537 1547569.300511714999912
11099225.153665329166537 1547569.599097652499868
11099225.153665329166537 1547569.897683589999824
11099225.153665329166537 1547570.196269527499780
11099225.153665329166537 1547570.494855464999736
11099225.153665329166537 1547570.793441402499692
11099225.153665329166537 1547571.092027339999648
11099225.452246058333074 1547566.016066402500396
11099225.452246058333074 1547566.314652340000352
11099225.452246058333074 1547566.613238277500308
11099225.452246058333074 1547566.911824215000264
11099225.452246058333074 1547567.210410152500220
11099225.452246058333074 1547567.508996090000176
11099225.452246058333074 1547567.807582027500132
11099225.452246058333074 1547568.106167965000088
11099225.452246058333074 1547568.404753902500044
11099225.452246058333074 1547568.703339840000000
11099225.452246058333074 1547569.001925777499956
11099225.452246058333074 1547569.300511714999912
11099225.452246058333074 1547569.599097652499868
11099225.452246058333074 1547569.897683589999824
11099225.452246058333074 1547570.196269527499780
11099225.452246058333074 1547570.494855464999736
11099225.452246058333074 1547570.793441402499692
11099225.452246058333074 1547571.092027339999648
11099225.750826787499611 1547566.016066402500396
11099225.750826787499611 1547566.314652340000352
11099225.750826787499611 1547566.613238277500308
11099225.750826787499611 1547566.911824215000264
11099225.750826787499611 1547567.210410152500220
11099225.750826787499611 1547567.508996090000176
11099225.750826787499611 1547567.807582027500132
11099225.750826787499611 1547568.106167965000088
11099225.750826787499611 1547568.404753902500044
11099225.750826787499611 1547568.703339840000000
11099225.750826787499611 1547569.001925777499956
11099225.750826787499611 1547569.300511714999912
11099225.750826787499611 1547569.599097652499868
11099225.750826787499611 1547569.897683589999824
11099225.750826787499611 1547570.196269527499780
11099225.750826787499611 1547570.494855464999736
11099225.750826787499611 1547570.793441402499692
11099225.750826787499611 1547571.092027339999648
11099226.049407516666148 1547566.016066402500396
11099226.049407516666148 1547566.314652340000352
11099226.049407516666148 1547566.613238277500308
11099226.049407516666148 1547566.911824215000264
11099226.049407516666148 1547567.210410152500220
11099226.049407516666148 1547567.508996090000176
11099226.049407516666148 1547567.807582027500132
11099226.049407516666148 1547568.106167965000088
11099226.049407516666148 1547568.404753902500044
11099226.049407516666148 1547568.703339840000000
11099226.049407516666148 1547569.001925777499956
11099226.049407516666148 1547569.300511714999912
11099226.049407516666148 1547569.599097652499868
11099226.049407516666148 1547569.897683589999824
11099226.049407516666148 1547570.196269527499780
11099226.049407516666148 1547570.494855464999736
11099226.049407516666148 1547570.793441402499692
11099226.049407516666148 1547571.092027339999648
11099226.347988245832685 1547566.016066402500396
11099226.347988245832685 1547566.314652340000352
11099226.347988245832685 1547566.613238277500308
11099226.347988245832685 1547566.911824215000264
11099226.347988245832685 1547567.210410152500220
11099226.347988245832685 1547567.508996090000176
11099226.347988245832685 1547567.807582027500132
11099226.347988245832685 1547568.106167965000088
11099226.347988245832685 1547568.404753902500044
11099226.347988245832685 1547568.703339840000000
11099226.347988245832685 1547569.001925777499956
11099226.347988245832685 1547569.300511714999912
11099226.347988245832685 1547569.599097652499868
11099226.347988245832685 1547569.897683589999824
11099226.347988245832685 1547570.196269527499780
11099226.347988245832685 1547570.494855464999736
11099226.347988245832685 1547570.793441402499692
11099226.347988245832685 1547571.092027339999648
11099226.646568974999222 1547566.016066402500396
11099226.646568974999222 1547566.314652340000352
11099226.646568974999222 1547566.613238277500308
11099226.646568974999222 1547566.911824215000264
11099226.646568974999222 1547567.210410152500220
11099226.646568974999222 1547567.508996090000176
11099226.646568974999222 1547567.807582027500132
11099226.646568974999222 1547568.106167965000088
11099226.646568974999222 1547568.404753902500044
11099226.646568974999222 1547568.703339840000000
11099226.646568974999222 1547569.001925777499956
11099226.646568974999222 1547569.300511714999912
11099226.646568974999222 1547569.599097652499868
11099226.646568974999222 1547569.897683589999824
11099226.646568974999222 1547570.196269527499780
11099226.646568974999222 1547570.494855464999736
11099226.646568974999222 1547570.793441402499692
11099226.646568974999222 1547571.092027339999648
11099226.945149704165759 1547566.016066402500396
11099226.945149704165759 1547566.314652340000352
11099226.945149704165759 1547566.613238277500308
11099226.945149704165759 1547566.911824215000264
11099226.945149704165759 1547567.210410152500220
11099226.945149704165759 1547567.508996090000176
11099226.945149704165759 1547567.807582027500132
11099226.945149704165759 1547568.106167965000088
11099226.945149704165759 1547568.404753902500044
11099226.945149704165759 1547568.703339840000000
11099226.945149704165759 1547569.001925777499956
11099226.945149704165759 1547569.300511714999912
11099226.945149704165759 1547569.599097652499868
11099226.945149704165759 1547569.897683589999824
11099226.945149704165759 1547570.196269527499780
11099226.945149704165759 1547570.494855464999736
11099226.945149704165759 1547570.793441402499692
11099226.945149704165759 1547571.092027339999648
11099227.243730433332296 1547566.016066402500396
11099227.243730433332296 1547566.314652340000352
11099227.243730433332296 1547566.613238277500308
11099227.243730433332296 1547566.911824215000264
11099227.243730433332296 1547567.210410152500220
11099227.243730433332296 1547567.508996090000176
11099227.243730433332296 1547567.807582027500132
11099227.243730433332296 1547568.106167965000088
11099227.243730433332296 1547568.404753902500044
11099227.243730433332296 1547568.703339840000000
11099227.243730433332296 1547569.001925777499956
11099227.243730433332296 1547569.300511714999912
11099227.243730433332296 1547569.599097652499868
11099227.243730433332296 1547569.897683589999824
11099227.243730433332296 1547570.196269527499780
11099227.243730433332296 1547570.494855464999736
11099227.243730433332296 1547570.793441402499692
11099227.243730433332296 1547571.092027339999648
