11098852.823496137501167 1547783.685214842500396
11098852.823496137501167 1547783.983800780000352
11098852.823496137501167 1547784.282386717500308
11098852.823496137501167 1547784.580972655000264
11098852.823496137501167 1547784.879558592500220
11098852.823496137501167 1547785.178144530000176
11098852.823496137501167 1547785.476730467500132
11098852.823496137501167 1547785.775316405000088
11098852.823496137501167 1547786.073902342500044
11098852.823496137501167 1547786.372488280000000
11098852.823496137501167 1547786.671074217499956
11098852.823496137501167 1547786.969660154999912
11098852.823496137501167 1547787.268246092499868
11098852.823496137501167 1547787.566832029999824
11098852.823496137501167 1547787.865417967499780
11098852.823496137501167 1547788.164003904999736
11098852.823496137501167 1547788.462589842499692
11098852.823496137501167 1547788.761175779999648
11098853.122076866667704 1547783.685214842500396
11098853.122076866667704 1547783.983800780000352
11098853.122076866667704 1547784.282386717500308
11098853.122076866667704 1547784.580972655000264
11098853.122076866667704 1547784.879558592500220
11098853.122076866667704 1547785.178144530000176
11098853.122076866667704 1547785.476730467500132
11098853.122076866667704 1547785.775316405000088
11098853.122076866667704 1547786.073902342500044
11098853.122076866667704 1547786.372488280000000
11098853.122076866667704 1547786.671074217499956
11098853.122076866667704 1547786.969660154999912
11098853.122076866667704 1547787.268246092499868
11098853.122076866667704 1547787.566832029999824
11098853.122076866667704 1547787.865417967499780
11098853.122076866667704 1547788.164003904999736
11098853.122076866667704 1547788.462589842499692
11098853.122076866667704 1547788.761175779999648
11098853.420657595834241 1547783.685214842500396
11098853.420657595834241 1547783.983800780000352
11098853.420657595834241 1547784.282386717500308
11098853.420657595834241 1547784.580972655000264
11098853.420657595834241 1547784.879558592500220
11098853.420657595834241 1547785.178144530000176
11098853.420657595834241 1547785.476730467500132
11098853.420657595834241 1547785.775316405000088
11098853.420657595834241 1547786.073902342500044
11098853.420657595834241 1547786.372488280000000
11098853.420657595834241 1547786.671074217499956
11098853.420657595834241 1547786.969660154999912
11098853.420657595834241 1547787.268246092499868
11098853.420657595834241 1547787.566832029999824
11098853.420657595834241 1547787.865417967499780
11098853.420657595834241 1547788.164003904999736
11098853.420657595834241 1547788.462589842499692
11098853.420657595834241 1547788.761175779999648
11098853.719238325000778 1547783.685214842500396
11098853.719238325000778 1547783.983800780000352
11098853.719238325000778 1547784.282386717500308
11098853.719238325000778 1547784.580972655000264
11098853.719238325000778 1547784.879558592500220
11098853.719238325000778 1547785.178144530000176
11098853.719238325000778 1547785.476730467500132
11098853.719238325000778 1547785.775316405000088
11098853.719238325000778 1547786.073902342500044
11098853.719238325000778 1547786.372488280000000
11098853.719238325000778 1547786.671074217499956
11098853.719238325000778 1547786.969660154999912
11098853.719238325000778 1547787.268246092499868
11098853.719238325000778 1547787.566832029999824
11098853.719238325000778 1547787.865417967499780
11098853.719238325000778 1547788.164003904999736
11098853.719238325000778 1547788.462589842499692
11098853.719238325000778 1547788.761175779999648
11098854.017819054167315 1547783.685214842500396
11098854.017819054167315 1547783.983800780000352
11098854.017819054167315 1547784.282386717500308
11098854.017819054167315 1547784.580972655000264
11098854.017819054167315 1547784.879558592500220
11098854.017819054167315 1547785.178144530000176
11098854.017819054167315 1547785.476730467500132
11098854.017819054167315 1547785.775316405000088
11098854.017819054167315 1547786.073902342500044
11098854.017819054167315 1547786.372488280000000
11098854.017819054167315 1547786.671074217499956
11098854.017819054167315 1547786.969660154999912
11098854.017819054167315 1547787.268246092499868
11098854.017819054167315 1547787.566832029999824
11098854.017819054167315 1547787.865417967499780
11098854.017819054167315 1547788.164003904999736
11098854.017819054167315 1547788.462589842499692
11098854.017819054167315 1547788.761175779999648
11098854.316399783333852 1547783.685214842500396
11098854.316399783333852 1547783.983800780000352
11098854.316399783333852 1547784.282386717500308
11098854.316399783333852 1547784.580972655000264
11098854.316399783333852 1547784.879558592500220
11098854.316399783333852 1547785.178144530000176
11098854.316399783333852 1547785.476730467500132
11098854.316399783333852 1547785.775316405000088
11098854.316399783333852 1547786.073902342500044
11098854.316399783333852 1547786.372488280000000
11098854.316399783333852 1547786.671074217499956
11098854.316399783333852 1547786.969660154999912
11098854.316399783333852 1547787.268246092499868
11098854.316399783333852 1547787.566832029999824
11098854.316399783333852 1547787.865417967499780
11098854.316399783333852 1547788.164003904999736
11098854.316399783333852 1547788.462589842499692
11098854.316399783333852 1547788.761175779999648
11098854.614980512500389 1547783.685214842500396
11098854.614980512500389 1547783.983800780000352
11098854.614980512500389 1547784.282386717500308
11098854.614980512500389 1547784.580972655000264
11098854.614980512500389 1547784.879558592500220
11098854.614980512500389 1547785.178144530000176
11098854.614980512500389 1547785.476730467500132
11098854.614980512500389 1547785.775316405000088
11098854.614980512500389 1547786.073902342500044
11098854.614980512500389 1547786.372488280000000
11098854.614980512500389 1547786.671074217499956
11098854.614980512500389 1547786.969660154999912
11098854.614980512500389 1547787.268246092499868
11098854.614980512500389 1547787.566832029999824
11098854.614980512500389 1547787.865417967499780
11098854.614980512500389 1547788.164003904999736
11098854.614980512500389 1547788.462589842499692
11098854.614980512500389 1547788.761175779999648
11098854.913561241666926 1547783.685214842500396
11098854.913561241666926 1547783.983800780000352
11098854.913561241666926 1547784.282386717500308
11098854.913561241666926 1547784.580972655000264
11098854.913561241666926 1547784.879558592500220
11098854.913561241666926 1547785.178144530000176
11098854.913561241666926 1547785.476730467500132
11098854.913561241666926 1547785.775316405000088
11098854.913561241666926 1547786.073902342500044
11098854.913561241666926 1547786.372488280000000
11098854.913561241666926 1547786.671074217499956
11098854.913561241666926 1547786.969660154999912
11098854.913561241666926 1547787.268246092499868
11098854.913561241666926 1547787.566832029999824
11098854.913561241666926 1547787.865417967499780
11098854.913561241666926 1547788.164003904999736
11098854.913561241666926 1547788.462589842499692
11098854.913561241666926 1547788.761175779999648
11098855.212141970833463 1547783.685214842500396
11098855.212141970833463 1547783.983800780000352
11098855.212141970833463 1547784.282386717500308
11098855.212141970833463 1547784.580972655000264
11098855.212141970833463 1547784.879558592500220
11098855.212141970833463 1547785.178144530000176
11098855.212141970833463 1547785.476730467500132
11098855.212141970833463 1547785.775316405000088
11098855.212141970833463 1547786.073902342500044
11098855.212141970833463 1547786.372488280000000
11098855.212141970833463 1547786.671074217499956
11098855.212141970833463 1547786.969660154999912
11098855.212141970833463 1547787.268246092499868
11098855.212141970833463 1547787.566832029999824
11098855.212141970833463 1547787.865417967499780
11098855.212141970833463 1547788.164003904999736
11098855.212141970833463 1547788.462589842499692
11098855.212141970833463 1547788.761175779999648
11098855.510722700000000 1547783.685214842500396
11098855.510722700000000 1547783.983800780000352
11098855.510722700000000 1547784.282386717500308
11098855.510722700000000 1547784.580972655000264
11098855.510722700000000 1547784.879558592500220
11098855.510722700000000 1547785.178144530000176
11098855.510722700000000 1547785.476730467500132
11098855.510722700000000 1547785.775316405000088
11098855.510722700000000 1547786.073902342500044
11098855.510722700000000 1547786.372488280000000
11098855.510722700000000 1547786.671074217499956
11098855.510722700000000 1547786.969660154999912
11098855.510722700000000 1547787.268246092499868
11098855.510722700000000 1547787.566832029999824
11098855.510722700000000 1547787.865417967499780
11098855.510722700000000 1547788.164003904999736
11098855.510722700000000 1547788.462589842499692
11098855.510722700000000 1547788.761175779999648
11098855.809303429166537 1547783.685214842500396
11098855.809303429166537 1547783.983800780000352
11098855.809303429166537 1547784.282386717500308
11098855.809303429166537 1547784.580972655000264
11098855.809303429166537 1547784.879558592500220
11098855.809303429166537 1547785.178144530000176
11098855.809303429166537 1547785.476730467500132
11098855.809303429166537 1547785.775316405000088
11098855.809303429166537 1547786.073902342500044
11098855.809303429166537 1547786.372488280000000
11098855.809303429166537 1547786.671074217499956
11098855.809303429166537 1547786.969660154999912
11098855.809303429166537 1547787.268246092499868
11098855.809303429166537 1547787.566832029999824
11098855.809303429166537 1547787.865417967499780
11098855.809303429166537 1547788.164003904999736
11098855.809303429166537 1547788.462589842499692
11098855.809303429166537 1547788.761175779999648
11098856.107884158333074 1547783.685214842500396
11098856.107884158333074 1547783.983800780000352
11098856.107884158333074 1547784.282386717500308
11098856.107884158333074 1547784.580972655000264
11098856.107884158333074 1547784.879558592500220
11098856.107884158333074 1547785.178144530000176
11098856.107884158333074 1547785.476730467500132
11098856.107884158333074 1547785.775316405000088
11098856.107884158333074 1547786.073902342500044
11098856.107884158333074 1547786.372488280000000
11098856.107884158333074 1547786.671074217499956
11098856.107884158333074 1547786.969660154999912
11098856.107884158333074 1547787.268246092499868
11098856.107884158333074 1547787.566832029999824
11098856.107884158333074 1547787.865417967499780
11098856.107884158333074 1547788.164003904999736
11098856.107884158333074 1547788.462589842499692
11098856.107884158333074 1547788.761175779999648
11098856.406464887499611 1547783.685214842500396
11098856.406464887499611 1547783.983800780000352
11098856.406464887499611 1547784.282386717500308
11098856.406464887499611 1547784.580972655000264
11098856.406464887499611 1547784.879558592500220
11098856.406464887499611 1547785.178144530000176
11098856.406464887499611 1547785.476730467500132
11098856.406464887499611 1547785.775316405000088
11098856.406464887499611 1547786.073902342500044
11098856.406464887499611 1547786.372488280000000
11098856.406464887499611 1547786.671074217499956
11098856.406464887499611 1547786.969660154999912
11098856.406464887499611 1547787.268246092499868
11098856.406464887499611 1547787.566832029999824
11098856.406464887499611 1547787.865417967499780
11098856.406464887499611 1547788.164003904999736
11098856.406464887499611 1547788.462589842499692
11098856.406464887499611 1547788.761175779999648
11098856.705045616666148 1547783.685214842500396
11098856.705045616666148 1547783.983800780000352
11098856.705045616666148 1547784.282386717500308
11098856.705045616666148 1547784.580972655000264
11098856.705045616666148 1547784.879558592500220
11098856.705045616666148 1547785.178144530000176
11098856.705045616666148 1547785.476730467500132
11098856.705045616666148 1547785.775316405000088
11098856.705045616666148 1547786.073902342500044
11098856.705045616666148 1547786.372488280000000
11098856.705045616666148 1547786.671074217499956
11098856.705045616666148 1547786.969660154999912
11098856.705045616666148 1547787.268246092499868
11098856.705045616666148 1547787.566832029999824
11098856.705045616666148 1547787.865417967499780
11098856.705045616666148 1547788.164003904999736
11098856.705045616666148 1547788.462589842499692
11098856.705045616666148 1547788.761175779999648
11098857.003626345832685 1547783.685214842500396
11098857.003626345832685 1547783.983800780000352
11098857.003626345832685 1547784.282386717500308
11098857.003626345832685 1547784.580972655000264
11098857.003626345832685 1547784.879558592500220
11098857.003626345832685 1547785.178144530000176
11098857.003626345832685 1547785.476730467500132
11098857.003626345832685 1547785.775316405000088
11098857.003626345832685 1547786.073902342500044
11098857.003626345832685 1547786.372488280000000
11098857.003626345832685 1547786.671074217499956
11098857.003626345832685 1547786.969660154999912
11098857.003626345832685 1547787.268246092499868
11098857.003626345832685 1547787.566832029999824
11098857.003626345832685 1547787.865417967499780
11098857.003626345832685 1547788.164003904999736
11098857.003626345832685 1547788.462589842499692
11098857.003626345832685 1547788.761175779999648
11098857.302207074999222 1547783.685214842500396
11098857.302207074999222 1547783.983800780000352
11098857.302207074999222 1547784.282386717500308
11098857.302207074999222 1547784.580972655000264
11098857.302207074999222 1547784.879558592500220
11098857.302207074999222 1547785.178144530000176
11098857.302207074999222 1547785.476730467500132
11098857.302207074999222 1547785.775316405000088
11098857.302207074999222 1547786.073902342500044
11098857.302207074999222 1547786.372488280000000
11098857.302207074999222 1547786.671074217499956
11098857.302207074999222 1547786.969660154999912
11098857.302207074999222 1547787.268246092499868
11098857.302207074999222 1547787.566832029999824
11098857.302207074999222 1547787.865417967499780
11098857.302207074999222 1547788.164003904999736
11098857.302207074999222 1547788.462589842499692
11098857.302207074999222 1547788.761175779999648
11098857.600787804165759 1547783.685214842500396
11098857.600787804165759 1547783.983800780000352
11098857.600787804165759 1547784.282386717500308
11098857.600787804165759 1547784.580972655000264
11098857.600787804165759 1547784.879558592500220
11098857.600787804165759 1547785.178144530000176
11098857.600787804165759 1547785.476730467500132
11098857.600787804165759 1547785.775316405000088
11098857.600787804165759 1547786.073902342500044
11098857.600787804165759 1547786.372488280000000
11098857.600787804165759 1547786.671074217499956
11098857.600787804165759 1547786.969660154999912
11098857.600787804165759 1547787.268246092499868
11098857.600787804165759 1547787.566832029999824
11098857.600787804165759 1547787.865417967499780
11098857.600787804165759 1547788.164003904999736
11098857.600787804165759 1547788.462589842499692
11098857.600787804165759 1547788.761175779999648
11098857.899368533332296 1547783.685214842500396
11098857.899368533332296 1547783.983800780000352
11098857.899368533332296 1547784.282386717500308
11098857.899368533332296 1547784.580972655000264
11098857.899368533332296 1547784.879558592500220
11098857.899368533332296 1547785.178144530000176
11098857.899368533332296 1547785.476730467500132
11098857.899368533332296 1547785.775316405000088
11098857.899368533332296 1547786.073902342500044
11098857.899368533332296 1547786.372488280000000
11098857.899368533332296 1547786.671074217499956
11098857.899368533332296 1547786.969660154999912
11098857.899368533332296 1547787.268246092499868
11098857.899368533332296 1547787.566832029999824
11098857.899368533332296 1547787.865417967499780
11098857.899368533332296 1547788.164003904999736
11098857.899368533332296 1547788.462589842499692
11098857.899368533332296 1547788.761175779999648
