11098992.559277337501167 1547671.416902342500396
11098992.559277337501167 1547671.715488280000352
11098992.559277337501167 1547672.014074217500308
11098992.559277337501167 1547672.312660155000264
11098992.559277337501167 1547672.611246092500220
11098992.559277337501167 1547672.909832030000176
11098992.559277337501167 1547673.208417967500132
11098992.559277337501167 1547673.507003905000088
11098992.559277337501167 1547673.805589842500044
11098992.559277337501167 1547674.104175780000000
11098992.559277337501167 1547674.402761717499956
11098992.559277337501167 1547674.701347654999912
11098992.559277337501167 1547674.999933592499868
11098992.559277337501167 1547675.298519529999824
11098992.559277337501167 1547675.597105467499780
11098992.559277337501167 1547675.895691404999736
11098992.559277337501167 1547676.194277342499692
11098992.559277337501167 1547676.492863279999648
11098992.857858066667704 1547671.416902342500396
11098992.857858066667704 1547671.715488280000352
11098992.857858066667704 1547672.014074217500308
11098992.857858066667704 1547672.312660155000264
11098992.857858066667704 1547672.611246092500220
11098992.857858066667704 1547672.909832030000176
11098992.857858066667704 1547673.208417967500132
11098992.857858066667704 1547673.507003905000088
11098992.857858066667704 1547673.805589842500044
11098992.857858066667704 1547674.104175780000000
11098992.857858066667704 1547674.402761717499956
11098992.857858066667704 1547674.701347654999912
11098992.857858066667704 1547674.999933592499868
11098992.857858066667704 1547675.298519529999824
11098992.857858066667704 1547675.597105467499780
11098992.857858066667704 1547675.895691404999736
11098992.857858066667704 1547676.194277342499692
11098992.857858066667704 1547676.492863279999648
11098993.156438795834241 1547671.416902342500396
11098993.156438795834241 1547671.715488280000352
11098993.156438795834241 1547672.014074217500308
11098993.156438795834241 1547672.312660155000264
11098993.156438795834241 1547672.611246092500220
11098993.156438795834241 1547672.909832030000176
11098993.156438795834241 1547673.208417967500132
11098993.156438795834241 1547673.507003905000088
11098993.156438795834241 1547673.805589842500044
11098993.156438795834241 1547674.104175780000000
11098993.156438795834241 1547674.402761717499956
11098993.156438795834241 1547674.701347654999912
11098993.156438795834241 1547674.999933592499868
11098993.156438795834241 1547675.298519529999824
11098993.156438795834241 1547675.597105467499780
11098993.156438795834241 1547675.895691404999736
11098993.156438795834241 1547676.194277342499692
11098993.156438795834241 1547676.492863279999648
11098993.455019525000778 1547671.416902342500396
11098993.455019525000778 1547671.715488280000352
11098993.455019525000778 1547672.014074217500308
11098993.455019525000778 1547672.312660155000264
11098993.455019525000778 1547672.611246092500220
11098993.455019525000778 1547672.909832030000176
11098993.455019525000778 1547673.208417967500132
11098993.455019525000778 1547673.507003905000088
11098993.455019525000778 1547673.805589842500044
11098993.455019525000778 1547674.104175780000000
11098993.455019525000778 1547674.402761717499956
11098993.455019525000778 1547674.701347654999912
11098993.455019525000778 1547674.999933592499868
11098993.455019525000778 1547675.298519529999824
11098993.455019525000778 1547675.597105467499780
11098993.455019525000778 1547675.895691404999736
11098993.455019525000778 1547676.194277342499692
11098993.455019525000778 1547676.492863279999648
11098993.753600254167315 1547671.416902342500396
11098993.753600254167315 1547671.715488280000352
11098993.753600254167315 1547672.014074217500308
11098993.753600254167315 1547672.312660155000264
11098993.753600254167315 1547672.611246092500220
11098993.753600254167315 1547672.909832030000176
11098993.753600254167315 1547673.208417967500132
11098993.753600254167315 1547673.507003905000088
11098993.753600254167315 1547673.805589842500044
11098993.753600254167315 1547674.104175780000000
11098993.753600254167315 1547674.402761717499956
11098993.753600254167315 1547674.701347654999912
11098993.753600254167315 1547674.999933592499868
11098993.753600254167315 1547675.298519529999824
11098993.753600254167315 1547675.597105467499780
11098993.753600254167315 1547675.895691404999736
11098993.753600254167315 1547676.194277342499692
11098993.753600254167315 1547676.492863279999648
11098994.052180983333852 1547671.416902342500396
11098994.052180983333852 1547671.715488280000352
11098994.052180983333852 1547672.014074217500308
11098994.052180983333852 1547672.312660155000264
11098994.052180983333852 1547672.611246092500220
11098994.052180983333852 1547672.909832030000176
11098994.052180983333852 1547673.208417967500132
11098994.052180983333852 1547673.507003905000088
11098994.052180983333852 1547673.805589842500044
11098994.052180983333852 1547674.104175780000000
11098994.052180983333852 1547674.402761717499956
11098994.052180983333852 1547674.701347654999912
11098994.052180983333852 1547674.999933592499868
11098994.052180983333852 1547675.298519529999824
11098994.052180983333852 1547675.597105467499780
11098994.052180983333852 1547675.895691404999736
11098994.052180983333852 1547676.194277342499692
11098994.052180983333852 1547676.492863279999648
11098994.350761712500389 1547671.416902342500396
11098994.350761712500389 1547671.715488280000352
11098994.350761712500389 1547672.014074217500308
11098994.350761712500389 1547672.312660155000264
11098994.350761712500389 1547672.611246092500220
11098994.350761712500389 1547672.909832030000176
11098994.350761712500389 1547673.208417967500132
11098994.350761712500389 1547673.507003905000088
11098994.350761712500389 1547673.805589842500044
11098994.350761712500389 1547674.104175780000000
11098994.350761712500389 1547674.402761717499956
11098994.350761712500389 1547674.701347654999912
11098994.350761712500389 1547674.999933592499868
11098994.350761712500389 1547675.298519529999824
11098994.350761712500389 1547675.597105467499780
11098994.350761712500389 1547675.895691404999736
11098994.350761712500389 1547676.194277342499692
11098994.350761712500389 1547676.492863279999648
11098994.649342441666926 1547671.416902342500396
11098994.649342441666926 1547671.715488280000352
11098994.649342441666926 1547672.014074217500308
11098994.649342441666926 1547672.312660155000264
11098994.649342441666926 1547672.611246092500220
11098994.649342441666926 1547672.909832030000176
11098994.649342441666926 1547673.208417967500132
11098994.649342441666926 1547673.507003905000088
11098994.649342441666926 1547673.805589842500044
11098994.649342441666926 1547674.104175780000000
11098994.649342441666926 1547674.402761717499956
11098994.649342441666926 1547674.701347654999912
11098994.649342441666926 1547674.999933592499868
11098994.649342441666926 1547675.298519529999824
11098994.649342441666926 1547675.597105467499780
11098994.649342441666926 1547675.895691404999736
11098994.649342441666926 1547676.194277342499692
11098994.649342441666926 1547676.492863279999648
11098994.947923170833463 1547671.416902342500396
11098994.947923170833463 1547671.715488280000352
11098994.947923170833463 1547672.014074217500308
11098994.947923170833463 1547672.312660155000264
11098994.947923170833463 1547672.611246092500220
11098994.947923170833463 1547672.909832030000176
11098994.947923170833463 1547673.208417967500132
11098994.947923170833463 1547673.507003905000088
11098994.947923170833463 1547673.805589842500044
11098994.947923170833463 1547674.104175780000000
11098994.947923170833463 1547674.402761717499956
11098994.947923170833463 1547674.701347654999912
11098994.947923170833463 1547674.999933592499868
11098994.947923170833463 1547675.298519529999824
11098994.947923170833463 1547675.597105467499780
11098994.947923170833463 1547675.895691404999736
11098994.947923170833463 1547676.194277342499692
11098994.947923170833463 1547676.492863279999648
11098995.246503900000000 1547671.416902342500396
11098995.246503900000000 1547671.715488280000352
11098995.246503900000000 1547672.014074217500308
11098995.246503900000000 1547672.312660155000264
11098995.246503900000000 1547672.611246092500220
11098995.246503900000000 1547672.909832030000176
11098995.246503900000000 1547673.208417967500132
11098995.246503900000000 1547673.507003905000088
11098995.246503900000000 1547673.805589842500044
11098995.246503900000000 1547674.104175780000000
11098995.246503900000000 1547674.402761717499956
11098995.246503900000000 1547674.701347654999912
11098995.246503900000000 1547674.999933592499868
11098995.246503900000000 1547675.298519529999824
11098995.246503900000000 1547675.597105467499780
11098995.246503900000000 1547675.895691404999736
11098995.246503900000000 1547676.194277342499692
11098995.246503900000000 1547676.492863279999648
11098995.545084629166537 1547671.416902342500396
11098995.545084629166537 1547671.715488280000352
11098995.545084629166537 1547672.014074217500308
11098995.545084629166537 1547672.312660155000264
11098995.545084629166537 1547672.611246092500220
11098995.545084629166537 1547672.909832030000176
11098995.545084629166537 1547673.208417967500132
11098995.545084629166537 1547673.507003905000088
11098995.545084629166537 1547673.805589842500044
11098995.545084629166537 1547674.104175780000000
11098995.545084629166537 1547674.402761717499956
11098995.545084629166537 1547674.701347654999912
11098995.545084629166537 1547674.999933592499868
11098995.545084629166537 1547675.298519529999824
11098995.545084629166537 1547675.597105467499780
11098995.545084629166537 1547675.895691404999736
11098995.545084629166537 1547676.194277342499692
11098995.545084629166537 1547676.492863279999648
11098995.843665358333074 1547671.416902342500396
11098995.843665358333074 1547671.715488280000352
11098995.843665358333074 1547672.014074217500308
11098995.843665358333074 1547672.312660155000264
11098995.843665358333074 1547672.611246092500220
11098995.843665358333074 1547672.909832030000176
11098995.843665358333074 1547673.208417967500132
11098995.843665358333074 1547673.507003905000088
11098995.843665358333074 1547673.805589842500044
11098995.843665358333074 1547674.104175780000000
11098995.843665358333074 1547674.402761717499956
11098995.843665358333074 1547674.701347654999912
11098995.843665358333074 1547674.999933592499868
11098995.843665358333074 1547675.298519529999824
11098995.843665358333074 1547675.597105467499780
11098995.843665358333074 1547675.895691404999736
11098995.843665358333074 1547676.194277342499692
11098995.843665358333074 1547676.492863279999648
11098996.142246087499611 1547671.416902342500396
11098996.142246087499611 1547671.715488280000352
11098996.142246087499611 1547672.014074217500308
11098996.142246087499611 1547672.312660155000264
11098996.142246087499611 1547672.611246092500220
11098996.142246087499611 1547672.909832030000176
11098996.142246087499611 1547673.208417967500132
11098996.142246087499611 1547673.507003905000088
11098996.142246087499611 1547673.805589842500044
11098996.142246087499611 1547674.104175780000000
11098996.142246087499611 1547674.402761717499956
11098996.142246087499611 1547674.701347654999912
11098996.142246087499611 1547674.999933592499868
11098996.142246087499611 1547675.298519529999824
11098996.142246087499611 1547675.597105467499780
11098996.142246087499611 1547675.895691404999736
11098996.142246087499611 1547676.194277342499692
11098996.142246087499611 1547676.492863279999648
11098996.440826816666148 1547671.416902342500396
11098996.440826816666148 1547671.715488280000352
11098996.440826816666148 1547672.014074217500308
11098996.440826816666148 1547672.312660155000264
11098996.440826816666148 1547672.611246092500220
11098996.440826816666148 1547672.909832030000176
11098996.440826816666148 1547673.208417967500132
11098996.440826816666148 1547673.507003905000088
11098996.440826816666148 1547673.805589842500044
11098996.440826816666148 1547674.104175780000000
11098996.440826816666148 1547674.402761717499956
11098996.440826816666148 1547674.701347654999912
11098996.440826816666148 1547674.999933592499868
11098996.440826816666148 1547675.298519529999824
11098996.440826816666148 1547675.597105467499780
11098996.440826816666148 1547675.895691404999736
11098996.440826816666148 1547676.194277342499692
11098996.440826816666148 1547676.492863279999648
11098996.739407545832685 1547671.416902342500396
11098996.739407545832685 1547671.715488280000352
11098996.739407545832685 1547672.014074217500308
11098996.739407545832685 1547672.312660155000264
11098996.739407545832685 1547672.611246092500220
11098996.739407545832685 1547672.909832030000176
11098996.739407545832685 1547673.208417967500132
11098996.739407545832685 1547673.507003905000088
11098996.739407545832685 1547673.805589842500044
11098996.739407545832685 1547674.104175780000000
11098996.739407545832685 1547674.402761717499956
11098996.739407545832685 1547674.701347654999912
11098996.739407545832685 1547674.999933592499868
11098996.739407545832685 1547675.298519529999824
11098996.739407545832685 1547675.597105467499780
11098996.739407545832685 1547675.895691404999736
11098996.739407545832685 1547676.194277342499692
11098996.739407545832685 1547676.492863279999648
11098997.037988274999222 1547671.416902342500396
11098997.037988274999222 1547671.715488280000352
11098997.037988274999222 1547672.014074217500308
11098997.037988274999222 1547672.312660155000264
11098997.037988274999222 1547672.611246092500220
11098997.037988274999222 1547672.909832030000176
11098997.037988274999222 1547673.208417967500132
11098997.037988274999222 1547673.507003905000088
11098997.037988274999222 1547673.805589842500044
11098997.037988274999222 1547674.104175780000000
11098997.037988274999222 1547674.402761717499956
11098997.037988274999222 1547674.701347654999912
11098997.037988274999222 1547674.999933592499868
11098997.037988274999222 1547675.298519529999824
11098997.037988274999222 1547675.597105467499780
11098997.037988274999222 1547675.895691404999736
11098997.037988274999222 1547676.194277342499692
11098997.037988274999222 1547676.492863279999648
11098997.336569004165759 1547671.416902342500396
11098997.336569004165759 1547671.715488280000352
11098997.336569004165759 1547672.014074217500308
11098997.336569004165759 1547672.312660155000264
11098997.336569004165759 1547672.611246092500220
11098997.336569004165759 1547672.909832030000176
11098997.336569004165759 1547673.208417967500132
11098997.336569004165759 1547673.507003905000088
11098997.336569004165759 1547673.805589842500044
11098997.336569004165759 1547674.104175780000000
11098997.336569004165759 1547674.402761717499956
11098997.336569004165759 1547674.701347654999912
11098997.336569004165759 1547674.999933592499868
11098997.336569004165759 1547675.298519529999824
11098997.336569004165759 1547675.597105467499780
11098997.336569004165759 1547675.895691404999736
11098997.336569004165759 1547676.194277342499692
11098997.336569004165759 1547676.492863279999648
11098997.635149733332296 1547671.416902342500396
11098997.635149733332296 1547671.715488280000352
11098997.635149733332296 1547672.014074217500308
11098997.635149733332296 1547672.312660155000264
11098997.635149733332296 1547672.611246092500220
11098997.635149733332296 1547672.909832030000176
11098997.635149733332296 1547673.208417967500132
11098997.635149733332296 1547673.507003905000088
11098997.635149733332296 1547673.805589842500044
11098997.635149733332296 1547674.104175780000000
11098997.635149733332296 1547674.402761717499956
11098997.635149733332296 1547674.701347654999912
11098997.635149733332296 1547674.999933592499868
11098997.635149733332296 1547675.298519529999824
11098997.635149733332296 1547675.597105467499780
11098997.635149733332296 1547675.895691404999736
11098997.635149733332296 1547676.194277342499692
11098997.635149733332296 1547676.492863279999648
