11099108.707181037501167 1547809.363605472500396
11099108.707181037501167 1547809.662191410000352
11099108.707181037501167 1547809.960777347500308
11099108.707181037501167 1547810.259363285000264
11099108.707181037501167 1547810.557949222500220
11099108.707181037501167 1547810.856535160000176
11099108.707181037501167 1547811.155121097500132
11099108.707181037501167 1547811.453707035000088
11099108.707181037501167 1547811.752292972500044
11099108.707181037501167 1547812.050878910000000
11099108.707181037501167 1547812.349464847499956
11099108.707181037501167 1547812.648050784999912
11099108.707181037501167 1547812.946636722499868
11099108.707181037501167 1547813.245222659999824
11099108.707181037501167 1547813.543808597499780
11099108.707181037501167 1547813.842394534999736
11099108.707181037501167 1547814.140980472499692
11099108.707181037501167 1547814.439566409999648
11099109.005761766667704 1547809.363605472500396
11099109.005761766667704 1547809.662191410000352
11099109.005761766667704 1547809.960777347500308
11099109.005761766667704 1547810.259363285000264
11099109.005761766667704 1547810.557949222500220
11099109.005761766667704 1547810.856535160000176
11099109.005761766667704 1547811.155121097500132
11099109.005761766667704 1547811.453707035000088
11099109.005761766667704 1547811.752292972500044
11099109.005761766667704 1547812.050878910000000
11099109.005761766667704 1547812.349464847499956
11099109.005761766667704 1547812.648050784999912
11099109.005761766667704 1547812.946636722499868
11099109.005761766667704 1547813.245222659999824
11099109.005761766667704 1547813.543808597499780
11099109.005761766667704 1547813.842394534999736
11099109.005761766667704 1547814.140980472499692
11099109.005761766667704 1547814.439566409999648
11099109.304342495834241 1547809.363605472500396
11099109.304342495834241 1547809.662191410000352
11099109.304342495834241 1547809.960777347500308
11099109.304342495834241 1547810.259363285000264
11099109.304342495834241 1547810.557949222500220
11099109.304342495834241 1547810.856535160000176
11099109.304342495834241 1547811.155121097500132
11099109.304342495834241 1547811.453707035000088
11099109.304342495834241 1547811.752292972500044
11099109.304342495834241 1547812.050878910000000
11099109.304342495834241 1547812.349464847499956
11099109.304342495834241 1547812.648050784999912
11099109.304342495834241 1547812.946636722499868
11099109.304342495834241 1547813.245222659999824
11099109.304342495834241 1547813.543808597499780
11099109.304342495834241 1547813.842394534999736
11099109.304342495834241 1547814.140980472499692
11099109.304342495834241 1547814.439566409999648
11099109.602923225000778 1547809.363605472500396
11099109.602923225000778 1547809.662191410000352
11099109.602923225000778 1547809.960777347500308
11099109.602923225000778 1547810.259363285000264
11099109.602923225000778 1547810.557949222500220
11099109.602923225000778 1547810.856535160000176
11099109.602923225000778 1547811.155121097500132
11099109.602923225000778 1547811.453707035000088
11099109.602923225000778 1547811.752292972500044
11099109.602923225000778 1547812.050878910000000
11099109.602923225000778 1547812.349464847499956
11099109.602923225000778 1547812.648050784999912
11099109.602923225000778 1547812.946636722499868
11099109.602923225000778 1547813.245222659999824
11099109.602923225000778 1547813.543808597499780
11099109.602923225000778 1547813.842394534999736
11099109.602923225000778 1547814.140980472499692
11099109.602923225000778 1547814.439566409999648
11099109.901503954167315 1547809.363605472500396
11099109.901503954167315 1547809.662191410000352
11099109.901503954167315 1547809.960777347500308
11099109.901503954167315 1547810.259363285000264
11099109.901503954167315 1547810.557949222500220
11099109.901503954167315 1547810.856535160000176
11099109.901503954167315 1547811.155121097500132
11099109.901503954167315 1547811.453707035000088
11099109.901503954167315 1547811.752292972500044
11099109.901503954167315 1547812.050878910000000
11099109.901503954167315 1547812.349464847499956
11099109.901503954167315 1547812.648050784999912
11099109.901503954167315 1547812.946636722499868
11099109.901503954167315 1547813.245222659999824
11099109.901503954167315 1547813.543808597499780
11099109.901503954167315 1547813.842394534999736
11099109.901503954167315 1547814.140980472499692
11099109.901503954167315 1547814.439566409999648
11099110.200084683333852 1547809.363605472500396
11099110.200084683333852 1547809.662191410000352
11099110.200084683333852 1547809.960777347500308
11099110.200084683333852 1547810.259363285000264
11099110.200084683333852 1547810.557949222500220
11099110.200084683333852 1547810.856535160000176
11099110.200084683333852 1547811.155121097500132
11099110.200084683333852 1547811.453707035000088
11099110.200084683333852 1547811.752292972500044
11099110.200084683333852 1547812.050878910000000
11099110.200084683333852 1547812.349464847499956
11099110.200084683333852 1547812.648050784999912
11099110.200084683333852 1547812.946636722499868
11099110.200084683333852 1547813.245222659999824
11099110.200084683333852 1547813.543808597499780
11099110.200084683333852 1547813.842394534999736
11099110.200084683333852 1547814.140980472499692
11099110.200084683333852 1547814.439566409999648
11099110.498665412500389 1547809.363605472500396
11099110.498665412500389 1547809.662191410000352
11099110.498665412500389 1547809.960777347500308
11099110.498665412500389 1547810.259363285000264
11099110.498665412500389 1547810.557949222500220
11099110.498665412500389 1547810.856535160000176
11099110.498665412500389 1547811.155121097500132
11099110.498665412500389 1547811.453707035000088
11099110.498665412500389 1547811.752292972500044
11099110.498665412500389 1547812.050878910000000
11099110.498665412500389 1547812.349464847499956
11099110.498665412500389 1547812.648050784999912
11099110.498665412500389 1547812.946636722499868
11099110.498665412500389 1547813.245222659999824
11099110.498665412500389 1547813.543808597499780
11099110.498665412500389 1547813.842394534999736
11099110.498665412500389 1547814.140980472499692
11099110.498665412500389 1547814.439566409999648
11099110.797246141666926 1547809.363605472500396
11099110.797246141666926 1547809.662191410000352
11099110.797246141666926 1547809.960777347500308
11099110.797246141666926 1547810.259363285000264
11099110.797246141666926 1547810.557949222500220
11099110.797246141666926 1547810.856535160000176
11099110.797246141666926 1547811.155121097500132
11099110.797246141666926 1547811.453707035000088
11099110.797246141666926 1547811.752292972500044
11099110.797246141666926 1547812.050878910000000
11099110.797246141666926 1547812.349464847499956
11099110.797246141666926 1547812.648050784999912
11099110.797246141666926 1547812.946636722499868
11099110.797246141666926 1547813.245222659999824
11099110.797246141666926 1547813.543808597499780
11099110.797246141666926 1547813.842394534999736
11099110.797246141666926 1547814.140980472499692
11099110.797246141666926 1547814.439566409999648
11099111.095826870833463 1547809.363605472500396
11099111.095826870833463 1547809.662191410000352
11099111.095826870833463 1547809.960777347500308
11099111.095826870833463 1547810.259363285000264
11099111.095826870833463 1547810.557949222500220
11099111.095826870833463 1547810.856535160000176
11099111.095826870833463 1547811.155121097500132
11099111.095826870833463 1547811.453707035000088
11099111.095826870833463 1547811.752292972500044
11099111.095826870833463 1547812.050878910000000
11099111.095826870833463 1547812.349464847499956
11099111.095826870833463 1547812.648050784999912
11099111.095826870833463 1547812.946636722499868
11099111.095826870833463 1547813.245222659999824
11099111.095826870833463 1547813.543808597499780
11099111.095826870833463 1547813.842394534999736
11099111.095826870833463 1547814.140980472499692
11099111.095826870833463 1547814.439566409999648
11099111.394407600000000 1547809.363605472500396
11099111.394407600000000 1547809.662191410000352
11099111.394407600000000 1547809.960777347500308
11099111.394407600000000 1547810.259363285000264
11099111.394407600000000 1547810.557949222500220
11099111.394407600000000 1547810.856535160000176
11099111.394407600000000 1547811.155121097500132
11099111.394407600000000 1547811.453707035000088
11099111.394407600000000 1547811.752292972500044
11099111.394407600000000 1547812.050878910000000
11099111.394407600000000 1547812.349464847499956
11099111.394407600000000 1547812.648050784999912
11099111.394407600000000 1547812.946636722499868
11099111.394407600000000 1547813.245222659999824
11099111.394407600000000 1547813.543808597499780
11099111.394407600000000 1547813.842394534999736
11099111.394407600000000 1547814.140980472499692
11099111.394407600000000 1547814.439566409999648
11099111.692988329166537 1547809.363605472500396
11099111.692988329166537 1547809.662191410000352
11099111.692988329166537 1547809.960777347500308
11099111.692988329166537 1547810.259363285000264
11099111.692988329166537 1547810.557949222500220
11099111.692988329166537 1547810.856535160000176
11099111.692988329166537 1547811.155121097500132
11099111.692988329166537 1547811.453707035000088
11099111.692988329166537 1547811.752292972500044
11099111.692988329166537 1547812.050878910000000
11099111.692988329166537 1547812.349464847499956
11099111.692988329166537 1547812.648050784999912
11099111.692988329166537 1547812.946636722499868
11099111.692988329166537 1547813.245222659999824
11099111.692988329166537 1547813.543808597499780
11099111.692988329166537 1547813.842394534999736
11099111.692988329166537 1547814.140980472499692
11099111.692988329166537 1547814.439566409999648
11099111.991569058333074 1547809.363605472500396
11099111.991569058333074 1547809.662191410000352
11099111.991569058333074 1547809.960777347500308
11099111.991569058333074 1547810.259363285000264
11099111.991569058333074 1547810.557949222500220
11099111.991569058333074 1547810.856535160000176
11099111.991569058333074 1547811.155121097500132
11099111.991569058333074 1547811.453707035000088
11099111.991569058333074 1547811.752292972500044
11099111.991569058333074 1547812.050878910000000
11099111.991569058333074 1547812.349464847499956
11099111.991569058333074 1547812.648050784999912
11099111.991569058333074 1547812.946636722499868
11099111.991569058333074 1547813.245222659999824
11099111.991569058333074 1547813.543808597499780
11099111.991569058333074 1547813.842394534999736
11099111.991569058333074 1547814.140980472499692
11099111.991569058333074 1547814.439566409999648
11099112.290149787499611 1547809.363605472500396
11099112.290149787499611 1547809.662191410000352
11099112.290149787499611 1547809.960777347500308
11099112.290149787499611 1547810.259363285000264
11099112.290149787499611 1547810.557949222500220
11099112.290149787499611 1547810.856535160000176
11099112.290149787499611 1547811.155121097500132
11099112.290149787499611 1547811.453707035000088
11099112.290149787499611 1547811.752292972500044
11099112.290149787499611 1547812.050878910000000
11099112.290149787499611 1547812.349464847499956
11099112.290149787499611 1547812.648050784999912
11099112.290149787499611 1547812.946636722499868
11099112.290149787499611 1547813.245222659999824
11099112.290149787499611 1547813.543808597499780
11099112.290149787499611 1547813.842394534999736
11099112.290149787499611 1547814.140980472499692
11099112.290149787499611 1547814.439566409999648
11099112.588730516666148 1547809.363605472500396
11099112.588730516666148 1547809.662191410000352
11099112.588730516666148 1547809.960777347500308
11099112.588730516666148 1547810.259363285000264
11099112.588730516666148 1547810.557949222500220
11099112.588730516666148 1547810.856535160000176
11099112.588730516666148 1547811.155121097500132
11099112.588730516666148 1547811.453707035000088
11099112.588730516666148 1547811.752292972500044
11099112.588730516666148 1547812.050878910000000
11099112.588730516666148 1547812.349464847499956
11099112.588730516666148 1547812.648050784999912
11099112.588730516666148 1547812.946636722499868
11099112.588730516666148 1547813.245222659999824
11099112.588730516666148 1547813.543808597499780
11099112.588730516666148 1547813.842394534999736
11099112.588730516666148 1547814.140980472499692
11099112.588730516666148 1547814.439566409999648
11099112.887311245832685 1547809.363605472500396
11099112.887311245832685 1547809.662191410000352
11099112.887311245832685 1547809.960777347500308
11099112.887311245832685 1547810.259363285000264
11099112.887311245832685 1547810.557949222500220
11099112.887311245832685 1547810.856535160000176
11099112.887311245832685 1547811.155121097500132
11099112.887311245832685 1547811.453707035000088
11099112.887311245832685 1547811.752292972500044
11099112.887311245832685 1547812.050878910000000
11099112.887311245832685 1547812.349464847499956
11099112.887311245832685 1547812.648050784999912
11099112.887311245832685 1547812.946636722499868
11099112.887311245832685 1547813.245222659999824
11099112.887311245832685 1547813.543808597499780
11099112.887311245832685 1547813.842394534999736
11099112.887311245832685 1547814.140980472499692
11099112.887311245832685 1547814.439566409999648
11099113.185891974999222 1547809.363605472500396
11099113.185891974999222 1547809.662191410000352
11099113.185891974999222 1547809.960777347500308
11099113.185891974999222 1547810.259363285000264
11099113.185891974999222 1547810.557949222500220
11099113.185891974999222 1547810.856535160000176
11099113.185891974999222 1547811.155121097500132
11099113.185891974999222 1547811.453707035000088
11099113.185891974999222 1547811.752292972500044
11099113.185891974999222 1547812.050878910000000
11099113.185891974999222 1547812.349464847499956
11099113.185891974999222 1547812.648050784999912
11099113.185891974999222 1547812.946636722499868
11099113.185891974999222 1547813.245222659999824
11099113.185891974999222 1547813.543808597499780
11099113.185891974999222 1547813.842394534999736
11099113.185891974999222 1547814.140980472499692
11099113.185891974999222 1547814.439566409999648
11099113.484472704165759 1547809.363605472500396
11099113.484472704165759 1547809.662191410000352
11099113.484472704165759 1547809.960777347500308
11099113.484472704165759 1547810.259363285000264
11099113.484472704165759 1547810.557949222500220
11099113.484472704165759 1547810.856535160000176
11099113.484472704165759 1547811.155121097500132
11099113.484472704165759 1547811.453707035000088
11099113.484472704165759 1547811.752292972500044
11099113.484472704165759 1547812.050878910000000
11099113.484472704165759 1547812.349464847499956
11099113.484472704165759 1547812.648050784999912
11099113.484472704165759 1547812.946636722499868
11099113.484472704165759 1547813.245222659999824
11099113.484472704165759 1547813.543808597499780
11099113.484472704165759 1547813.842394534999736
11099113.484472704165759 1547814.140980472499692
11099113.484472704165759 1547814.439566409999648
11099113.783053433332296 1547809.363605472500396
11099113.783053433332296 1547809.662191410000352
11099113.783053433332296 1547809.960777347500308
11099113.783053433332296 1547810.259363285000264
11099113.783053433332296 1547810.557949222500220
11099113.783053433332296 1547810.856535160000176
11099113.783053433332296 1547811.155121097500132
11099113.783053433332296 1547811.453707035000088
11099113.783053433332296 1547811.752292972500044
11099113.783053433332296 1547812.050878910000000
11099113.783053433332296 1547812.349464847499956
11099113.783053433332296 1547812.648050784999912
11099113.783053433332296 1547812.946636722499868
11099113.783053433332296 1547813.245222659999824
11099113.783053433332296 1547813.543808597499780
11099113.783053433332296 1547813.842394534999736
11099113.783053433332296 1547814.140980472499692
11099113.783053433332296 1547814.439566409999648
