11099150.209902337501167 1547784.282386722500396
11099150.209902337501167 1547784.580972660000352
11099150.209902337501167 1547784.879558597500308
11099150.209902337501167 1547785.178144535000264
11099150.209902337501167 1547785.476730472500220
11099150.209902337501167 1547785.775316410000176
11099150.209902337501167 1547786.073902347500132
11099150.209902337501167 1547786.372488285000088
11099150.209902337501167 1547786.671074222500044
11099150.209902337501167 1547786.969660160000000
11099150.209902337501167 1547787.268246097499956
11099150.209902337501167 1547787.566832034999912
11099150.209902337501167 1547787.865417972499868
11099150.209902337501167 1547788.164003909999824
11099150.209902337501167 1547788.462589847499780
11099150.209902337501167 1547788.761175784999736
11099150.209902337501167 1547789.059761722499692
11099150.209902337501167 1547789.358347659999648
11099150.508483066667704 1547784.282386722500396
11099150.508483066667704 1547784.580972660000352
11099150.508483066667704 1547784.879558597500308
11099150.508483066667704 1547785.178144535000264
11099150.508483066667704 1547785.476730472500220
11099150.508483066667704 1547785.775316410000176
11099150.508483066667704 1547786.073902347500132
11099150.508483066667704 1547786.372488285000088
11099150.508483066667704 1547786.671074222500044
11099150.508483066667704 1547786.969660160000000
11099150.508483066667704 1547787.268246097499956
11099150.508483066667704 1547787.566832034999912
11099150.508483066667704 1547787.865417972499868
11099150.508483066667704 1547788.164003909999824
11099150.508483066667704 1547788.462589847499780
11099150.508483066667704 1547788.761175784999736
11099150.508483066667704 1547789.059761722499692
11099150.508483066667704 1547789.358347659999648
11099150.807063795834241 1547784.282386722500396
11099150.807063795834241 1547784.580972660000352
11099150.807063795834241 1547784.879558597500308
11099150.807063795834241 1547785.178144535000264
11099150.807063795834241 1547785.476730472500220
11099150.807063795834241 1547785.775316410000176
11099150.807063795834241 1547786.073902347500132
11099150.807063795834241 1547786.372488285000088
11099150.807063795834241 1547786.671074222500044
11099150.807063795834241 1547786.969660160000000
11099150.807063795834241 1547787.268246097499956
11099150.807063795834241 1547787.566832034999912
11099150.807063795834241 1547787.865417972499868
11099150.807063795834241 1547788.164003909999824
11099150.807063795834241 1547788.462589847499780
11099150.807063795834241 1547788.761175784999736
11099150.807063795834241 1547789.059761722499692
11099150.807063795834241 1547789.358347659999648
11099151.105644525000778 1547784.282386722500396
11099151.105644525000778 1547784.580972660000352
11099151.105644525000778 1547784.879558597500308
11099151.105644525000778 1547785.178144535000264
11099151.105644525000778 1547785.476730472500220
11099151.105644525000778 1547785.775316410000176
11099151.105644525000778 1547786.073902347500132
11099151.105644525000778 1547786.372488285000088
11099151.105644525000778 1547786.671074222500044
11099151.105644525000778 1547786.969660160000000
11099151.105644525000778 1547787.268246097499956
11099151.105644525000778 1547787.566832034999912
11099151.105644525000778 1547787.865417972499868
11099151.105644525000778 1547788.164003909999824
11099151.105644525000778 1547788.462589847499780
11099151.105644525000778 1547788.761175784999736
11099151.105644525000778 1547789.059761722499692
11099151.105644525000778 1547789.358347659999648
11099151.404225254167315 1547784.282386722500396
11099151.404225254167315 1547784.580972660000352
11099151.404225254167315 1547784.879558597500308
11099151.404225254167315 1547785.178144535000264
11099151.404225254167315 1547785.476730472500220
11099151.404225254167315 1547785.775316410000176
11099151.404225254167315 1547786.073902347500132
11099151.404225254167315 1547786.372488285000088
11099151.404225254167315 1547786.671074222500044
11099151.404225254167315 1547786.969660160000000
11099151.404225254167315 1547787.268246097499956
11099151.404225254167315 1547787.566832034999912
11099151.404225254167315 1547787.865417972499868
11099151.404225254167315 1547788.164003909999824
11099151.404225254167315 1547788.462589847499780
11099151.404225254167315 1547788.761175784999736
11099151.404225254167315 1547789.059761722499692
11099151.404225254167315 1547789.358347659999648
11099151.702805983333852 1547784.282386722500396
11099151.702805983333852 1547784.580972660000352
11099151.702805983333852 1547784.879558597500308
11099151.702805983333852 1547785.178144535000264
11099151.702805983333852 1547785.476730472500220
11099151.702805983333852 1547785.775316410000176
11099151.702805983333852 1547786.073902347500132
11099151.702805983333852 1547786.372488285000088
11099151.702805983333852 1547786.671074222500044
11099151.702805983333852 1547786.969660160000000
11099151.702805983333852 1547787.268246097499956
11099151.702805983333852 1547787.566832034999912
11099151.702805983333852 1547787.865417972499868
11099151.702805983333852 1547788.164003909999824
11099151.702805983333852 1547788.462589847499780
11099151.702805983333852 1547788.761175784999736
11099151.702805983333852 1547789.059761722499692
11099151.702805983333852 1547789.358347659999648
11099152.001386712500389 1547784.282386722500396
11099152.001386712500389 1547784.580972660000352
11099152.001386712500389 1547784.879558597500308
11099152.001386712500389 1547785.178144535000264
11099152.001386712500389 1547785.476730472500220
11099152.001386712500389 1547785.775316410000176
11099152.001386712500389 1547786.073902347500132
11099152.001386712500389 1547786.372488285000088
11099152.001386712500389 1547786.671074222500044
11099152.001386712500389 1547786.969660160000000
11099152.001386712500389 1547787.268246097499956
11099152.001386712500389 1547787.566832034999912
11099152.001386712500389 1547787.865417972499868
11099152.001386712500389 1547788.164003909999824
11099152.001386712500389 1547788.462589847499780
11099152.001386712500389 1547788.761175784999736
11099152.001386712500389 1547789.059761722499692
11099152.001386712500389 1547789.358347659999648
11099152.299967441666926 1547784.282386722500396
11099152.299967441666926 1547784.580972660000352
11099152.299967441666926 1547784.879558597500308
11099152.299967441666926 1547785.178144535000264
11099152.299967441666926 1547785.476730472500220
11099152.299967441666926 1547785.775316410000176
11099152.299967441666926 1547786.073902347500132
11099152.299967441666926 1547786.372488285000088
11099152.299967441666926 1547786.671074222500044
11099152.299967441666926 1547786.969660160000000
11099152.299967441666926 1547787.268246097499956
11099152.299967441666926 1547787.566832034999912
11099152.299967441666926 1547787.865417972499868
11099152.299967441666926 1547788.164003909999824
11099152.299967441666926 1547788.462589847499780
11099152.299967441666926 1547788.761175784999736
11099152.299967441666926 1547789.059761722499692
11099152.299967441666926 1547789.358347659999648
11099152.598548170833463 1547784.282386722500396
11099152.598548170833463 1547784.580972660000352
11099152.598548170833463 1547784.879558597500308
11099152.598548170833463 1547785.178144535000264
11099152.598548170833463 1547785.476730472500220
11099152.598548170833463 1547785.775316410000176
11099152.598548170833463 1547786.073902347500132
11099152.598548170833463 1547786.372488285000088
11099152.598548170833463 1547786.671074222500044
11099152.598548170833463 1547786.969660160000000
11099152.598548170833463 1547787.268246097499956
11099152.598548170833463 1547787.566832034999912
11099152.598548170833463 1547787.865417972499868
11099152.598548170833463 1547788.164003909999824
11099152.598548170833463 1547788.462589847499780
11099152.598548170833463 1547788.761175784999736
11099152.598548170833463 1547789.059761722499692
11099152.598548170833463 1547789.358347659999648
11099152.897128900000000 1547784.282386722500396
11099152.897128900000000 1547784.580972660000352
11099152.897128900000000 1547784.879558597500308
11099152.897128900000000 1547785.178144535000264
11099152.897128900000000 1547785.476730472500220
11099152.897128900000000 1547785.775316410000176
11099152.897128900000000 1547786.073902347500132
11099152.897128900000000 1547786.372488285000088
11099152.897128900000000 1547786.671074222500044
11099152.897128900000000 1547786.969660160000000
11099152.897128900000000 1547787.268246097499956
11099152.897128900000000 1547787.566832034999912
11099152.897128900000000 1547787.865417972499868
11099152.897128900000000 1547788.164003909999824
11099152.897128900000000 1547788.462589847499780
11099152.897128900000000 1547788.761175784999736
11099152.897128900000000 1547789.059761722499692
11099152.897128900000000 1547789.358347659999648
11099153.195709629166537 1547784.282386722500396
11099153.195709629166537 1547784.580972660000352
11099153.195709629166537 1547784.879558597500308
11099153.195709629166537 1547785.178144535000264
11099153.195709629166537 1547785.476730472500220
11099153.195709629166537 1547785.775316410000176
11099153.195709629166537 1547786.073902347500132
11099153.195709629166537 1547786.372488285000088
11099153.195709629166537 1547786.671074222500044
11099153.195709629166537 1547786.969660160000000
11099153.195709629166537 1547787.268246097499956
11099153.195709629166537 1547787.566832034999912
11099153.195709629166537 1547787.865417972499868
11099153.195709629166537 1547788.164003909999824
11099153.195709629166537 1547788.462589847499780
11099153.195709629166537 1547788.761175784999736
11099153.195709629166537 1547789.059761722499692
11099153.195709629166537 1547789.358347659999648
11099153.494290358333074 1547784.282386722500396
11099153.494290358333074 1547784.580972660000352
11099153.494290358333074 1547784.879558597500308
11099153.494290358333074 1547785.178144535000264
11099153.494290358333074 1547785.476730472500220
11099153.494290358333074 1547785.775316410000176
11099153.494290358333074 1547786.073902347500132
11099153.494290358333074 1547786.372488285000088
11099153.494290358333074 1547786.671074222500044
11099153.494290358333074 1547786.969660160000000
11099153.494290358333074 1547787.268246097499956
11099153.494290358333074 1547787.566832034999912
11099153.494290358333074 1547787.865417972499868
11099153.494290358333074 1547788.164003909999824
11099153.494290358333074 1547788.462589847499780
11099153.494290358333074 1547788.761175784999736
11099153.494290358333074 1547789.059761722499692
11099153.494290358333074 1547789.358347659999648
11099153.792871087499611 1547784.282386722500396
11099153.792871087499611 1547784.580972660000352
11099153.792871087499611 1547784.879558597500308
11099153.792871087499611 1547785.178144535000264
11099153.792871087499611 1547785.476730472500220
11099153.792871087499611 1547785.775316410000176
11099153.792871087499611 1547786.073902347500132
11099153.792871087499611 1547786.372488285000088
11099153.792871087499611 1547786.671074222500044
11099153.792871087499611 1547786.969660160000000
11099153.792871087499611 1547787.268246097499956
11099153.792871087499611 1547787.566832034999912
11099153.792871087499611 1547787.865417972499868
11099153.792871087499611 1547788.164003909999824
11099153.792871087499611 1547788.462589847499780
11099153.792871087499611 1547788.761175784999736
11099153.792871087499611 1547789.059761722499692
11099153.792871087499611 1547789.358347659999648
11099154.091451816666148 1547784.282386722500396
11099154.091451816666148 1547784.580972660000352
11099154.091451816666148 1547784.879558597500308
11099154.091451816666148 1547785.178144535000264
11099154.091451816666148 1547785.476730472500220
11099154.091451816666148 1547785.775316410000176
11099154.091451816666148 1547786.073902347500132
11099154.091451816666148 1547786.372488285000088
11099154.091451816666148 1547786.671074222500044
11099154.091451816666148 1547786.969660160000000
11099154.091451816666148 1547787.268246097499956
11099154.091451816666148 1547787.566832034999912
11099154.091451816666148 1547787.865417972499868
11099154.091451816666148 1547788.164003909999824
11099154.091451816666148 1547788.462589847499780
11099154.091451816666148 1547788.761175784999736
11099154.091451816666148 1547789.059761722499692
11099154.091451816666148 1547789.358347659999648
11099154.390032545832685 1547784.282386722500396
11099154.390032545832685 1547784.580972660000352
11099154.390032545832685 1547784.879558597500308
11099154.390032545832685 1547785.178144535000264
11099154.390032545832685 1547785.476730472500220
11099154.390032545832685 1547785.775316410000176
11099154.390032545832685 1547786.073902347500132
11099154.390032545832685 1547786.372488285000088
11099154.390032545832685 1547786.671074222500044
11099154.390032545832685 1547786.969660160000000
11099154.390032545832685 1547787.268246097499956
11099154.390032545832685 1547787.566832034999912
11099154.390032545832685 1547787.865417972499868
11099154.390032545832685 1547788.164003909999824
11099154.390032545832685 1547788.462589847499780
11099154.390032545832685 1547788.761175784999736
11099154.390032545832685 1547789.059761722499692
11099154.390032545832685 1547789.358347659999648
11099154.688613274999222 1547784.282386722500396
11099154.688613274999222 1547784.580972660000352
11099154.688613274999222 1547784.879558597500308
11099154.688613274999222 1547785.178144535000264
11099154.688613274999222 1547785.476730472500220
11099154.688613274999222 1547785.775316410000176
11099154.688613274999222 1547786.073902347500132
11099154.688613274999222 1547786.372488285000088
11099154.688613274999222 1547786.671074222500044
11099154.688613274999222 1547786.969660160000000
11099154.688613274999222 1547787.268246097499956
11099154.688613274999222 1547787.566832034999912
11099154.688613274999222 1547787.865417972499868
11099154.688613274999222 1547788.164003909999824
11099154.688613274999222 1547788.462589847499780
11099154.688613274999222 1547788.761175784999736
11099154.688613274999222 1547789.059761722499692
11099154.688613274999222 1547789.358347659999648
11099154.987194004165759 1547784.282386722500396
11099154.987194004165759 1547784.580972660000352
11099154.987194004165759 1547784.879558597500308
11099154.987194004165759 1547785.178144535000264
11099154.987194004165759 1547785.476730472500220
11099154.987194004165759 1547785.775316410000176
11099154.987194004165759 1547786.073902347500132
11099154.987194004165759 1547786.372488285000088
11099154.987194004165759 1547786.671074222500044
11099154.987194004165759 1547786.969660160000000
11099154.987194004165759 1547787.268246097499956
11099154.987194004165759 1547787.566832034999912
11099154.987194004165759 1547787.865417972499868
11099154.987194004165759 1547788.164003909999824
11099154.987194004165759 1547788.462589847499780
11099154.987194004165759 1547788.761175784999736
11099154.987194004165759 1547789.059761722499692
11099154.987194004165759 1547789.358347659999648
11099155.285774733332296 1547784.282386722500396
11099155.285774733332296 1547784.580972660000352
11099155.285774733332296 1547784.879558597500308
11099155.285774733332296 1547785.178144535000264
11099155.285774733332296 1547785.476730472500220
11099155.285774733332296 1547785.775316410000176
11099155.285774733332296 1547786.073902347500132
11099155.285774733332296 1547786.372488285000088
11099155.285774733332296 1547786.671074222500044
11099155.285774733332296 1547786.969660160000000
11099155.285774733332296 1547787.268246097499956
11099155.285774733332296 1547787.566832034999912
11099155.285774733332296 1547787.865417972499868
11099155.285774733332296 1547788.164003909999824
11099155.285774733332296 1547788.462589847499780
11099155.285774733332296 1547788.761175784999736
11099155.285774733332296 1547789.059761722499692
11099155.285774733332296 1547789.358347659999648
