11099131.996477837501167 1547669.625386722500396
11099131.996477837501167 1547669.923972660000352
11099131.996477837501167 1547670.222558597500308
11099131.996477837501167 1547670.521144535000264
11099131.996477837501167 1547670.819730472500220
11099131.996477837501167 1547671.118316410000176
11099131.996477837501167 1547671.416902347500132
11099131.996477837501167 1547671.715488285000088
11099131.996477837501167 1547672.014074222500044
11099131.996477837501167 1547672.312660160000000
11099131.996477837501167 1547672.611246097499956
11099131.996477837501167 1547672.909832034999912
11099131.996477837501167 1547673.208417972499868
11099131.996477837501167 1547673.507003909999824
11099131.996477837501167 1547673.805589847499780
11099131.996477837501167 1547674.104175784999736
11099131.996477837501167 1547674.402761722499692
11099131.996477837501167 1547674.701347659999648
11099132.295058566667704 1547669.625386722500396
11099132.295058566667704 1547669.923972660000352
11099132.295058566667704 1547670.222558597500308
11099132.295058566667704 1547670.521144535000264
11099132.295058566667704 1547670.819730472500220
11099132.295058566667704 1547671.118316410000176
11099132.295058566667704 1547671.416902347500132
11099132.295058566667704 1547671.715488285000088
11099132.295058566667704 1547672.014074222500044
11099132.295058566667704 1547672.312660160000000
11099132.295058566667704 1547672.611246097499956
11099132.295058566667704 1547672.909832034999912
11099132.295058566667704 1547673.208417972499868
11099132.295058566667704 1547673.507003909999824
11099132.295058566667704 1547673.805589847499780
11099132.295058566667704 1547674.104175784999736
11099132.295058566667704 1547674.402761722499692
11099132.295058566667704 1547674.701347659999648
11099132.593639295834241 1547669.625386722500396
11099132.593639295834241 1547669.923972660000352
11099132.593639295834241 1547670.222558597500308
11099132.593639295834241 1547670.521144535000264
11099132.593639295834241 1547670.819730472500220
11099132.593639295834241 1547671.118316410000176
11099132.593639295834241 1547671.416902347500132
11099132.593639295834241 1547671.715488285000088
11099132.593639295834241 1547672.014074222500044
11099132.593639295834241 1547672.312660160000000
11099132.593639295834241 1547672.611246097499956
11099132.593639295834241 1547672.909832034999912
11099132.593639295834241 1547673.208417972499868
11099132.593639295834241 1547673.507003909999824
11099132.593639295834241 1547673.805589847499780
11099132.593639295834241 1547674.104175784999736
11099132.593639295834241 1547674.402761722499692
11099132.593639295834241 1547674.701347659999648
11099132.892220025000778 1547669.625386722500396
11099132.892220025000778 1547669.923972660000352
11099132.892220025000778 1547670.222558597500308
11099132.892220025000778 1547670.521144535000264
11099132.892220025000778 1547670.819730472500220
11099132.892220025000778 1547671.118316410000176
11099132.892220025000778 1547671.416902347500132
11099132.892220025000778 1547671.715488285000088
11099132.892220025000778 1547672.014074222500044
11099132.892220025000778 1547672.312660160000000
11099132.892220025000778 1547672.611246097499956
11099132.892220025000778 1547672.909832034999912
11099132.892220025000778 1547673.208417972499868
11099132.892220025000778 1547673.507003909999824
11099132.892220025000778 1547673.805589847499780
11099132.892220025000778 1547674.104175784999736
11099132.892220025000778 1547674.402761722499692
11099132.892220025000778 1547674.701347659999648
11099133.190800754167315 1547669.625386722500396
11099133.190800754167315 1547669.923972660000352
11099133.190800754167315 1547670.222558597500308
11099133.190800754167315 1547670.521144535000264
11099133.190800754167315 1547670.819730472500220
11099133.190800754167315 1547671.118316410000176
11099133.190800754167315 1547671.416902347500132
11099133.190800754167315 1547671.715488285000088
11099133.190800754167315 1547672.014074222500044
11099133.190800754167315 1547672.312660160000000
11099133.190800754167315 1547672.611246097499956
11099133.190800754167315 1547672.909832034999912
11099133.190800754167315 1547673.208417972499868
11099133.190800754167315 1547673.507003909999824
11099133.190800754167315 1547673.805589847499780
11099133.190800754167315 1547674.104175784999736
11099133.190800754167315 1547674.402761722499692
11099133.190800754167315 1547674.701347659999648
11099133.489381483333852 1547669.625386722500396
11099133.489381483333852 1547669.923972660000352
11099133.489381483333852 1547670.222558597500308
11099133.489381483333852 1547670.521144535000264
11099133.489381483333852 1547670.819730472500220
11099133.489381483333852 1547671.118316410000176
11099133.489381483333852 1547671.416902347500132
11099133.489381483333852 1547671.715488285000088
11099133.489381483333852 1547672.014074222500044
11099133.489381483333852 1547672.312660160000000
11099133.489381483333852 1547672.611246097499956
11099133.489381483333852 1547672.909832034999912
11099133.489381483333852 1547673.208417972499868
11099133.489381483333852 1547673.507003909999824
11099133.489381483333852 1547673.805589847499780
11099133.489381483333852 1547674.104175784999736
11099133.489381483333852 1547674.402761722499692
11099133.489381483333852 1547674.701347659999648
11099133.787962212500389 1547669.625386722500396
11099133.787962212500389 1547669.923972660000352
11099133.787962212500389 1547670.222558597500308
11099133.787962212500389 1547670.521144535000264
11099133.787962212500389 1547670.819730472500220
11099133.787962212500389 1547671.118316410000176
11099133.787962212500389 1547671.416902347500132
11099133.787962212500389 1547671.715488285000088
11099133.787962212500389 1547672.014074222500044
11099133.787962212500389 1547672.312660160000000
11099133.787962212500389 1547672.611246097499956
11099133.787962212500389 1547672.909832034999912
11099133.787962212500389 1547673.208417972499868
11099133.787962212500389 1547673.507003909999824
11099133.787962212500389 1547673.805589847499780
11099133.787962212500389 1547674.104175784999736
11099133.787962212500389 1547674.402761722499692
11099133.787962212500389 1547674.701347659999648
11099134.086542941666926 1547669.625386722500396
11099134.086542941666926 1547669.923972660000352
11099134.086542941666926 1547670.222558597500308
11099134.086542941666926 1547670.521144535000264
11099134.086542941666926 1547670.819730472500220
11099134.086542941666926 1547671.118316410000176
11099134.086542941666926 1547671.416902347500132
11099134.086542941666926 1547671.715488285000088
11099134.086542941666926 1547672.014074222500044
11099134.086542941666926 1547672.312660160000000
11099134.086542941666926 1547672.611246097499956
11099134.086542941666926 1547672.909832034999912
11099134.086542941666926 1547673.208417972499868
11099134.086542941666926 1547673.507003909999824
11099134.086542941666926 1547673.805589847499780
11099134.086542941666926 1547674.104175784999736
11099134.086542941666926 1547674.402761722499692
11099134.086542941666926 1547674.701347659999648
11099134.385123670833463 1547669.625386722500396
11099134.385123670833463 1547669.923972660000352
11099134.385123670833463 1547670.222558597500308
11099134.385123670833463 1547670.521144535000264
11099134.385123670833463 1547670.819730472500220
11099134.385123670833463 1547671.118316410000176
11099134.385123670833463 1547671.416902347500132
11099134.385123670833463 1547671.715488285000088
11099134.385123670833463 1547672.014074222500044
11099134.385123670833463 1547672.312660160000000
11099134.385123670833463 1547672.611246097499956
11099134.385123670833463 1547672.909832034999912
11099134.385123670833463 1547673.208417972499868
11099134.385123670833463 1547673.507003909999824
11099134.385123670833463 1547673.805589847499780
11099134.385123670833463 1547674.104175784999736
11099134.385123670833463 1547674.402761722499692
11099134.385123670833463 1547674.701347659999648
11099134.683704400000000 1547669.625386722500396
11099134.683704400000000 1547669.923972660000352
11099134.683704400000000 1547670.222558597500308
11099134.683704400000000 1547670.521144535000264
11099134.683704400000000 1547670.819730472500220
11099134.683704400000000 1547671.118316410000176
11099134.683704400000000 1547671.416902347500132
11099134.683704400000000 1547671.715488285000088
11099134.683704400000000 1547672.014074222500044
11099134.683704400000000 1547672.312660160000000
11099134.683704400000000 1547672.611246097499956
11099134.683704400000000 1547672.909832034999912
11099134.683704400000000 1547673.208417972499868
11099134.683704400000000 1547673.507003909999824
11099134.683704400000000 1547673.805589847499780
11099134.683704400000000 1547674.104175784999736
11099134.683704400000000 1547674.402761722499692
11099134.683704400000000 1547674.701347659999648
11099134.982285129166537 1547669.625386722500396
11099134.982285129166537 1547669.923972660000352
11099134.982285129166537 1547670.222558597500308
11099134.982285129166537 1547670.521144535000264
11099134.982285129166537 1547670.819730472500220
11099134.982285129166537 1547671.118316410000176
11099134.982285129166537 1547671.416902347500132
11099134.982285129166537 1547671.715488285000088
11099134.982285129166537 1547672.014074222500044
11099134.982285129166537 1547672.312660160000000
11099134.982285129166537 1547672.611246097499956
11099134.982285129166537 1547672.909832034999912
11099134.982285129166537 1547673.208417972499868
11099134.982285129166537 1547673.507003909999824
11099134.982285129166537 1547673.805589847499780
11099134.982285129166537 1547674.104175784999736
11099134.982285129166537 1547674.402761722499692
11099134.982285129166537 1547674.701347659999648
11099135.280865858333074 1547669.625386722500396
11099135.280865858333074 1547669.923972660000352
11099135.280865858333074 1547670.222558597500308
11099135.280865858333074 1547670.521144535000264
11099135.280865858333074 1547670.819730472500220
11099135.280865858333074 1547671.118316410000176
11099135.280865858333074 1547671.416902347500132
11099135.280865858333074 1547671.715488285000088
11099135.280865858333074 1547672.014074222500044
11099135.280865858333074 1547672.312660160000000
11099135.280865858333074 1547672.611246097499956
11099135.280865858333074 1547672.909832034999912
11099135.280865858333074 1547673.208417972499868
11099135.280865858333074 1547673.507003909999824
11099135.280865858333074 1547673.805589847499780
11099135.280865858333074 1547674.104175784999736
11099135.280865858333074 1547674.402761722499692
11099135.280865858333074 1547674.701347659999648
11099135.579446587499611 1547669.625386722500396
11099135.579446587499611 1547669.923972660000352
11099135.579446587499611 1547670.222558597500308
11099135.579446587499611 1547670.521144535000264
11099135.579446587499611 1547670.819730472500220
11099135.579446587499611 1547671.118316410000176
11099135.579446587499611 1547671.416902347500132
11099135.579446587499611 1547671.715488285000088
11099135.579446587499611 1547672.014074222500044
11099135.579446587499611 1547672.312660160000000
11099135.579446587499611 1547672.611246097499956
11099135.579446587499611 1547672.909832034999912
11099135.579446587499611 1547673.208417972499868
11099135.579446587499611 1547673.507003909999824
11099135.579446587499611 1547673.805589847499780
11099135.579446587499611 1547674.104175784999736
11099135.579446587499611 1547674.402761722499692
11099135.579446587499611 1547674.701347659999648
11099135.878027316666148 1547669.625386722500396
11099135.878027316666148 1547669.923972660000352
11099135.878027316666148 1547670.222558597500308
11099135.878027316666148 1547670.521144535000264
11099135.878027316666148 1547670.819730472500220
11099135.878027316666148 1547671.118316410000176
11099135.878027316666148 1547671.416902347500132
11099135.878027316666148 1547671.715488285000088
11099135.878027316666148 1547672.014074222500044
11099135.878027316666148 1547672.312660160000000
11099135.878027316666148 1547672.611246097499956
11099135.878027316666148 1547672.909832034999912
11099135.878027316666148 1547673.208417972499868
11099135.878027316666148 1547673.507003909999824
11099135.878027316666148 1547673.805589847499780
11099135.878027316666148 1547674.104175784999736
11099135.878027316666148 1547674.402761722499692
11099135.878027316666148 1547674.701347659999648
11099136.176608045832685 1547669.625386722500396
11099136.176608045832685 1547669.923972660000352
11099136.176608045832685 1547670.222558597500308
11099136.176608045832685 1547670.521144535000264
11099136.176608045832685 1547670.819730472500220
11099136.176608045832685 1547671.118316410000176
11099136.176608045832685 1547671.416902347500132
11099136.176608045832685 1547671.715488285000088
11099136.176608045832685 1547672.014074222500044
11099136.176608045832685 1547672.312660160000000
11099136.176608045832685 1547672.611246097499956
11099136.176608045832685 1547672.909832034999912
11099136.176608045832685 1547673.208417972499868
11099136.176608045832685 1547673.507003909999824
11099136.176608045832685 1547673.805589847499780
11099136.176608045832685 1547674.104175784999736
11099136.176608045832685 1547674.402761722499692
11099136.176608045832685 1547674.701347659999648
11099136.475188774999222 1547669.625386722500396
11099136.475188774999222 1547669.923972660000352
11099136.475188774999222 1547670.222558597500308
11099136.475188774999222 1547670.521144535000264
11099136.475188774999222 1547670.819730472500220
11099136.475188774999222 1547671.118316410000176
11099136.475188774999222 1547671.416902347500132
11099136.475188774999222 1547671.715488285000088
11099136.475188774999222 1547672.014074222500044
11099136.475188774999222 1547672.312660160000000
11099136.475188774999222 1547672.611246097499956
11099136.475188774999222 1547672.909832034999912
11099136.475188774999222 1547673.208417972499868
11099136.475188774999222 1547673.507003909999824
11099136.475188774999222 1547673.805589847499780
11099136.475188774999222 1547674.104175784999736
11099136.475188774999222 1547674.402761722499692
11099136.475188774999222 1547674.701347659999648
11099136.773769504165759 1547669.625386722500396
11099136.773769504165759 1547669.923972660000352
11099136.773769504165759 1547670.222558597500308
11099136.773769504165759 1547670.521144535000264
11099136.773769504165759 1547670.819730472500220
11099136.773769504165759 1547671.118316410000176
11099136.773769504165759 1547671.416902347500132
11099136.773769504165759 1547671.715488285000088
11099136.773769504165759 1547672.014074222500044
11099136.773769504165759 1547672.312660160000000
11099136.773769504165759 1547672.611246097499956
11099136.773769504165759 1547672.909832034999912
11099136.773769504165759 1547673.208417972499868
11099136.773769504165759 1547673.507003909999824
11099136.773769504165759 1547673.805589847499780
11099136.773769504165759 1547674.104175784999736
11099136.773769504165759 1547674.402761722499692
11099136.773769504165759 1547674.701347659999648
11099137.072350233332296 1547669.625386722500396
11099137.072350233332296 1547669.923972660000352
11099137.072350233332296 1547670.222558597500308
11099137.072350233332296 1547670.521144535000264
11099137.072350233332296 1547670.819730472500220
11099137.072350233332296 1547671.118316410000176
11099137.072350233332296 1547671.416902347500132
11099137.072350233332296 1547671.715488285000088
11099137.072350233332296 1547672.014074222500044
11099137.072350233332296 1547672.312660160000000
11099137.072350233332296 1547672.611246097499956
11099137.072350233332296 1547672.909832034999912
11099137.072350233332296 1547673.208417972499868
11099137.072350233332296 1547673.507003909999824
11099137.072350233332296 1547673.805589847499780
11099137.072350233332296 1547674.104175784999736
11099137.072350233332296 1547674.402761722499692
11099137.072350233332296 1547674.701347659999648
