11099297.111621137501167 1547545.712222652500396
11099297.111621137501167 1547546.010808590000352
11099297.111621137501167 1547546.309394527500308
11099297.111621137501167 1547546.607980465000264
11099297.111621137501167 1547546.906566402500220
11099297.111621137501167 1547547.205152340000176
11099297.111621137501167 1547547.503738277500132
11099297.111621137501167 1547547.802324215000088
11099297.111621137501167 1547548.100910152500044
11099297.111621137501167 1547548.399496090000000
11099297.111621137501167 1547548.698082027499956
11099297.111621137501167 1547548.996667964999912
11099297.111621137501167 1547549.295253902499868
11099297.111621137501167 1547549.593839839999824
11099297.111621137501167 1547549.892425777499780
11099297.111621137501167 1547550.191011714999736
11099297.111621137501167 1547550.489597652499692
11099297.111621137501167 1547550.788183589999648
11099297.410201866667704 1547545.712222652500396
11099297.410201866667704 1547546.010808590000352
11099297.410201866667704 1547546.309394527500308
11099297.410201866667704 1547546.607980465000264
11099297.410201866667704 1547546.906566402500220
11099297.410201866667704 1547547.205152340000176
11099297.410201866667704 1547547.503738277500132
11099297.410201866667704 1547547.802324215000088
11099297.410201866667704 1547548.100910152500044
11099297.410201866667704 1547548.399496090000000
11099297.410201866667704 1547548.698082027499956
11099297.410201866667704 1547548.996667964999912
11099297.410201866667704 1547549.295253902499868
11099297.410201866667704 1547549.593839839999824
11099297.410201866667704 1547549.892425777499780
11099297.410201866667704 1547550.191011714999736
11099297.410201866667704 1547550.489597652499692
11099297.410201866667704 1547550.788183589999648
11099297.708782595834241 1547545.712222652500396
11099297.708782595834241 1547546.010808590000352
11099297.708782595834241 1547546.309394527500308
11099297.708782595834241 1547546.607980465000264
11099297.708782595834241 1547546.906566402500220
11099297.708782595834241 1547547.205152340000176
11099297.708782595834241 1547547.503738277500132
11099297.708782595834241 1547547.802324215000088
11099297.708782595834241 1547548.100910152500044
11099297.708782595834241 1547548.399496090000000
11099297.708782595834241 1547548.698082027499956
11099297.708782595834241 1547548.996667964999912
11099297.708782595834241 1547549.295253902499868
11099297.708782595834241 1547549.593839839999824
11099297.708782595834241 1547549.892425777499780
11099297.708782595834241 1547550.191011714999736
11099297.708782595834241 1547550.489597652499692
11099297.708782595834241 1547550.788183589999648
11099298.007363325000778 1547545.712222652500396
11099298.007363325000778 1547546.010808590000352
11099298.007363325000778 1547546.309394527500308
11099298.007363325000778 1547546.607980465000264
11099298.007363325000778 1547546.906566402500220
11099298.007363325000778 1547547.205152340000176
11099298.007363325000778 1547547.503738277500132
11099298.007363325000778 1547547.802324215000088
11099298.007363325000778 1547548.100910152500044
11099298.007363325000778 1547548.399496090000000
11099298.007363325000778 1547548.698082027499956
11099298.007363325000778 1547548.996667964999912
11099298.007363325000778 1547549.295253902499868
11099298.007363325000778 1547549.593839839999824
11099298.007363325000778 1547549.892425777499780
11099298.007363325000778 1547550.191011714999736
11099298.007363325000778 1547550.489597652499692
11099298.007363325000778 1547550.788183589999648
11099298.305944054167315 1547545.712222652500396
11099298.305944054167315 1547546.010808590000352
11099298.305944054167315 1547546.309394527500308
11099298.305944054167315 1547546.607980465000264
11099298.305944054167315 1547546.906566402500220
11099298.305944054167315 1547547.205152340000176
11099298.305944054167315 1547547.503738277500132
11099298.305944054167315 1547547.802324215000088
11099298.305944054167315 1547548.100910152500044
11099298.305944054167315 1547548.399496090000000
11099298.305944054167315 1547548.698082027499956
11099298.305944054167315 1547548.996667964999912
11099298.305944054167315 1547549.295253902499868
11099298.305944054167315 1547549.593839839999824
11099298.305944054167315 1547549.892425777499780
11099298.305944054167315 1547550.191011714999736
11099298.305944054167315 1547550.489597652499692
11099298.305944054167315 1547550.788183589999648
11099298.604524783333852 1547545.712222652500396
11099298.604524783333852 1547546.010808590000352
11099298.604524783333852 1547546.309394527500308
11099298.604524783333852 1547546.607980465000264
11099298.604524783333852 1547546.906566402500220
11099298.604524783333852 1547547.205152340000176
11099298.604524783333852 1547547.503738277500132
11099298.604524783333852 1547547.802324215000088
11099298.604524783333852 1547548.100910152500044
11099298.604524783333852 1547548.399496090000000
11099298.604524783333852 1547548.698082027499956
11099298.604524783333852 1547548.996667964999912
11099298.604524783333852 1547549.295253902499868
11099298.604524783333852 1547549.593839839999824
11099298.604524783333852 1547549.892425777499780
11099298.604524783333852 1547550.191011714999736
11099298.604524783333852 1547550.489597652499692
11099298.604524783333852 1547550.788183589999648
11099298.903105512500389 1547545.712222652500396
11099298.903105512500389 1547546.010808590000352
11099298.903105512500389 1547546.309394527500308
11099298.903105512500389 1547546.607980465000264
11099298.903105512500389 1547546.906566402500220
11099298.903105512500389 1547547.205152340000176
11099298.903105512500389 1547547.503738277500132
11099298.903105512500389 1547547.802324215000088
11099298.903105512500389 1547548.100910152500044
11099298.903105512500389 1547548.399496090000000
11099298.903105512500389 1547548.698082027499956
11099298.903105512500389 1547548.996667964999912
11099298.903105512500389 1547549.295253902499868
11099298.903105512500389 1547549.593839839999824
11099298.903105512500389 1547549.892425777499780
11099298.903105512500389 1547550.191011714999736
11099298.903105512500389 1547550.489597652499692
11099298.903105512500389 1547550.788183589999648
11099299.201686241666926 1547545.712222652500396
11099299.201686241666926 1547546.010808590000352
11099299.201686241666926 1547546.309394527500308
11099299.201686241666926 1547546.607980465000264
11099299.201686241666926 1547546.906566402500220
11099299.201686241666926 1547547.205152340000176
11099299.201686241666926 1547547.503738277500132
11099299.201686241666926 1547547.802324215000088
11099299.201686241666926 1547548.100910152500044
11099299.201686241666926 1547548.399496090000000
11099299.201686241666926 1547548.698082027499956
11099299.201686241666926 1547548.996667964999912
11099299.201686241666926 1547549.295253902499868
11099299.201686241666926 1547549.593839839999824
11099299.201686241666926 1547549.892425777499780
11099299.201686241666926 1547550.191011714999736
11099299.201686241666926 1547550.489597652499692
11099299.201686241666926 1547550.788183589999648
11099299.500266970833463 1547545.712222652500396
11099299.500266970833463 1547546.010808590000352
11099299.500266970833463 1547546.309394527500308
11099299.500266970833463 1547546.607980465000264
11099299.500266970833463 1547546.906566402500220
11099299.500266970833463 1547547.205152340000176
11099299.500266970833463 1547547.503738277500132
11099299.500266970833463 1547547.802324215000088
11099299.500266970833463 1547548.100910152500044
11099299.500266970833463 1547548.399496090000000
11099299.500266970833463 1547548.698082027499956
11099299.500266970833463 1547548.996667964999912
11099299.500266970833463 1547549.295253902499868
11099299.500266970833463 1547549.593839839999824
11099299.500266970833463 1547549.892425777499780
11099299.500266970833463 1547550.191011714999736
11099299.500266970833463 1547550.489597652499692
11099299.500266970833463 1547550.788183589999648
11099299.798847700000000 1547545.712222652500396
11099299.798847700000000 1547546.010808590000352
11099299.798847700000000 1547546.309394527500308
11099299.798847700000000 1547546.607980465000264
11099299.798847700000000 1547546.906566402500220
11099299.798847700000000 1547547.205152340000176
11099299.798847700000000 1547547.503738277500132
11099299.798847700000000 1547547.802324215000088
11099299.798847700000000 1547548.100910152500044
11099299.798847700000000 1547548.399496090000000
11099299.798847700000000 1547548.698082027499956
11099299.798847700000000 1547548.996667964999912
11099299.798847700000000 1547549.295253902499868
11099299.798847700000000 1547549.593839839999824
11099299.798847700000000 1547549.892425777499780
11099299.798847700000000 1547550.191011714999736
11099299.798847700000000 1547550.489597652499692
11099299.798847700000000 1547550.788183589999648
11099300.097428429166537 1547545.712222652500396
11099300.097428429166537 1547546.010808590000352
11099300.097428429166537 1547546.309394527500308
11099300.097428429166537 1547546.607980465000264
11099300.097428429166537 1547546.906566402500220
11099300.097428429166537 1547547.205152340000176
11099300.097428429166537 1547547.503738277500132
11099300.097428429166537 1547547.802324215000088
11099300.097428429166537 1547548.100910152500044
11099300.097428429166537 1547548.399496090000000
11099300.097428429166537 1547548.698082027499956
11099300.097428429166537 1547548.996667964999912
11099300.097428429166537 1547549.295253902499868
11099300.097428429166537 1547549.593839839999824
11099300.097428429166537 1547549.892425777499780
11099300.097428429166537 1547550.191011714999736
11099300.097428429166537 1547550.489597652499692
11099300.097428429166537 1547550.788183589999648
11099300.396009158333074 1547545.712222652500396
11099300.396009158333074 1547546.010808590000352
11099300.396009158333074 1547546.309394527500308
11099300.396009158333074 1547546.607980465000264
11099300.396009158333074 1547546.906566402500220
11099300.396009158333074 1547547.205152340000176
11099300.396009158333074 1547547.503738277500132
11099300.396009158333074 1547547.802324215000088
11099300.396009158333074 1547548.100910152500044
11099300.396009158333074 1547548.399496090000000
11099300.396009158333074 1547548.698082027499956
11099300.396009158333074 1547548.996667964999912
11099300.396009158333074 1547549.295253902499868
11099300.396009158333074 1547549.593839839999824
11099300.396009158333074 1547549.892425777499780
11099300.396009158333074 1547550.191011714999736
11099300.396009158333074 1547550.489597652499692
11099300.396009158333074 1547550.788183589999648
11099300.694589887499611 1547545.712222652500396
11099300.694589887499611 1547546.010808590000352
11099300.694589887499611 1547546.309394527500308
11099300.694589887499611 1547546.607980465000264
11099300.694589887499611 1547546.906566402500220
11099300.694589887499611 1547547.205152340000176
11099300.694589887499611 1547547.503738277500132
11099300.694589887499611 1547547.802324215000088
11099300.694589887499611 1547548.100910152500044
11099300.694589887499611 1547548.399496090000000
11099300.694589887499611 1547548.698082027499956
11099300.694589887499611 1547548.996667964999912
11099300.694589887499611 1547549.295253902499868
11099300.694589887499611 1547549.593839839999824
11099300.694589887499611 1547549.892425777499780
11099300.694589887499611 1547550.191011714999736
11099300.694589887499611 1547550.489597652499692
11099300.694589887499611 1547550.788183589999648
11099300.993170616666148 1547545.712222652500396
11099300.993170616666148 1547546.010808590000352
11099300.993170616666148 1547546.309394527500308
11099300.993170616666148 1547546.607980465000264
11099300.993170616666148 1547546.906566402500220
11099300.993170616666148 1547547.205152340000176
11099300.993170616666148 1547547.503738277500132
11099300.993170616666148 1547547.802324215000088
11099300.993170616666148 1547548.100910152500044
11099300.993170616666148 1547548.399496090000000
11099300.993170616666148 1547548.698082027499956
11099300.993170616666148 1547548.996667964999912
11099300.993170616666148 1547549.295253902499868
11099300.993170616666148 1547549.593839839999824
11099300.993170616666148 1547549.892425777499780
11099300.993170616666148 1547550.191011714999736
11099300.993170616666148 1547550.489597652499692
11099300.993170616666148 1547550.788183589999648
11099301.291751345832685 1547545.712222652500396
11099301.291751345832685 1547546.010808590000352
11099301.291751345832685 1547546.309394527500308
11099301.291751345832685 1547546.607980465000264
11099301.291751345832685 1547546.906566402500220
11099301.291751345832685 1547547.205152340000176
11099301.291751345832685 1547547.503738277500132
11099301.291751345832685 1547547.802324215000088
11099301.291751345832685 1547548.100910152500044
11099301.291751345832685 1547548.399496090000000
11099301.291751345832685 1547548.698082027499956
11099301.291751345832685 1547548.996667964999912
11099301.291751345832685 1547549.295253902499868
11099301.291751345832685 1547549.593839839999824
11099301.291751345832685 1547549.892425777499780
11099301.291751345832685 1547550.191011714999736
11099301.291751345832685 1547550.489597652499692
11099301.291751345832685 1547550.788183589999648
11099301.590332074999222 1547545.712222652500396
11099301.590332074999222 1547546.010808590000352
11099301.590332074999222 1547546.309394527500308
11099301.590332074999222 1547546.607980465000264
11099301.590332074999222 1547546.906566402500220
11099301.590332074999222 1547547.205152340000176
11099301.590332074999222 1547547.503738277500132
11099301.590332074999222 1547547.802324215000088
11099301.590332074999222 1547548.100910152500044
11099301.590332074999222 1547548.399496090000000
11099301.590332074999222 1547548.698082027499956
11099301.590332074999222 1547548.996667964999912
11099301.590332074999222 1547549.295253902499868
11099301.590332074999222 1547549.593839839999824
11099301.590332074999222 1547549.892425777499780
11099301.590332074999222 1547550.191011714999736
11099301.590332074999222 1547550.489597652499692
11099301.590332074999222 1547550.788183589999648
11099301.888912804165759 1547545.712222652500396
11099301.888912804165759 1547546.010808590000352
11099301.888912804165759 1547546.309394527500308
11099301.888912804165759 1547546.607980465000264
11099301.888912804165759 1547546.906566402500220
11099301.888912804165759 1547547.205152340000176
11099301.888912804165759 1547547.503738277500132
11099301.888912804165759 1547547.802324215000088
11099301.888912804165759 1547548.100910152500044
11099301.888912804165759 1547548.399496090000000
11099301.888912804165759 1547548.698082027499956
11099301.888912804165759 1547548.996667964999912
11099301.888912804165759 1547549.295253902499868
11099301.888912804165759 1547549.593839839999824
11099301.888912804165759 1547549.892425777499780
11099301.888912804165759 1547550.191011714999736
11099301.888912804165759 1547550.489597652499692
11099301.888912804165759 1547550.788183589999648
11099302.187493533332296 1547545.712222652500396
11099302.187493533332296 1547546.010808590000352
11099302.187493533332296 1547546.309394527500308
11099302.187493533332296 1547546.607980465000264
11099302.187493533332296 1547546.906566402500220
11099302.187493533332296 1547547.205152340000176
11099302.187493533332296 1547547.503738277500132
11099302.187493533332296 1547547.802324215000088
11099302.187493533332296 1547548.100910152500044
11099302.187493533332296 1547548.399496090000000
11099302.187493533332296 1547548.698082027499956
11099302.187493533332296 1547548.996667964999912
11099302.187493533332296 1547549.295253902499868
11099302.187493533332296 1547549.593839839999824
11099302.187493533332296 1547549.892425777499780
11099302.187493533332296 1547550.191011714999736
11099302.187493533332296 1547550.489597652499692
11099302.187493533332296 1547550.788183589999648
