11099305.471881537501167 1547813.842394532500396
11099305.471881537501167 1547814.140980470000352
11099305.471881537501167 1547814.439566407500308
11099305.471881537501167 1547814.738152345000264
11099305.471881537501167 1547815.036738282500220
11099305.471881537501167 1547815.335324220000176
11099305.471881537501167 1547815.633910157500132
11099305.471881537501167 1547815.932496095000088
11099305.471881537501167 1547816.231082032500044
11099305.471881537501167 1547816.529667970000000
11099305.471881537501167 1547816.828253907499956
11099305.471881537501167 1547817.126839844999912
11099305.471881537501167 1547817.425425782499868
11099305.471881537501167 1547817.724011719999824
11099305.471881537501167 1547818.022597657499780
11099305.471881537501167 1547818.321183594999736
11099305.471881537501167 1547818.619769532499692
11099305.471881537501167 1547818.918355469999648
11099305.770462266667704 1547813.842394532500396
11099305.770462266667704 1547814.140980470000352
11099305.770462266667704 1547814.439566407500308
11099305.770462266667704 1547814.738152345000264
11099305.770462266667704 1547815.036738282500220
11099305.770462266667704 1547815.335324220000176
11099305.770462266667704 1547815.633910157500132
11099305.770462266667704 1547815.932496095000088
11099305.770462266667704 1547816.231082032500044
11099305.770462266667704 1547816.529667970000000
11099305.770462266667704 1547816.828253907499956
11099305.770462266667704 1547817.126839844999912
11099305.770462266667704 1547817.425425782499868
11099305.770462266667704 1547817.724011719999824
11099305.770462266667704 1547818.022597657499780
11099305.770462266667704 1547818.321183594999736
11099305.770462266667704 1547818.619769532499692
11099305.770462266667704 1547818.918355469999648
11099306.069042995834241 1547813.842394532500396
11099306.069042995834241 1547814.140980470000352
11099306.069042995834241 1547814.439566407500308
11099306.069042995834241 1547814.738152345000264
11099306.069042995834241 1547815.036738282500220
11099306.069042995834241 1547815.335324220000176
11099306.069042995834241 1547815.633910157500132
11099306.069042995834241 1547815.932496095000088
11099306.069042995834241 1547816.231082032500044
11099306.069042995834241 1547816.529667970000000
11099306.069042995834241 1547816.828253907499956
11099306.069042995834241 1547817.126839844999912
11099306.069042995834241 1547817.425425782499868
11099306.069042995834241 1547817.724011719999824
11099306.069042995834241 1547818.022597657499780
11099306.069042995834241 1547818.321183594999736
11099306.069042995834241 1547818.619769532499692
11099306.069042995834241 1547818.918355469999648
11099306.367623725000778 1547813.842394532500396
11099306.367623725000778 1547814.140980470000352
11099306.367623725000778 1547814.439566407500308
11099306.367623725000778 1547814.738152345000264
11099306.367623725000778 1547815.036738282500220
11099306.367623725000778 1547815.335324220000176
11099306.367623725000778 1547815.633910157500132
11099306.367623725000778 1547815.932496095000088
11099306.367623725000778 1547816.231082032500044
11099306.367623725000778 1547816.529667970000000
11099306.367623725000778 1547816.828253907499956
11099306.367623725000778 1547817.126839844999912
11099306.367623725000778 1547817.425425782499868
11099306.367623725000778 1547817.724011719999824
11099306.367623725000778 1547818.022597657499780
11099306.367623725000778 1547818.321183594999736
11099306.367623725000778 1547818.619769532499692
11099306.367623725000778 1547818.918355469999648
11099306.666204454167315 1547813.842394532500396
11099306.666204454167315 1547814.140980470000352
11099306.666204454167315 1547814.439566407500308
11099306.666204454167315 1547814.738152345000264
11099306.666204454167315 1547815.036738282500220
11099306.666204454167315 1547815.335324220000176
11099306.666204454167315 1547815.633910157500132
11099306.666204454167315 1547815.932496095000088
11099306.666204454167315 1547816.231082032500044
11099306.666204454167315 1547816.529667970000000
11099306.666204454167315 1547816.828253907499956
11099306.666204454167315 1547817.126839844999912
11099306.666204454167315 1547817.425425782499868
11099306.666204454167315 1547817.724011719999824
11099306.666204454167315 1547818.022597657499780
11099306.666204454167315 1547818.321183594999736
11099306.666204454167315 1547818.619769532499692
11099306.666204454167315 1547818.918355469999648
11099306.964785183333852 1547813.842394532500396
11099306.964785183333852 1547814.140980470000352
11099306.964785183333852 1547814.439566407500308
11099306.964785183333852 1547814.738152345000264
11099306.964785183333852 1547815.036738282500220
11099306.964785183333852 1547815.335324220000176
11099306.964785183333852 1547815.633910157500132
11099306.964785183333852 1547815.932496095000088
11099306.964785183333852 1547816.231082032500044
11099306.964785183333852 1547816.529667970000000
11099306.964785183333852 1547816.828253907499956
11099306.964785183333852 1547817.126839844999912
11099306.964785183333852 1547817.425425782499868
11099306.964785183333852 1547817.724011719999824
11099306.964785183333852 1547818.022597657499780
11099306.964785183333852 1547818.321183594999736
11099306.964785183333852 1547818.619769532499692
11099306.964785183333852 1547818.918355469999648
11099307.263365912500389 1547813.842394532500396
11099307.263365912500389 1547814.140980470000352
11099307.263365912500389 1547814.439566407500308
11099307.263365912500389 1547814.738152345000264
11099307.263365912500389 1547815.036738282500220
11099307.263365912500389 1547815.335324220000176
11099307.263365912500389 1547815.633910157500132
11099307.263365912500389 1547815.932496095000088
11099307.263365912500389 1547816.231082032500044
11099307.263365912500389 1547816.529667970000000
11099307.263365912500389 1547816.828253907499956
11099307.263365912500389 1547817.126839844999912
11099307.263365912500389 1547817.425425782499868
11099307.263365912500389 1547817.724011719999824
11099307.263365912500389 1547818.022597657499780
11099307.263365912500389 1547818.321183594999736
11099307.263365912500389 1547818.619769532499692
11099307.263365912500389 1547818.918355469999648
11099307.561946641666926 1547813.842394532500396
11099307.561946641666926 1547814.140980470000352
11099307.561946641666926 1547814.439566407500308
11099307.561946641666926 1547814.738152345000264
11099307.561946641666926 1547815.036738282500220
11099307.561946641666926 1547815.335324220000176
11099307.561946641666926 1547815.633910157500132
11099307.561946641666926 1547815.932496095000088
11099307.561946641666926 1547816.231082032500044
11099307.561946641666926 1547816.529667970000000
11099307.561946641666926 1547816.828253907499956
11099307.561946641666926 1547817.126839844999912
11099307.561946641666926 1547817.425425782499868
11099307.561946641666926 1547817.724011719999824
11099307.561946641666926 1547818.022597657499780
11099307.561946641666926 1547818.321183594999736
11099307.561946641666926 1547818.619769532499692
11099307.561946641666926 1547818.918355469999648
11099307.860527370833463 1547813.842394532500396
11099307.860527370833463 1547814.140980470000352
11099307.860527370833463 1547814.439566407500308
11099307.860527370833463 1547814.738152345000264
11099307.860527370833463 1547815.036738282500220
11099307.860527370833463 1547815.335324220000176
11099307.860527370833463 1547815.633910157500132
11099307.860527370833463 1547815.932496095000088
11099307.860527370833463 1547816.231082032500044
11099307.860527370833463 1547816.529667970000000
11099307.860527370833463 1547816.828253907499956
11099307.860527370833463 1547817.126839844999912
11099307.860527370833463 1547817.425425782499868
11099307.860527370833463 1547817.724011719999824
11099307.860527370833463 1547818.022597657499780
11099307.860527370833463 1547818.321183594999736
11099307.860527370833463 1547818.619769532499692
11099307.860527370833463 1547818.918355469999648
11099308.159108100000000 1547813.842394532500396
11099308.159108100000000 1547814.140980470000352
11099308.159108100000000 1547814.439566407500308
11099308.159108100000000 1547814.738152345000264
11099308.159108100000000 1547815.036738282500220
11099308.159108100000000 1547815.335324220000176
11099308.159108100000000 1547815.633910157500132
11099308.159108100000000 1547815.932496095000088
11099308.159108100000000 1547816.231082032500044
11099308.159108100000000 1547816.529667970000000
11099308.159108100000000 1547816.828253907499956
11099308.159108100000000 1547817.126839844999912
11099308.159108100000000 1547817.425425782499868
11099308.159108100000000 1547817.724011719999824
11099308.159108100000000 1547818.022597657499780
11099308.159108100000000 1547818.321183594999736
11099308.159108100000000 1547818.619769532499692
11099308.159108100000000 1547818.918355469999648
11099308.457688829166537 1547813.842394532500396
11099308.457688829166537 1547814.140980470000352
11099308.457688829166537 1547814.439566407500308
11099308.457688829166537 1547814.738152345000264
11099308.457688829166537 1547815.036738282500220
11099308.457688829166537 1547815.335324220000176
11099308.457688829166537 1547815.633910157500132
11099308.457688829166537 1547815.932496095000088
11099308.457688829166537 1547816.231082032500044
11099308.457688829166537 1547816.529667970000000
11099308.457688829166537 1547816.828253907499956
11099308.457688829166537 1547817.126839844999912
11099308.457688829166537 1547817.425425782499868
11099308.457688829166537 1547817.724011719999824
11099308.457688829166537 1547818.022597657499780
11099308.457688829166537 1547818.321183594999736
11099308.457688829166537 1547818.619769532499692
11099308.457688829166537 1547818.918355469999648
11099308.756269558333074 1547813.842394532500396
11099308.756269558333074 1547814.140980470000352
11099308.756269558333074 1547814.439566407500308
11099308.756269558333074 1547814.738152345000264
11099308.756269558333074 1547815.036738282500220
11099308.756269558333074 1547815.335324220000176
11099308.756269558333074 1547815.633910157500132
11099308.756269558333074 1547815.932496095000088
11099308.756269558333074 1547816.231082032500044
11099308.756269558333074 1547816.529667970000000
11099308.756269558333074 1547816.828253907499956
11099308.756269558333074 1547817.126839844999912
11099308.756269558333074 1547817.425425782499868
11099308.756269558333074 1547817.724011719999824
11099308.756269558333074 1547818.022597657499780
11099308.756269558333074 1547818.321183594999736
11099308.756269558333074 1547818.619769532499692
11099308.756269558333074 1547818.918355469999648
11099309.054850287499611 1547813.842394532500396
11099309.054850287499611 1547814.140980470000352
11099309.054850287499611 1547814.439566407500308
11099309.054850287499611 1547814.738152345000264
11099309.054850287499611 1547815.036738282500220
11099309.054850287499611 1547815.335324220000176
11099309.054850287499611 1547815.633910157500132
11099309.054850287499611 1547815.932496095000088
11099309.054850287499611 1547816.231082032500044
11099309.054850287499611 1547816.529667970000000
11099309.054850287499611 1547816.828253907499956
11099309.054850287499611 1547817.126839844999912
11099309.054850287499611 1547817.425425782499868
11099309.054850287499611 1547817.724011719999824
11099309.054850287499611 1547818.022597657499780
11099309.054850287499611 1547818.321183594999736
11099309.054850287499611 1547818.619769532499692
11099309.054850287499611 1547818.918355469999648
11099309.353431016666148 1547813.842394532500396
11099309.353431016666148 1547814.140980470000352
11099309.353431016666148 1547814.439566407500308
11099309.353431016666148 1547814.738152345000264
11099309.353431016666148 1547815.036738282500220
11099309.353431016666148 1547815.335324220000176
11099309.353431016666148 1547815.633910157500132
11099309.353431016666148 1547815.932496095000088
11099309.353431016666148 1547816.231082032500044
11099309.353431016666148 1547816.529667970000000
11099309.353431016666148 1547816.828253907499956
11099309.353431016666148 1547817.126839844999912
11099309.353431016666148 1547817.425425782499868
11099309.353431016666148 1547817.724011719999824
11099309.353431016666148 1547818.022597657499780
11099309.353431016666148 1547818.321183594999736
11099309.353431016666148 1547818.619769532499692
11099309.353431016666148 1547818.918355469999648
11099309.652011745832685 1547813.842394532500396
11099309.652011745832685 1547814.140980470000352
11099309.652011745832685 1547814.439566407500308
11099309.652011745832685 1547814.738152345000264
11099309.652011745832685 1547815.036738282500220
11099309.652011745832685 1547815.335324220000176
11099309.652011745832685 1547815.633910157500132
11099309.652011745832685 1547815.932496095000088
11099309.652011745832685 1547816.231082032500044
11099309.652011745832685 1547816.529667970000000
11099309.652011745832685 1547816.828253907499956
11099309.652011745832685 1547817.126839844999912
11099309.652011745832685 1547817.425425782499868
11099309.652011745832685 1547817.724011719999824
11099309.652011745832685 1547818.022597657499780
11099309.652011745832685 1547818.321183594999736
11099309.652011745832685 1547818.619769532499692
11099309.652011745832685 1547818.918355469999648
11099309.950592474999222 1547813.842394532500396
11099309.950592474999222 1547814.140980470000352
11099309.950592474999222 1547814.439566407500308
11099309.950592474999222 1547814.738152345000264
11099309.950592474999222 1547815.036738282500220
11099309.950592474999222 1547815.335324220000176
11099309.950592474999222 1547815.633910157500132
11099309.950592474999222 1547815.932496095000088
11099309.950592474999222 1547816.231082032500044
11099309.950592474999222 1547816.529667970000000
11099309.950592474999222 1547816.828253907499956
11099309.950592474999222 1547817.126839844999912
11099309.950592474999222 1547817.425425782499868
11099309.950592474999222 1547817.724011719999824
11099309.950592474999222 1547818.022597657499780
11099309.950592474999222 1547818.321183594999736
11099309.950592474999222 1547818.619769532499692
11099309.950592474999222 1547818.918355469999648
11099310.249173204165759 1547813.842394532500396
11099310.249173204165759 1547814.140980470000352
11099310.249173204165759 1547814.439566407500308
11099310.249173204165759 1547814.738152345000264
11099310.249173204165759 1547815.036738282500220
11099310.249173204165759 1547815.335324220000176
11099310.249173204165759 1547815.633910157500132
11099310.249173204165759 1547815.932496095000088
11099310.249173204165759 1547816.231082032500044
11099310.249173204165759 1547816.529667970000000
11099310.249173204165759 1547816.828253907499956
11099310.249173204165759 1547817.126839844999912
11099310.249173204165759 1547817.425425782499868
11099310.249173204165759 1547817.724011719999824
11099310.249173204165759 1547818.022597657499780
11099310.249173204165759 1547818.321183594999736
11099310.249173204165759 1547818.619769532499692
11099310.249173204165759 1547818.918355469999648
11099310.547753933332296 1547813.842394532500396
11099310.547753933332296 1547814.140980470000352
11099310.547753933332296 1547814.439566407500308
11099310.547753933332296 1547814.738152345000264
11099310.547753933332296 1547815.036738282500220
11099310.547753933332296 1547815.335324220000176
11099310.547753933332296 1547815.633910157500132
11099310.547753933332296 1547815.932496095000088
11099310.547753933332296 1547816.231082032500044
11099310.547753933332296 1547816.529667970000000
11099310.547753933332296 1547816.828253907499956
11099310.547753933332296 1547817.126839844999912
11099310.547753933332296 1547817.425425782499868
11099310.547753933332296 1547817.724011719999824
11099310.547753933332296 1547818.022597657499780
11099310.547753933332296 1547818.321183594999736
11099310.547753933332296 1547818.619769532499692
11099310.547753933332296 1547818.918355469999648
