11099097.361113237501167 1547909.688480472500396
11099097.361113237501167 1547909.987066410000352
11099097.361113237501167 1547910.285652347500308
11099097.361113237501167 1547910.584238285000264
11099097.361113237501167 1547910.882824222500220
11099097.361113237501167 1547911.181410160000176
11099097.361113237501167 1547911.479996097500132
11099097.361113237501167 1547911.778582035000088
11099097.361113237501167 1547912.077167972500044
11099097.361113237501167 1547912.375753910000000
11099097.361113237501167 1547912.674339847499956
11099097.361113237501167 1547912.972925784999912
11099097.361113237501167 1547913.271511722499868
11099097.361113237501167 1547913.570097659999824
11099097.361113237501167 1547913.868683597499780
11099097.361113237501167 1547914.167269534999736
11099097.361113237501167 1547914.465855472499692
11099097.361113237501167 1547914.764441409999648
11099097.659693966667704 1547909.688480472500396
11099097.659693966667704 1547909.987066410000352
11099097.659693966667704 1547910.285652347500308
11099097.659693966667704 1547910.584238285000264
11099097.659693966667704 1547910.882824222500220
11099097.659693966667704 1547911.181410160000176
11099097.659693966667704 1547911.479996097500132
11099097.659693966667704 1547911.778582035000088
11099097.659693966667704 1547912.077167972500044
11099097.659693966667704 1547912.375753910000000
11099097.659693966667704 1547912.674339847499956
11099097.659693966667704 1547912.972925784999912
11099097.659693966667704 1547913.271511722499868
11099097.659693966667704 1547913.570097659999824
11099097.659693966667704 1547913.868683597499780
11099097.659693966667704 1547914.167269534999736
11099097.659693966667704 1547914.465855472499692
11099097.659693966667704 1547914.764441409999648
11099097.958274695834241 1547909.688480472500396
11099097.958274695834241 1547909.987066410000352
11099097.958274695834241 1547910.285652347500308
11099097.958274695834241 1547910.584238285000264
11099097.958274695834241 1547910.882824222500220
11099097.958274695834241 1547911.181410160000176
11099097.958274695834241 1547911.479996097500132
11099097.958274695834241 1547911.778582035000088
11099097.958274695834241 1547912.077167972500044
11099097.958274695834241 1547912.375753910000000
11099097.958274695834241 1547912.674339847499956
11099097.958274695834241 1547912.972925784999912
11099097.958274695834241 1547913.271511722499868
11099097.958274695834241 1547913.570097659999824
11099097.958274695834241 1547913.868683597499780
11099097.958274695834241 1547914.167269534999736
11099097.958274695834241 1547914.465855472499692
11099097.958274695834241 1547914.764441409999648
11099098.256855425000778 1547909.688480472500396
11099098.256855425000778 1547909.987066410000352
11099098.256855425000778 1547910.285652347500308
11099098.256855425000778 1547910.584238285000264
11099098.256855425000778 1547910.882824222500220
11099098.256855425000778 1547911.181410160000176
11099098.256855425000778 1547911.479996097500132
11099098.256855425000778 1547911.778582035000088
11099098.256855425000778 1547912.077167972500044
11099098.256855425000778 1547912.375753910000000
11099098.256855425000778 1547912.674339847499956
11099098.256855425000778 1547912.972925784999912
11099098.256855425000778 1547913.271511722499868
11099098.256855425000778 1547913.570097659999824
11099098.256855425000778 1547913.868683597499780
11099098.256855425000778 1547914.167269534999736
11099098.256855425000778 1547914.465855472499692
11099098.256855425000778 1547914.764441409999648
11099098.555436154167315 1547909.688480472500396
11099098.555436154167315 1547909.987066410000352
11099098.555436154167315 1547910.285652347500308
11099098.555436154167315 1547910.584238285000264
11099098.555436154167315 1547910.882824222500220
11099098.555436154167315 1547911.181410160000176
11099098.555436154167315 1547911.479996097500132
11099098.555436154167315 1547911.778582035000088
11099098.555436154167315 1547912.077167972500044
11099098.555436154167315 1547912.375753910000000
11099098.555436154167315 1547912.674339847499956
11099098.555436154167315 1547912.972925784999912
11099098.555436154167315 1547913.271511722499868
11099098.555436154167315 1547913.570097659999824
11099098.555436154167315 1547913.868683597499780
11099098.555436154167315 1547914.167269534999736
11099098.555436154167315 1547914.465855472499692
11099098.555436154167315 1547914.764441409999648
11099098.854016883333852 1547909.688480472500396
11099098.854016883333852 1547909.987066410000352
11099098.854016883333852 1547910.285652347500308
11099098.854016883333852 1547910.584238285000264
11099098.854016883333852 1547910.882824222500220
11099098.854016883333852 1547911.181410160000176
11099098.854016883333852 1547911.479996097500132
11099098.854016883333852 1547911.778582035000088
11099098.854016883333852 1547912.077167972500044
11099098.854016883333852 1547912.375753910000000
11099098.854016883333852 1547912.674339847499956
11099098.854016883333852 1547912.972925784999912
11099098.854016883333852 1547913.271511722499868
11099098.854016883333852 1547913.570097659999824
11099098.854016883333852 1547913.868683597499780
11099098.854016883333852 1547914.167269534999736
11099098.854016883333852 1547914.465855472499692
11099098.854016883333852 1547914.764441409999648
11099099.152597612500389 1547909.688480472500396
11099099.152597612500389 1547909.987066410000352
11099099.152597612500389 1547910.285652347500308
11099099.152597612500389 1547910.584238285000264
11099099.152597612500389 1547910.882824222500220
11099099.152597612500389 1547911.181410160000176
11099099.152597612500389 1547911.479996097500132
11099099.152597612500389 1547911.778582035000088
11099099.152597612500389 1547912.077167972500044
11099099.152597612500389 1547912.375753910000000
11099099.152597612500389 1547912.674339847499956
11099099.152597612500389 1547912.972925784999912
11099099.152597612500389 1547913.271511722499868
11099099.152597612500389 1547913.570097659999824
11099099.152597612500389 1547913.868683597499780
11099099.152597612500389 1547914.167269534999736
11099099.152597612500389 1547914.465855472499692
11099099.152597612500389 1547914.764441409999648
11099099.451178341666926 1547909.688480472500396
11099099.451178341666926 1547909.987066410000352
11099099.451178341666926 1547910.285652347500308
11099099.451178341666926 1547910.584238285000264
11099099.451178341666926 1547910.882824222500220
11099099.451178341666926 1547911.181410160000176
11099099.451178341666926 1547911.479996097500132
11099099.451178341666926 1547911.778582035000088
11099099.451178341666926 1547912.077167972500044
11099099.451178341666926 1547912.375753910000000
11099099.451178341666926 1547912.674339847499956
11099099.451178341666926 1547912.972925784999912
11099099.451178341666926 1547913.271511722499868
11099099.451178341666926 1547913.570097659999824
11099099.451178341666926 1547913.868683597499780
11099099.451178341666926 1547914.167269534999736
11099099.451178341666926 1547914.465855472499692
11099099.451178341666926 1547914.764441409999648
11099099.749759070833463 1547909.688480472500396
11099099.749759070833463 1547909.987066410000352
11099099.749759070833463 1547910.285652347500308
11099099.749759070833463 1547910.584238285000264
11099099.749759070833463 1547910.882824222500220
11099099.749759070833463 1547911.181410160000176
11099099.749759070833463 1547911.479996097500132
11099099.749759070833463 1547911.778582035000088
11099099.749759070833463 1547912.077167972500044
11099099.749759070833463 1547912.375753910000000
11099099.749759070833463 1547912.674339847499956
11099099.749759070833463 1547912.972925784999912
11099099.749759070833463 1547913.271511722499868
11099099.749759070833463 1547913.570097659999824
11099099.749759070833463 1547913.868683597499780
11099099.749759070833463 1547914.167269534999736
11099099.749759070833463 1547914.465855472499692
11099099.749759070833463 1547914.764441409999648
11099100.048339800000000 1547909.688480472500396
11099100.048339800000000 1547909.987066410000352
11099100.048339800000000 1547910.285652347500308
11099100.048339800000000 1547910.584238285000264
11099100.048339800000000 1547910.882824222500220
11099100.048339800000000 1547911.181410160000176
11099100.048339800000000 1547911.479996097500132
11099100.048339800000000 1547911.778582035000088
11099100.048339800000000 1547912.077167972500044
11099100.048339800000000 1547912.375753910000000
11099100.048339800000000 1547912.674339847499956
11099100.048339800000000 1547912.972925784999912
11099100.048339800000000 1547913.271511722499868
11099100.048339800000000 1547913.570097659999824
11099100.048339800000000 1547913.868683597499780
11099100.048339800000000 1547914.167269534999736
11099100.048339800000000 1547914.465855472499692
11099100.048339800000000 1547914.764441409999648
11099100.346920529166537 1547909.688480472500396
11099100.346920529166537 1547909.987066410000352
11099100.346920529166537 1547910.285652347500308
11099100.346920529166537 1547910.584238285000264
11099100.346920529166537 1547910.882824222500220
11099100.346920529166537 1547911.181410160000176
11099100.346920529166537 1547911.479996097500132
11099100.346920529166537 1547911.778582035000088
11099100.346920529166537 1547912.077167972500044
11099100.346920529166537 1547912.375753910000000
11099100.346920529166537 1547912.674339847499956
11099100.346920529166537 1547912.972925784999912
11099100.346920529166537 1547913.271511722499868
11099100.346920529166537 1547913.570097659999824
11099100.346920529166537 1547913.868683597499780
11099100.346920529166537 1547914.167269534999736
11099100.346920529166537 1547914.465855472499692
11099100.346920529166537 1547914.764441409999648
11099100.645501258333074 1547909.688480472500396
11099100.645501258333074 1547909.987066410000352
11099100.645501258333074 1547910.285652347500308
11099100.645501258333074 1547910.584238285000264
11099100.645501258333074 1547910.882824222500220
11099100.645501258333074 1547911.181410160000176
11099100.645501258333074 1547911.479996097500132
11099100.645501258333074 1547911.778582035000088
11099100.645501258333074 1547912.077167972500044
11099100.645501258333074 1547912.375753910000000
11099100.645501258333074 1547912.674339847499956
11099100.645501258333074 1547912.972925784999912
11099100.645501258333074 1547913.271511722499868
11099100.645501258333074 1547913.570097659999824
11099100.645501258333074 1547913.868683597499780
11099100.645501258333074 1547914.167269534999736
11099100.645501258333074 1547914.465855472499692
11099100.645501258333074 1547914.764441409999648
11099100.944081987499611 1547909.688480472500396
11099100.944081987499611 1547909.987066410000352
11099100.944081987499611 1547910.285652347500308
11099100.944081987499611 1547910.584238285000264
11099100.944081987499611 1547910.882824222500220
11099100.944081987499611 1547911.181410160000176
11099100.944081987499611 1547911.479996097500132
11099100.944081987499611 1547911.778582035000088
11099100.944081987499611 1547912.077167972500044
11099100.944081987499611 1547912.375753910000000
11099100.944081987499611 1547912.674339847499956
11099100.944081987499611 1547912.972925784999912
11099100.944081987499611 1547913.271511722499868
11099100.944081987499611 1547913.570097659999824
11099100.944081987499611 1547913.868683597499780
11099100.944081987499611 1547914.167269534999736
11099100.944081987499611 1547914.465855472499692
11099100.944081987499611 1547914.764441409999648
11099101.242662716666148 1547909.688480472500396
11099101.242662716666148 1547909.987066410000352
11099101.242662716666148 1547910.285652347500308
11099101.242662716666148 1547910.584238285000264
11099101.242662716666148 1547910.882824222500220
11099101.242662716666148 1547911.181410160000176
11099101.242662716666148 1547911.479996097500132
11099101.242662716666148 1547911.778582035000088
11099101.242662716666148 1547912.077167972500044
11099101.242662716666148 1547912.375753910000000
11099101.242662716666148 1547912.674339847499956
11099101.242662716666148 1547912.972925784999912
11099101.242662716666148 1547913.271511722499868
11099101.242662716666148 1547913.570097659999824
11099101.242662716666148 1547913.868683597499780
11099101.242662716666148 1547914.167269534999736
11099101.242662716666148 1547914.465855472499692
11099101.242662716666148 1547914.764441409999648
11099101.541243445832685 1547909.688480472500396
11099101.541243445832685 1547909.987066410000352
11099101.541243445832685 1547910.285652347500308
11099101.541243445832685 1547910.584238285000264
11099101.541243445832685 1547910.882824222500220
11099101.541243445832685 1547911.181410160000176
11099101.541243445832685 1547911.479996097500132
11099101.541243445832685 1547911.778582035000088
11099101.541243445832685 1547912.077167972500044
11099101.541243445832685 1547912.375753910000000
11099101.541243445832685 1547912.674339847499956
11099101.541243445832685 1547912.972925784999912
11099101.541243445832685 1547913.271511722499868
11099101.541243445832685 1547913.570097659999824
11099101.541243445832685 1547913.868683597499780
11099101.541243445832685 1547914.167269534999736
11099101.541243445832685 1547914.465855472499692
11099101.541243445832685 1547914.764441409999648
11099101.839824174999222 1547909.688480472500396
11099101.839824174999222 1547909.987066410000352
11099101.839824174999222 1547910.285652347500308
11099101.839824174999222 1547910.584238285000264
11099101.839824174999222 1547910.882824222500220
11099101.839824174999222 1547911.181410160000176
11099101.839824174999222 1547911.479996097500132
11099101.839824174999222 1547911.778582035000088
11099101.839824174999222 1547912.077167972500044
11099101.839824174999222 1547912.375753910000000
11099101.839824174999222 1547912.674339847499956
11099101.839824174999222 1547912.972925784999912
11099101.839824174999222 1547913.271511722499868
11099101.839824174999222 1547913.570097659999824
11099101.839824174999222 1547913.868683597499780
11099101.839824174999222 1547914.167269534999736
11099101.839824174999222 1547914.465855472499692
11099101.839824174999222 1547914.764441409999648
11099102.138404904165759 1547909.688480472500396
11099102.138404904165759 1547909.987066410000352
11099102.138404904165759 1547910.285652347500308
11099102.138404904165759 1547910.584238285000264
11099102.138404904165759 1547910.882824222500220
11099102.138404904165759 1547911.181410160000176
11099102.138404904165759 1547911.479996097500132
11099102.138404904165759 1547911.778582035000088
11099102.138404904165759 1547912.077167972500044
11099102.138404904165759 1547912.375753910000000
11099102.138404904165759 1547912.674339847499956
11099102.138404904165759 1547912.972925784999912
11099102.138404904165759 1547913.271511722499868
11099102.138404904165759 1547913.570097659999824
11099102.138404904165759 1547913.868683597499780
11099102.138404904165759 1547914.167269534999736
11099102.138404904165759 1547914.465855472499692
11099102.138404904165759 1547914.764441409999648
11099102.436985633332296 1547909.688480472500396
11099102.436985633332296 1547909.987066410000352
11099102.436985633332296 1547910.285652347500308
11099102.436985633332296 1547910.584238285000264
11099102.436985633332296 1547910.882824222500220
11099102.436985633332296 1547911.181410160000176
11099102.436985633332296 1547911.479996097500132
11099102.436985633332296 1547911.778582035000088
11099102.436985633332296 1547912.077167972500044
11099102.436985633332296 1547912.375753910000000
11099102.436985633332296 1547912.674339847499956
11099102.436985633332296 1547912.972925784999912
11099102.436985633332296 1547913.271511722499868
11099102.436985633332296 1547913.570097659999824
11099102.436985633332296 1547913.868683597499780
11099102.436985633332296 1547914.167269534999736
11099102.436985633332296 1547914.465855472499692
11099102.436985633332296 1547914.764441409999648
