11098887.757441437501167 1547740.688839842500396
11098887.757441437501167 1547740.987425780000352
11098887.757441437501167 1547741.286011717500308
11098887.757441437501167 1547741.584597655000264
11098887.757441437501167 1547741.883183592500220
11098887.757441437501167 1547742.181769530000176
11098887.757441437501167 1547742.480355467500132
11098887.757441437501167 1547742.778941405000088
11098887.757441437501167 1547743.077527342500044
11098887.757441437501167 1547743.376113280000000
11098887.757441437501167 1547743.674699217499956
11098887.757441437501167 1547743.973285154999912
11098887.757441437501167 1547744.271871092499868
11098887.757441437501167 1547744.570457029999824
11098887.757441437501167 1547744.869042967499780
11098887.757441437501167 1547745.167628904999736
11098887.757441437501167 1547745.466214842499692
11098887.757441437501167 1547745.764800779999648
11098888.056022166667704 1547740.688839842500396
11098888.056022166667704 1547740.987425780000352
11098888.056022166667704 1547741.286011717500308
11098888.056022166667704 1547741.584597655000264
11098888.056022166667704 1547741.883183592500220
11098888.056022166667704 1547742.181769530000176
11098888.056022166667704 1547742.480355467500132
11098888.056022166667704 1547742.778941405000088
11098888.056022166667704 1547743.077527342500044
11098888.056022166667704 1547743.376113280000000
11098888.056022166667704 1547743.674699217499956
11098888.056022166667704 1547743.973285154999912
11098888.056022166667704 1547744.271871092499868
11098888.056022166667704 1547744.570457029999824
11098888.056022166667704 1547744.869042967499780
11098888.056022166667704 1547745.167628904999736
11098888.056022166667704 1547745.466214842499692
11098888.056022166667704 1547745.764800779999648
11098888.354602895834241 1547740.688839842500396
11098888.354602895834241 1547740.987425780000352
11098888.354602895834241 1547741.286011717500308
11098888.354602895834241 1547741.584597655000264
11098888.354602895834241 1547741.883183592500220
11098888.354602895834241 1547742.181769530000176
11098888.354602895834241 1547742.480355467500132
11098888.354602895834241 1547742.778941405000088
11098888.354602895834241 1547743.077527342500044
11098888.354602895834241 1547743.376113280000000
11098888.354602895834241 1547743.674699217499956
11098888.354602895834241 1547743.973285154999912
11098888.354602895834241 1547744.271871092499868
11098888.354602895834241 1547744.570457029999824
11098888.354602895834241 1547744.869042967499780
11098888.354602895834241 1547745.167628904999736
11098888.354602895834241 1547745.466214842499692
11098888.354602895834241 1547745.764800779999648
11098888.653183625000778 1547740.688839842500396
11098888.653183625000778 1547740.987425780000352
11098888.653183625000778 1547741.286011717500308
11098888.653183625000778 1547741.584597655000264
11098888.653183625000778 1547741.883183592500220
11098888.653183625000778 1547742.181769530000176
11098888.653183625000778 1547742.480355467500132
11098888.653183625000778 1547742.778941405000088
11098888.653183625000778 1547743.077527342500044
11098888.653183625000778 1547743.376113280000000
11098888.653183625000778 1547743.674699217499956
11098888.653183625000778 1547743.973285154999912
11098888.653183625000778 1547744.271871092499868
11098888.653183625000778 1547744.570457029999824
11098888.653183625000778 1547744.869042967499780
11098888.653183625000778 1547745.167628904999736
11098888.653183625000778 1547745.466214842499692
11098888.653183625000778 1547745.764800779999648
11098888.951764354167315 1547740.688839842500396
11098888.951764354167315 1547740.987425780000352
11098888.951764354167315 1547741.286011717500308
11098888.951764354167315 1547741.584597655000264
11098888.951764354167315 1547741.883183592500220
11098888.951764354167315 1547742.181769530000176
11098888.951764354167315 1547742.480355467500132
11098888.951764354167315 1547742.778941405000088
11098888.951764354167315 1547743.077527342500044
11098888.951764354167315 1547743.376113280000000
11098888.951764354167315 1547743.674699217499956
11098888.951764354167315 1547743.973285154999912
11098888.951764354167315 1547744.271871092499868
11098888.951764354167315 1547744.570457029999824
11098888.951764354167315 1547744.869042967499780
11098888.951764354167315 1547745.167628904999736
11098888.951764354167315 1547745.466214842499692
11098888.951764354167315 1547745.764800779999648
11098889.250345083333852 1547740.688839842500396
11098889.250345083333852 1547740.987425780000352
11098889.250345083333852 1547741.286011717500308
11098889.250345083333852 1547741.584597655000264
11098889.250345083333852 1547741.883183592500220
11098889.250345083333852 1547742.181769530000176
11098889.250345083333852 1547742.480355467500132
11098889.250345083333852 1547742.778941405000088
11098889.250345083333852 1547743.077527342500044
11098889.250345083333852 1547743.376113280000000
11098889.250345083333852 1547743.674699217499956
11098889.250345083333852 1547743.973285154999912
11098889.250345083333852 1547744.271871092499868
11098889.250345083333852 1547744.570457029999824
11098889.250345083333852 1547744.869042967499780
11098889.250345083333852 1547745.167628904999736
11098889.250345083333852 1547745.466214842499692
11098889.250345083333852 1547745.764800779999648
11098889.548925812500389 1547740.688839842500396
11098889.548925812500389 1547740.987425780000352
11098889.548925812500389 1547741.286011717500308
11098889.548925812500389 1547741.584597655000264
11098889.548925812500389 1547741.883183592500220
11098889.548925812500389 1547742.181769530000176
11098889.548925812500389 1547742.480355467500132
11098889.548925812500389 1547742.778941405000088
11098889.548925812500389 1547743.077527342500044
11098889.548925812500389 1547743.376113280000000
11098889.548925812500389 1547743.674699217499956
11098889.548925812500389 1547743.973285154999912
11098889.548925812500389 1547744.271871092499868
11098889.548925812500389 1547744.570457029999824
11098889.548925812500389 1547744.869042967499780
11098889.548925812500389 1547745.167628904999736
11098889.548925812500389 1547745.466214842499692
11098889.548925812500389 1547745.764800779999648
11098889.847506541666926 1547740.688839842500396
11098889.847506541666926 1547740.987425780000352
11098889.847506541666926 1547741.286011717500308
11098889.847506541666926 1547741.584597655000264
11098889.847506541666926 1547741.883183592500220
11098889.847506541666926 1547742.181769530000176
11098889.847506541666926 1547742.480355467500132
11098889.847506541666926 1547742.778941405000088
11098889.847506541666926 1547743.077527342500044
11098889.847506541666926 1547743.376113280000000
11098889.847506541666926 1547743.674699217499956
11098889.847506541666926 1547743.973285154999912
11098889.847506541666926 1547744.271871092499868
11098889.847506541666926 1547744.570457029999824
11098889.847506541666926 1547744.869042967499780
11098889.847506541666926 1547745.167628904999736
11098889.847506541666926 1547745.466214842499692
11098889.847506541666926 1547745.764800779999648
11098890.146087270833463 1547740.688839842500396
11098890.146087270833463 1547740.987425780000352
11098890.146087270833463 1547741.286011717500308
11098890.146087270833463 1547741.584597655000264
11098890.146087270833463 1547741.883183592500220
11098890.146087270833463 1547742.181769530000176
11098890.146087270833463 1547742.480355467500132
11098890.146087270833463 1547742.778941405000088
11098890.146087270833463 1547743.077527342500044
11098890.146087270833463 1547743.376113280000000
11098890.146087270833463 1547743.674699217499956
11098890.146087270833463 1547743.973285154999912
11098890.146087270833463 1547744.271871092499868
11098890.146087270833463 1547744.570457029999824
11098890.146087270833463 1547744.869042967499780
11098890.146087270833463 1547745.167628904999736
11098890.146087270833463 1547745.466214842499692
11098890.146087270833463 1547745.764800779999648
11098890.444668000000000 1547740.688839842500396
11098890.444668000000000 1547740.987425780000352
11098890.444668000000000 1547741.286011717500308
11098890.444668000000000 1547741.584597655000264
11098890.444668000000000 1547741.883183592500220
11098890.444668000000000 1547742.181769530000176
11098890.444668000000000 1547742.480355467500132
11098890.444668000000000 1547742.778941405000088
11098890.444668000000000 1547743.077527342500044
11098890.444668000000000 1547743.376113280000000
11098890.444668000000000 1547743.674699217499956
11098890.444668000000000 1547743.973285154999912
11098890.444668000000000 1547744.271871092499868
11098890.444668000000000 1547744.570457029999824
11098890.444668000000000 1547744.869042967499780
11098890.444668000000000 1547745.167628904999736
11098890.444668000000000 1547745.466214842499692
11098890.444668000000000 1547745.764800779999648
11098890.743248729166537 1547740.688839842500396
11098890.743248729166537 1547740.987425780000352
11098890.743248729166537 1547741.286011717500308
11098890.743248729166537 1547741.584597655000264
11098890.743248729166537 1547741.883183592500220
11098890.743248729166537 1547742.181769530000176
11098890.743248729166537 1547742.480355467500132
11098890.743248729166537 1547742.778941405000088
11098890.743248729166537 1547743.077527342500044
11098890.743248729166537 1547743.376113280000000
11098890.743248729166537 1547743.674699217499956
11098890.743248729166537 1547743.973285154999912
11098890.743248729166537 1547744.271871092499868
11098890.743248729166537 1547744.570457029999824
11098890.743248729166537 1547744.869042967499780
11098890.743248729166537 1547745.167628904999736
11098890.743248729166537 1547745.466214842499692
11098890.743248729166537 1547745.764800779999648
11098891.041829458333074 1547740.688839842500396
11098891.041829458333074 1547740.987425780000352
11098891.041829458333074 1547741.286011717500308
11098891.041829458333074 1547741.584597655000264
11098891.041829458333074 1547741.883183592500220
11098891.041829458333074 1547742.181769530000176
11098891.041829458333074 1547742.480355467500132
11098891.041829458333074 1547742.778941405000088
11098891.041829458333074 1547743.077527342500044
11098891.041829458333074 1547743.376113280000000
11098891.041829458333074 1547743.674699217499956
11098891.041829458333074 1547743.973285154999912
11098891.041829458333074 1547744.271871092499868
11098891.041829458333074 1547744.570457029999824
11098891.041829458333074 1547744.869042967499780
11098891.041829458333074 1547745.167628904999736
11098891.041829458333074 1547745.466214842499692
11098891.041829458333074 1547745.764800779999648
11098891.340410187499611 1547740.688839842500396
11098891.340410187499611 1547740.987425780000352
11098891.340410187499611 1547741.286011717500308
11098891.340410187499611 1547741.584597655000264
11098891.340410187499611 1547741.883183592500220
11098891.340410187499611 1547742.181769530000176
11098891.340410187499611 1547742.480355467500132
11098891.340410187499611 1547742.778941405000088
11098891.340410187499611 1547743.077527342500044
11098891.340410187499611 1547743.376113280000000
11098891.340410187499611 1547743.674699217499956
11098891.340410187499611 1547743.973285154999912
11098891.340410187499611 1547744.271871092499868
11098891.340410187499611 1547744.570457029999824
11098891.340410187499611 1547744.869042967499780
11098891.340410187499611 1547745.167628904999736
11098891.340410187499611 1547745.466214842499692
11098891.340410187499611 1547745.764800779999648
11098891.638990916666148 1547740.688839842500396
11098891.638990916666148 1547740.987425780000352
11098891.638990916666148 1547741.286011717500308
11098891.638990916666148 1547741.584597655000264
11098891.638990916666148 1547741.883183592500220
11098891.638990916666148 1547742.181769530000176
11098891.638990916666148 1547742.480355467500132
11098891.638990916666148 1547742.778941405000088
11098891.638990916666148 1547743.077527342500044
11098891.638990916666148 1547743.376113280000000
11098891.638990916666148 1547743.674699217499956
11098891.638990916666148 1547743.973285154999912
11098891.638990916666148 1547744.271871092499868
11098891.638990916666148 1547744.570457029999824
11098891.638990916666148 1547744.869042967499780
11098891.638990916666148 1547745.167628904999736
11098891.638990916666148 1547745.466214842499692
11098891.638990916666148 1547745.764800779999648
11098891.937571645832685 1547740.688839842500396
11098891.937571645832685 1547740.987425780000352
11098891.937571645832685 1547741.286011717500308
11098891.937571645832685 1547741.584597655000264
11098891.937571645832685 1547741.883183592500220
11098891.937571645832685 1547742.181769530000176
11098891.937571645832685 1547742.480355467500132
11098891.937571645832685 1547742.778941405000088
11098891.937571645832685 1547743.077527342500044
11098891.937571645832685 1547743.376113280000000
11098891.937571645832685 1547743.674699217499956
11098891.937571645832685 1547743.973285154999912
11098891.937571645832685 1547744.271871092499868
11098891.937571645832685 1547744.570457029999824
11098891.937571645832685 1547744.869042967499780
11098891.937571645832685 1547745.167628904999736
11098891.937571645832685 1547745.466214842499692
11098891.937571645832685 1547745.764800779999648
11098892.236152374999222 1547740.688839842500396
11098892.236152374999222 1547740.987425780000352
11098892.236152374999222 1547741.286011717500308
11098892.236152374999222 1547741.584597655000264
11098892.236152374999222 1547741.883183592500220
11098892.236152374999222 1547742.181769530000176
11098892.236152374999222 1547742.480355467500132
11098892.236152374999222 1547742.778941405000088
11098892.236152374999222 1547743.077527342500044
11098892.236152374999222 1547743.376113280000000
11098892.236152374999222 1547743.674699217499956
11098892.236152374999222 1547743.973285154999912
11098892.236152374999222 1547744.271871092499868
11098892.236152374999222 1547744.570457029999824
11098892.236152374999222 1547744.869042967499780
11098892.236152374999222 1547745.167628904999736
11098892.236152374999222 1547745.466214842499692
11098892.236152374999222 1547745.764800779999648
11098892.534733104165759 1547740.688839842500396
11098892.534733104165759 1547740.987425780000352
11098892.534733104165759 1547741.286011717500308
11098892.534733104165759 1547741.584597655000264
11098892.534733104165759 1547741.883183592500220
11098892.534733104165759 1547742.181769530000176
11098892.534733104165759 1547742.480355467500132
11098892.534733104165759 1547742.778941405000088
11098892.534733104165759 1547743.077527342500044
11098892.534733104165759 1547743.376113280000000
11098892.534733104165759 1547743.674699217499956
11098892.534733104165759 1547743.973285154999912
11098892.534733104165759 1547744.271871092499868
11098892.534733104165759 1547744.570457029999824
11098892.534733104165759 1547744.869042967499780
11098892.534733104165759 1547745.167628904999736
11098892.534733104165759 1547745.466214842499692
11098892.534733104165759 1547745.764800779999648
11098892.833313833332296 1547740.688839842500396
11098892.833313833332296 1547740.987425780000352
11098892.833313833332296 1547741.286011717500308
11098892.833313833332296 1547741.584597655000264
11098892.833313833332296 1547741.883183592500220
11098892.833313833332296 1547742.181769530000176
11098892.833313833332296 1547742.480355467500132
11098892.833313833332296 1547742.778941405000088
11098892.833313833332296 1547743.077527342500044
11098892.833313833332296 1547743.376113280000000
11098892.833313833332296 1547743.674699217499956
11098892.833313833332296 1547743.973285154999912
11098892.833313833332296 1547744.271871092499868
11098892.833313833332296 1547744.570457029999824
11098892.833313833332296 1547744.869042967499780
11098892.833313833332296 1547745.167628904999736
11098892.833313833332296 1547745.466214842499692
11098892.833313833332296 1547745.764800779999648
