11099428.785722637501167 1547829.966035152500396
11099428.785722637501167 1547830.264621090000352
11099428.785722637501167 1547830.563207027500308
11099428.785722637501167 1547830.861792965000264
11099428.785722637501167 1547831.160378902500220
11099428.785722637501167 1547831.458964840000176
11099428.785722637501167 1547831.757550777500132
11099428.785722637501167 1547832.056136715000088
11099428.785722637501167 1547832.354722652500044
11099428.785722637501167 1547832.653308590000000
11099428.785722637501167 1547832.951894527499956
11099428.785722637501167 1547833.250480464999912
11099428.785722637501167 1547833.549066402499868
11099428.785722637501167 1547833.847652339999824
11099428.785722637501167 1547834.146238277499780
11099428.785722637501167 1547834.444824214999736
11099428.785722637501167 1547834.743410152499692
11099428.785722637501167 1547835.041996089999648
11099429.084303366667704 1547829.966035152500396
11099429.084303366667704 1547830.264621090000352
11099429.084303366667704 1547830.563207027500308
11099429.084303366667704 1547830.861792965000264
11099429.084303366667704 1547831.160378902500220
11099429.084303366667704 1547831.458964840000176
11099429.084303366667704 1547831.757550777500132
11099429.084303366667704 1547832.056136715000088
11099429.084303366667704 1547832.354722652500044
11099429.084303366667704 1547832.653308590000000
11099429.084303366667704 1547832.951894527499956
11099429.084303366667704 1547833.250480464999912
11099429.084303366667704 1547833.549066402499868
11099429.084303366667704 1547833.847652339999824
11099429.084303366667704 1547834.146238277499780
11099429.084303366667704 1547834.444824214999736
11099429.084303366667704 1547834.743410152499692
11099429.084303366667704 1547835.041996089999648
11099429.382884095834241 1547829.966035152500396
11099429.382884095834241 1547830.264621090000352
11099429.382884095834241 1547830.563207027500308
11099429.382884095834241 1547830.861792965000264
11099429.382884095834241 1547831.160378902500220
11099429.382884095834241 1547831.458964840000176
11099429.382884095834241 1547831.757550777500132
11099429.382884095834241 1547832.056136715000088
11099429.382884095834241 1547832.354722652500044
11099429.382884095834241 1547832.653308590000000
11099429.382884095834241 1547832.951894527499956
11099429.382884095834241 1547833.250480464999912
11099429.382884095834241 1547833.549066402499868
11099429.382884095834241 1547833.847652339999824
11099429.382884095834241 1547834.146238277499780
11099429.382884095834241 1547834.444824214999736
11099429.382884095834241 1547834.743410152499692
11099429.382884095834241 1547835.041996089999648
11099429.681464825000778 1547829.966035152500396
11099429.681464825000778 1547830.264621090000352
11099429.681464825000778 1547830.563207027500308
11099429.681464825000778 1547830.861792965000264
11099429.681464825000778 1547831.160378902500220
11099429.681464825000778 1547831.458964840000176
11099429.681464825000778 1547831.757550777500132
11099429.681464825000778 1547832.056136715000088
11099429.681464825000778 1547832.354722652500044
11099429.681464825000778 1547832.653308590000000
11099429.681464825000778 1547832.951894527499956
11099429.681464825000778 1547833.250480464999912
11099429.681464825000778 1547833.549066402499868
11099429.681464825000778 1547833.847652339999824
11099429.681464825000778 1547834.146238277499780
11099429.681464825000778 1547834.444824214999736
11099429.681464825000778 1547834.743410152499692
11099429.681464825000778 1547835.041996089999648
11099429.980045554167315 1547829.966035152500396
11099429.980045554167315 1547830.264621090000352
11099429.980045554167315 1547830.563207027500308
11099429.980045554167315 1547830.861792965000264
11099429.980045554167315 1547831.160378902500220
11099429.980045554167315 1547831.458964840000176
11099429.980045554167315 1547831.757550777500132
11099429.980045554167315 1547832.056136715000088
11099429.980045554167315 1547832.354722652500044
11099429.980045554167315 1547832.653308590000000
11099429.980045554167315 1547832.951894527499956
11099429.980045554167315 1547833.250480464999912
11099429.980045554167315 1547833.549066402499868
11099429.980045554167315 1547833.847652339999824
11099429.980045554167315 1547834.146238277499780
11099429.980045554167315 1547834.444824214999736
11099429.980045554167315 1547834.743410152499692
11099429.980045554167315 1547835.041996089999648
11099430.278626283333852 1547829.966035152500396
11099430.278626283333852 1547830.264621090000352
11099430.278626283333852 1547830.563207027500308
11099430.278626283333852 1547830.861792965000264
11099430.278626283333852 1547831.160378902500220
11099430.278626283333852 1547831.458964840000176
11099430.278626283333852 1547831.757550777500132
11099430.278626283333852 1547832.056136715000088
11099430.278626283333852 1547832.354722652500044
11099430.278626283333852 1547832.653308590000000
11099430.278626283333852 1547832.951894527499956
11099430.278626283333852 1547833.250480464999912
11099430.278626283333852 1547833.549066402499868
11099430.278626283333852 1547833.847652339999824
11099430.278626283333852 1547834.146238277499780
11099430.278626283333852 1547834.444824214999736
11099430.278626283333852 1547834.743410152499692
11099430.278626283333852 1547835.041996089999648
11099430.577207012500389 1547829.966035152500396
11099430.577207012500389 1547830.264621090000352
11099430.577207012500389 1547830.563207027500308
11099430.577207012500389 1547830.861792965000264
11099430.577207012500389 1547831.160378902500220
11099430.577207012500389 1547831.458964840000176
11099430.577207012500389 1547831.757550777500132
11099430.577207012500389 1547832.056136715000088
11099430.577207012500389 1547832.354722652500044
11099430.577207012500389 1547832.653308590000000
11099430.577207012500389 1547832.951894527499956
11099430.577207012500389 1547833.250480464999912
11099430.577207012500389 1547833.549066402499868
11099430.577207012500389 1547833.847652339999824
11099430.577207012500389 1547834.146238277499780
11099430.577207012500389 1547834.444824214999736
11099430.577207012500389 1547834.743410152499692
11099430.577207012500389 1547835.041996089999648
11099430.875787741666926 1547829.966035152500396
11099430.875787741666926 1547830.264621090000352
11099430.875787741666926 1547830.563207027500308
11099430.875787741666926 1547830.861792965000264
11099430.875787741666926 1547831.160378902500220
11099430.875787741666926 1547831.458964840000176
11099430.875787741666926 1547831.757550777500132
11099430.875787741666926 1547832.056136715000088
11099430.875787741666926 1547832.354722652500044
11099430.875787741666926 1547832.653308590000000
11099430.875787741666926 1547832.951894527499956
11099430.875787741666926 1547833.250480464999912
11099430.875787741666926 1547833.549066402499868
11099430.875787741666926 1547833.847652339999824
11099430.875787741666926 1547834.146238277499780
11099430.875787741666926 1547834.444824214999736
11099430.875787741666926 1547834.743410152499692
11099430.875787741666926 1547835.041996089999648
11099431.174368470833463 1547829.966035152500396
11099431.174368470833463 1547830.264621090000352
11099431.174368470833463 1547830.563207027500308
11099431.174368470833463 1547830.861792965000264
11099431.174368470833463 1547831.160378902500220
11099431.174368470833463 1547831.458964840000176
11099431.174368470833463 1547831.757550777500132
11099431.174368470833463 1547832.056136715000088
11099431.174368470833463 1547832.354722652500044
11099431.174368470833463 1547832.653308590000000
11099431.174368470833463 1547832.951894527499956
11099431.174368470833463 1547833.250480464999912
11099431.174368470833463 1547833.549066402499868
11099431.174368470833463 1547833.847652339999824
11099431.174368470833463 1547834.146238277499780
11099431.174368470833463 1547834.444824214999736
11099431.174368470833463 1547834.743410152499692
11099431.174368470833463 1547835.041996089999648
11099431.472949200000000 1547829.966035152500396
11099431.472949200000000 1547830.264621090000352
11099431.472949200000000 1547830.563207027500308
11099431.472949200000000 1547830.861792965000264
11099431.472949200000000 1547831.160378902500220
11099431.472949200000000 1547831.458964840000176
11099431.472949200000000 1547831.757550777500132
11099431.472949200000000 1547832.056136715000088
11099431.472949200000000 1547832.354722652500044
11099431.472949200000000 1547832.653308590000000
11099431.472949200000000 1547832.951894527499956
11099431.472949200000000 1547833.250480464999912
11099431.472949200000000 1547833.549066402499868
11099431.472949200000000 1547833.847652339999824
11099431.472949200000000 1547834.146238277499780
11099431.472949200000000 1547834.444824214999736
11099431.472949200000000 1547834.743410152499692
11099431.472949200000000 1547835.041996089999648
11099431.771529929166537 1547829.966035152500396
11099431.771529929166537 1547830.264621090000352
11099431.771529929166537 1547830.563207027500308
11099431.771529929166537 1547830.861792965000264
11099431.771529929166537 1547831.160378902500220
11099431.771529929166537 1547831.458964840000176
11099431.771529929166537 1547831.757550777500132
11099431.771529929166537 1547832.056136715000088
11099431.771529929166537 1547832.354722652500044
11099431.771529929166537 1547832.653308590000000
11099431.771529929166537 1547832.951894527499956
11099431.771529929166537 1547833.250480464999912
11099431.771529929166537 1547833.549066402499868
11099431.771529929166537 1547833.847652339999824
11099431.771529929166537 1547834.146238277499780
11099431.771529929166537 1547834.444824214999736
11099431.771529929166537 1547834.743410152499692
11099431.771529929166537 1547835.041996089999648
11099432.070110658333074 1547829.966035152500396
11099432.070110658333074 1547830.264621090000352
11099432.070110658333074 1547830.563207027500308
11099432.070110658333074 1547830.861792965000264
11099432.070110658333074 1547831.160378902500220
11099432.070110658333074 1547831.458964840000176
11099432.070110658333074 1547831.757550777500132
11099432.070110658333074 1547832.056136715000088
11099432.070110658333074 1547832.354722652500044
11099432.070110658333074 1547832.653308590000000
11099432.070110658333074 1547832.951894527499956
11099432.070110658333074 1547833.250480464999912
11099432.070110658333074 1547833.549066402499868
11099432.070110658333074 1547833.847652339999824
11099432.070110658333074 1547834.146238277499780
11099432.070110658333074 1547834.444824214999736
11099432.070110658333074 1547834.743410152499692
11099432.070110658333074 1547835.041996089999648
11099432.368691387499611 1547829.966035152500396
11099432.368691387499611 1547830.264621090000352
11099432.368691387499611 1547830.563207027500308
11099432.368691387499611 1547830.861792965000264
11099432.368691387499611 1547831.160378902500220
11099432.368691387499611 1547831.458964840000176
11099432.368691387499611 1547831.757550777500132
11099432.368691387499611 1547832.056136715000088
11099432.368691387499611 1547832.354722652500044
11099432.368691387499611 1547832.653308590000000
11099432.368691387499611 1547832.951894527499956
11099432.368691387499611 1547833.250480464999912
11099432.368691387499611 1547833.549066402499868
11099432.368691387499611 1547833.847652339999824
11099432.368691387499611 1547834.146238277499780
11099432.368691387499611 1547834.444824214999736
11099432.368691387499611 1547834.743410152499692
11099432.368691387499611 1547835.041996089999648
11099432.667272116666148 1547829.966035152500396
11099432.667272116666148 1547830.264621090000352
11099432.667272116666148 1547830.563207027500308
11099432.667272116666148 1547830.861792965000264
11099432.667272116666148 1547831.160378902500220
11099432.667272116666148 1547831.458964840000176
11099432.667272116666148 1547831.757550777500132
11099432.667272116666148 1547832.056136715000088
11099432.667272116666148 1547832.354722652500044
11099432.667272116666148 1547832.653308590000000
11099432.667272116666148 1547832.951894527499956
11099432.667272116666148 1547833.250480464999912
11099432.667272116666148 1547833.549066402499868
11099432.667272116666148 1547833.847652339999824
11099432.667272116666148 1547834.146238277499780
11099432.667272116666148 1547834.444824214999736
11099432.667272116666148 1547834.743410152499692
11099432.667272116666148 1547835.041996089999648
11099432.965852845832685 1547829.966035152500396
11099432.965852845832685 1547830.264621090000352
11099432.965852845832685 1547830.563207027500308
11099432.965852845832685 1547830.861792965000264
11099432.965852845832685 1547831.160378902500220
11099432.965852845832685 1547831.458964840000176
11099432.965852845832685 1547831.757550777500132
11099432.965852845832685 1547832.056136715000088
11099432.965852845832685 1547832.354722652500044
11099432.965852845832685 1547832.653308590000000
11099432.965852845832685 1547832.951894527499956
11099432.965852845832685 1547833.250480464999912
11099432.965852845832685 1547833.549066402499868
11099432.965852845832685 1547833.847652339999824
11099432.965852845832685 1547834.146238277499780
11099432.965852845832685 1547834.444824214999736
11099432.965852845832685 1547834.743410152499692
11099432.965852845832685 1547835.041996089999648
11099433.264433574999222 1547829.966035152500396
11099433.264433574999222 1547830.264621090000352
11099433.264433574999222 1547830.563207027500308
11099433.264433574999222 1547830.861792965000264
11099433.264433574999222 1547831.160378902500220
11099433.264433574999222 1547831.458964840000176
11099433.264433574999222 1547831.757550777500132
11099433.264433574999222 1547832.056136715000088
11099433.264433574999222 1547832.354722652500044
11099433.264433574999222 1547832.653308590000000
11099433.264433574999222 1547832.951894527499956
11099433.264433574999222 1547833.250480464999912
11099433.264433574999222 1547833.549066402499868
11099433.264433574999222 1547833.847652339999824
11099433.264433574999222 1547834.146238277499780
11099433.264433574999222 1547834.444824214999736
11099433.264433574999222 1547834.743410152499692
11099433.264433574999222 1547835.041996089999648
11099433.563014304165759 1547829.966035152500396
11099433.563014304165759 1547830.264621090000352
11099433.563014304165759 1547830.563207027500308
11099433.563014304165759 1547830.861792965000264
11099433.563014304165759 1547831.160378902500220
11099433.563014304165759 1547831.458964840000176
11099433.563014304165759 1547831.757550777500132
11099433.563014304165759 1547832.056136715000088
11099433.563014304165759 1547832.354722652500044
11099433.563014304165759 1547832.653308590000000
11099433.563014304165759 1547832.951894527499956
11099433.563014304165759 1547833.250480464999912
11099433.563014304165759 1547833.549066402499868
11099433.563014304165759 1547833.847652339999824
11099433.563014304165759 1547834.146238277499780
11099433.563014304165759 1547834.444824214999736
11099433.563014304165759 1547834.743410152499692
11099433.563014304165759 1547835.041996089999648
11099433.861595033332296 1547829.966035152500396
11099433.861595033332296 1547830.264621090000352
11099433.861595033332296 1547830.563207027500308
11099433.861595033332296 1547830.861792965000264
11099433.861595033332296 1547831.160378902500220
11099433.861595033332296 1547831.458964840000176
11099433.861595033332296 1547831.757550777500132
11099433.861595033332296 1547832.056136715000088
11099433.861595033332296 1547832.354722652500044
11099433.861595033332296 1547832.653308590000000
11099433.861595033332296 1547832.951894527499956
11099433.861595033332296 1547833.250480464999912
11099433.861595033332296 1547833.549066402499868
11099433.861595033332296 1547833.847652339999824
11099433.861595033332296 1547834.146238277499780
11099433.861595033332296 1547834.444824214999736
11099433.861595033332296 1547834.743410152499692
11099433.861595033332296 1547835.041996089999648
