11099243.068509137501167 1547610.206785152500396
11099243.068509137501167 1547610.505371090000352
11099243.068509137501167 1547610.803957027500308
11099243.068509137501167 1547611.102542965000264
11099243.068509137501167 1547611.401128902500220
11099243.068509137501167 1547611.699714840000176
11099243.068509137501167 1547611.998300777500132
11099243.068509137501167 1547612.296886715000088
11099243.068509137501167 1547612.595472652500044
11099243.068509137501167 1547612.894058590000000
11099243.068509137501167 1547613.192644527499956
11099243.068509137501167 1547613.491230464999912
11099243.068509137501167 1547613.789816402499868
11099243.068509137501167 1547614.088402339999824
11099243.068509137501167 1547614.386988277499780
11099243.068509137501167 1547614.685574214999736
11099243.068509137501167 1547614.984160152499692
11099243.068509137501167 1547615.282746089999648
11099243.367089866667704 1547610.206785152500396
11099243.367089866667704 1547610.505371090000352
11099243.367089866667704 1547610.803957027500308
11099243.367089866667704 1547611.102542965000264
11099243.367089866667704 1547611.401128902500220
11099243.367089866667704 1547611.699714840000176
11099243.367089866667704 1547611.998300777500132
11099243.367089866667704 1547612.296886715000088
11099243.367089866667704 1547612.595472652500044
11099243.367089866667704 1547612.894058590000000
11099243.367089866667704 1547613.192644527499956
11099243.367089866667704 1547613.491230464999912
11099243.367089866667704 1547613.789816402499868
11099243.367089866667704 1547614.088402339999824
11099243.367089866667704 1547614.386988277499780
11099243.367089866667704 1547614.685574214999736
11099243.367089866667704 1547614.984160152499692
11099243.367089866667704 1547615.282746089999648
11099243.665670595834241 1547610.206785152500396
11099243.665670595834241 1547610.505371090000352
11099243.665670595834241 1547610.803957027500308
11099243.665670595834241 1547611.102542965000264
11099243.665670595834241 1547611.401128902500220
11099243.665670595834241 1547611.699714840000176
11099243.665670595834241 1547611.998300777500132
11099243.665670595834241 1547612.296886715000088
11099243.665670595834241 1547612.595472652500044
11099243.665670595834241 1547612.894058590000000
11099243.665670595834241 1547613.192644527499956
11099243.665670595834241 1547613.491230464999912
11099243.665670595834241 1547613.789816402499868
11099243.665670595834241 1547614.088402339999824
11099243.665670595834241 1547614.386988277499780
11099243.665670595834241 1547614.685574214999736
11099243.665670595834241 1547614.984160152499692
11099243.665670595834241 1547615.282746089999648
11099243.964251325000778 1547610.206785152500396
11099243.964251325000778 1547610.505371090000352
11099243.964251325000778 1547610.803957027500308
11099243.964251325000778 1547611.102542965000264
11099243.964251325000778 1547611.401128902500220
11099243.964251325000778 1547611.699714840000176
11099243.964251325000778 1547611.998300777500132
11099243.964251325000778 1547612.296886715000088
11099243.964251325000778 1547612.595472652500044
11099243.964251325000778 1547612.894058590000000
11099243.964251325000778 1547613.192644527499956
11099243.964251325000778 1547613.491230464999912
11099243.964251325000778 1547613.789816402499868
11099243.964251325000778 1547614.088402339999824
11099243.964251325000778 1547614.386988277499780
11099243.964251325000778 1547614.685574214999736
11099243.964251325000778 1547614.984160152499692
11099243.964251325000778 1547615.282746089999648
11099244.262832054167315 1547610.206785152500396
11099244.262832054167315 1547610.505371090000352
11099244.262832054167315 1547610.803957027500308
11099244.262832054167315 1547611.102542965000264
11099244.262832054167315 1547611.401128902500220
11099244.262832054167315 1547611.699714840000176
11099244.262832054167315 1547611.998300777500132
11099244.262832054167315 1547612.296886715000088
11099244.262832054167315 1547612.595472652500044
11099244.262832054167315 1547612.894058590000000
11099244.262832054167315 1547613.192644527499956
11099244.262832054167315 1547613.491230464999912
11099244.262832054167315 1547613.789816402499868
11099244.262832054167315 1547614.088402339999824
11099244.262832054167315 1547614.386988277499780
11099244.262832054167315 1547614.685574214999736
11099244.262832054167315 1547614.984160152499692
11099244.262832054167315 1547615.282746089999648
11099244.561412783333852 1547610.206785152500396
11099244.561412783333852 1547610.505371090000352
11099244.561412783333852 1547610.803957027500308
11099244.561412783333852 1547611.102542965000264
11099244.561412783333852 1547611.401128902500220
11099244.561412783333852 1547611.699714840000176
11099244.561412783333852 1547611.998300777500132
11099244.561412783333852 1547612.296886715000088
11099244.561412783333852 1547612.595472652500044
11099244.561412783333852 1547612.894058590000000
11099244.561412783333852 1547613.192644527499956
11099244.561412783333852 1547613.491230464999912
11099244.561412783333852 1547613.789816402499868
11099244.561412783333852 1547614.088402339999824
11099244.561412783333852 1547614.386988277499780
11099244.561412783333852 1547614.685574214999736
11099244.561412783333852 1547614.984160152499692
11099244.561412783333852 1547615.282746089999648
11099244.859993512500389 1547610.206785152500396
11099244.859993512500389 1547610.505371090000352
11099244.859993512500389 1547610.803957027500308
11099244.859993512500389 1547611.102542965000264
11099244.859993512500389 1547611.401128902500220
11099244.859993512500389 1547611.699714840000176
11099244.859993512500389 1547611.998300777500132
11099244.859993512500389 1547612.296886715000088
11099244.859993512500389 1547612.595472652500044
11099244.859993512500389 1547612.894058590000000
11099244.859993512500389 1547613.192644527499956
11099244.859993512500389 1547613.491230464999912
11099244.859993512500389 1547613.789816402499868
11099244.859993512500389 1547614.088402339999824
11099244.859993512500389 1547614.386988277499780
11099244.859993512500389 1547614.685574214999736
11099244.859993512500389 1547614.984160152499692
11099244.859993512500389 1547615.282746089999648
11099245.158574241666926 1547610.206785152500396
11099245.158574241666926 1547610.505371090000352
11099245.158574241666926 1547610.803957027500308
11099245.158574241666926 1547611.102542965000264
11099245.158574241666926 1547611.401128902500220
11099245.158574241666926 1547611.699714840000176
11099245.158574241666926 1547611.998300777500132
11099245.158574241666926 1547612.296886715000088
11099245.158574241666926 1547612.595472652500044
11099245.158574241666926 1547612.894058590000000
11099245.158574241666926 1547613.192644527499956
11099245.158574241666926 1547613.491230464999912
11099245.158574241666926 1547613.789816402499868
11099245.158574241666926 1547614.088402339999824
11099245.158574241666926 1547614.386988277499780
11099245.158574241666926 1547614.685574214999736
11099245.158574241666926 1547614.984160152499692
11099245.158574241666926 1547615.282746089999648
11099245.457154970833463 1547610.206785152500396
11099245.457154970833463 1547610.505371090000352
11099245.457154970833463 1547610.803957027500308
11099245.457154970833463 1547611.102542965000264
11099245.457154970833463 1547611.401128902500220
11099245.457154970833463 1547611.699714840000176
11099245.457154970833463 1547611.998300777500132
11099245.457154970833463 1547612.296886715000088
11099245.457154970833463 1547612.595472652500044
11099245.457154970833463 1547612.894058590000000
11099245.457154970833463 1547613.192644527499956
11099245.457154970833463 1547613.491230464999912
11099245.457154970833463 1547613.789816402499868
11099245.457154970833463 1547614.088402339999824
11099245.457154970833463 1547614.386988277499780
11099245.457154970833463 1547614.685574214999736
11099245.457154970833463 1547614.984160152499692
11099245.457154970833463 1547615.282746089999648
11099245.755735700000000 1547610.206785152500396
11099245.755735700000000 1547610.505371090000352
11099245.755735700000000 1547610.803957027500308
11099245.755735700000000 1547611.102542965000264
11099245.755735700000000 1547611.401128902500220
11099245.755735700000000 1547611.699714840000176
11099245.755735700000000 1547611.998300777500132
11099245.755735700000000 1547612.296886715000088
11099245.755735700000000 1547612.595472652500044
11099245.755735700000000 1547612.894058590000000
11099245.755735700000000 1547613.192644527499956
11099245.755735700000000 1547613.491230464999912
11099245.755735700000000 1547613.789816402499868
11099245.755735700000000 1547614.088402339999824
11099245.755735700000000 1547614.386988277499780
11099245.755735700000000 1547614.685574214999736
11099245.755735700000000 1547614.984160152499692
11099245.755735700000000 1547615.282746089999648
11099246.054316429166537 1547610.206785152500396
11099246.054316429166537 1547610.505371090000352
11099246.054316429166537 1547610.803957027500308
11099246.054316429166537 1547611.102542965000264
11099246.054316429166537 1547611.401128902500220
11099246.054316429166537 1547611.699714840000176
11099246.054316429166537 1547611.998300777500132
11099246.054316429166537 1547612.296886715000088
11099246.054316429166537 1547612.595472652500044
11099246.054316429166537 1547612.894058590000000
11099246.054316429166537 1547613.192644527499956
11099246.054316429166537 1547613.491230464999912
11099246.054316429166537 1547613.789816402499868
11099246.054316429166537 1547614.088402339999824
11099246.054316429166537 1547614.386988277499780
11099246.054316429166537 1547614.685574214999736
11099246.054316429166537 1547614.984160152499692
11099246.054316429166537 1547615.282746089999648
11099246.352897158333074 1547610.206785152500396
11099246.352897158333074 1547610.505371090000352
11099246.352897158333074 1547610.803957027500308
11099246.352897158333074 1547611.102542965000264
11099246.352897158333074 1547611.401128902500220
11099246.352897158333074 1547611.699714840000176
11099246.352897158333074 1547611.998300777500132
11099246.352897158333074 1547612.296886715000088
11099246.352897158333074 1547612.595472652500044
11099246.352897158333074 1547612.894058590000000
11099246.352897158333074 1547613.192644527499956
11099246.352897158333074 1547613.491230464999912
11099246.352897158333074 1547613.789816402499868
11099246.352897158333074 1547614.088402339999824
11099246.352897158333074 1547614.386988277499780
11099246.352897158333074 1547614.685574214999736
11099246.352897158333074 1547614.984160152499692
11099246.352897158333074 1547615.282746089999648
11099246.651477887499611 1547610.206785152500396
11099246.651477887499611 1547610.505371090000352
11099246.651477887499611 1547610.803957027500308
11099246.651477887499611 1547611.102542965000264
11099246.651477887499611 1547611.401128902500220
11099246.651477887499611 1547611.699714840000176
11099246.651477887499611 1547611.998300777500132
11099246.651477887499611 1547612.296886715000088
11099246.651477887499611 1547612.595472652500044
11099246.651477887499611 1547612.894058590000000
11099246.651477887499611 1547613.192644527499956
11099246.651477887499611 1547613.491230464999912
11099246.651477887499611 1547613.789816402499868
11099246.651477887499611 1547614.088402339999824
11099246.651477887499611 1547614.386988277499780
11099246.651477887499611 1547614.685574214999736
11099246.651477887499611 1547614.984160152499692
11099246.651477887499611 1547615.282746089999648
11099246.950058616666148 1547610.206785152500396
11099246.950058616666148 1547610.505371090000352
11099246.950058616666148 1547610.803957027500308
11099246.950058616666148 1547611.102542965000264
11099246.950058616666148 1547611.401128902500220
11099246.950058616666148 1547611.699714840000176
11099246.950058616666148 1547611.998300777500132
11099246.950058616666148 1547612.296886715000088
11099246.950058616666148 1547612.595472652500044
11099246.950058616666148 1547612.894058590000000
11099246.950058616666148 1547613.192644527499956
11099246.950058616666148 1547613.491230464999912
11099246.950058616666148 1547613.789816402499868
11099246.950058616666148 1547614.088402339999824
11099246.950058616666148 1547614.386988277499780
11099246.950058616666148 1547614.685574214999736
11099246.950058616666148 1547614.984160152499692
11099246.950058616666148 1547615.282746089999648
11099247.248639345832685 1547610.206785152500396
11099247.248639345832685 1547610.505371090000352
11099247.248639345832685 1547610.803957027500308
11099247.248639345832685 1547611.102542965000264
11099247.248639345832685 1547611.401128902500220
11099247.248639345832685 1547611.699714840000176
11099247.248639345832685 1547611.998300777500132
11099247.248639345832685 1547612.296886715000088
11099247.248639345832685 1547612.595472652500044
11099247.248639345832685 1547612.894058590000000
11099247.248639345832685 1547613.192644527499956
11099247.248639345832685 1547613.491230464999912
11099247.248639345832685 1547613.789816402499868
11099247.248639345832685 1547614.088402339999824
11099247.248639345832685 1547614.386988277499780
11099247.248639345832685 1547614.685574214999736
11099247.248639345832685 1547614.984160152499692
11099247.248639345832685 1547615.282746089999648
11099247.547220074999222 1547610.206785152500396
11099247.547220074999222 1547610.505371090000352
11099247.547220074999222 1547610.803957027500308
11099247.547220074999222 1547611.102542965000264
11099247.547220074999222 1547611.401128902500220
11099247.547220074999222 1547611.699714840000176
11099247.547220074999222 1547611.998300777500132
11099247.547220074999222 1547612.296886715000088
11099247.547220074999222 1547612.595472652500044
11099247.547220074999222 1547612.894058590000000
11099247.547220074999222 1547613.192644527499956
11099247.547220074999222 1547613.491230464999912
11099247.547220074999222 1547613.789816402499868
11099247.547220074999222 1547614.088402339999824
11099247.547220074999222 1547614.386988277499780
11099247.547220074999222 1547614.685574214999736
11099247.547220074999222 1547614.984160152499692
11099247.547220074999222 1547615.282746089999648
11099247.845800804165759 1547610.206785152500396
11099247.845800804165759 1547610.505371090000352
11099247.845800804165759 1547610.803957027500308
11099247.845800804165759 1547611.102542965000264
11099247.845800804165759 1547611.401128902500220
11099247.845800804165759 1547611.699714840000176
11099247.845800804165759 1547611.998300777500132
11099247.845800804165759 1547612.296886715000088
11099247.845800804165759 1547612.595472652500044
11099247.845800804165759 1547612.894058590000000
11099247.845800804165759 1547613.192644527499956
11099247.845800804165759 1547613.491230464999912
11099247.845800804165759 1547613.789816402499868
11099247.845800804165759 1547614.088402339999824
11099247.845800804165759 1547614.386988277499780
11099247.845800804165759 1547614.685574214999736
11099247.845800804165759 1547614.984160152499692
11099247.845800804165759 1547615.282746089999648
11099248.144381533332296 1547610.206785152500396
11099248.144381533332296 1547610.505371090000352
11099248.144381533332296 1547610.803957027500308
11099248.144381533332296 1547611.102542965000264
11099248.144381533332296 1547611.401128902500220
11099248.144381533332296 1547611.699714840000176
11099248.144381533332296 1547611.998300777500132
11099248.144381533332296 1547612.296886715000088
11099248.144381533332296 1547612.595472652500044
11099248.144381533332296 1547612.894058590000000
11099248.144381533332296 1547613.192644527499956
11099248.144381533332296 1547613.491230464999912
11099248.144381533332296 1547613.789816402499868
11099248.144381533332296 1547614.088402339999824
11099248.144381533332296 1547614.386988277499780
11099248.144381533332296 1547614.685574214999736
11099248.144381533332296 1547614.984160152499692
11099248.144381533332296 1547615.282746089999648
