11098821.173938837501167 1547706.948628902500396
11098821.173938837501167 1547707.247214840000352
11098821.173938837501167 1547707.545800777500308
11098821.173938837501167 1547707.844386715000264
11098821.173938837501167 1547708.142972652500220
11098821.173938837501167 1547708.441558590000176
11098821.173938837501167 1547708.740144527500132
11098821.173938837501167 1547709.038730465000088
11098821.173938837501167 1547709.337316402500044
11098821.173938837501167 1547709.635902340000000
11098821.173938837501167 1547709.934488277499956
11098821.173938837501167 1547710.233074214999912
11098821.173938837501167 1547710.531660152499868
11098821.173938837501167 1547710.830246089999824
11098821.173938837501167 1547711.128832027499780
11098821.173938837501167 1547711.427417964999736
11098821.173938837501167 1547711.726003902499692
11098821.173938837501167 1547712.024589839999648
11098821.472519566667704 1547706.948628902500396
11098821.472519566667704 1547707.247214840000352
11098821.472519566667704 1547707.545800777500308
11098821.472519566667704 1547707.844386715000264
11098821.472519566667704 1547708.142972652500220
11098821.472519566667704 1547708.441558590000176
11098821.472519566667704 1547708.740144527500132
11098821.472519566667704 1547709.038730465000088
11098821.472519566667704 1547709.337316402500044
11098821.472519566667704 1547709.635902340000000
11098821.472519566667704 1547709.934488277499956
11098821.472519566667704 1547710.233074214999912
11098821.472519566667704 1547710.531660152499868
11098821.472519566667704 1547710.830246089999824
11098821.472519566667704 1547711.128832027499780
11098821.472519566667704 1547711.427417964999736
11098821.472519566667704 1547711.726003902499692
11098821.472519566667704 1547712.024589839999648
11098821.771100295834241 1547706.948628902500396
11098821.771100295834241 1547707.247214840000352
11098821.771100295834241 1547707.545800777500308
11098821.771100295834241 1547707.844386715000264
11098821.771100295834241 1547708.142972652500220
11098821.771100295834241 1547708.441558590000176
11098821.771100295834241 1547708.740144527500132
11098821.771100295834241 1547709.038730465000088
11098821.771100295834241 1547709.337316402500044
11098821.771100295834241 1547709.635902340000000
11098821.771100295834241 1547709.934488277499956
11098821.771100295834241 1547710.233074214999912
11098821.771100295834241 1547710.531660152499868
11098821.771100295834241 1547710.830246089999824
11098821.771100295834241 1547711.128832027499780
11098821.771100295834241 1547711.427417964999736
11098821.771100295834241 1547711.726003902499692
11098821.771100295834241 1547712.024589839999648
11098822.069681025000778 1547706.948628902500396
11098822.069681025000778 1547707.247214840000352
11098822.069681025000778 1547707.545800777500308
11098822.069681025000778 1547707.844386715000264
11098822.069681025000778 1547708.142972652500220
11098822.069681025000778 1547708.441558590000176
11098822.069681025000778 1547708.740144527500132
11098822.069681025000778 1547709.038730465000088
11098822.069681025000778 1547709.337316402500044
11098822.069681025000778 1547709.635902340000000
11098822.069681025000778 1547709.934488277499956
11098822.069681025000778 1547710.233074214999912
11098822.069681025000778 1547710.531660152499868
11098822.069681025000778 1547710.830246089999824
11098822.069681025000778 1547711.128832027499780
11098822.069681025000778 1547711.427417964999736
11098822.069681025000778 1547711.726003902499692
11098822.069681025000778 1547712.024589839999648
11098822.368261754167315 1547706.948628902500396
11098822.368261754167315 1547707.247214840000352
11098822.368261754167315 1547707.545800777500308
11098822.368261754167315 1547707.844386715000264
11098822.368261754167315 1547708.142972652500220
11098822.368261754167315 1547708.441558590000176
11098822.368261754167315 1547708.740144527500132
11098822.368261754167315 1547709.038730465000088
11098822.368261754167315 1547709.337316402500044
11098822.368261754167315 1547709.635902340000000
11098822.368261754167315 1547709.934488277499956
11098822.368261754167315 1547710.233074214999912
11098822.368261754167315 1547710.531660152499868
11098822.368261754167315 1547710.830246089999824
11098822.368261754167315 1547711.128832027499780
11098822.368261754167315 1547711.427417964999736
11098822.368261754167315 1547711.726003902499692
11098822.368261754167315 1547712.024589839999648
11098822.666842483333852 1547706.948628902500396
11098822.666842483333852 1547707.247214840000352
11098822.666842483333852 1547707.545800777500308
11098822.666842483333852 1547707.844386715000264
11098822.666842483333852 1547708.142972652500220
11098822.666842483333852 1547708.441558590000176
11098822.666842483333852 1547708.740144527500132
11098822.666842483333852 1547709.038730465000088
11098822.666842483333852 1547709.337316402500044
11098822.666842483333852 1547709.635902340000000
11098822.666842483333852 1547709.934488277499956
11098822.666842483333852 1547710.233074214999912
11098822.666842483333852 1547710.531660152499868
11098822.666842483333852 1547710.830246089999824
11098822.666842483333852 1547711.128832027499780
11098822.666842483333852 1547711.427417964999736
11098822.666842483333852 1547711.726003902499692
11098822.666842483333852 1547712.024589839999648
11098822.965423212500389 1547706.948628902500396
11098822.965423212500389 1547707.247214840000352
11098822.965423212500389 1547707.545800777500308
11098822.965423212500389 1547707.844386715000264
11098822.965423212500389 1547708.142972652500220
11098822.965423212500389 1547708.441558590000176
11098822.965423212500389 1547708.740144527500132
11098822.965423212500389 1547709.038730465000088
11098822.965423212500389 1547709.337316402500044
11098822.965423212500389 1547709.635902340000000
11098822.965423212500389 1547709.934488277499956
11098822.965423212500389 1547710.233074214999912
11098822.965423212500389 1547710.531660152499868
11098822.965423212500389 1547710.830246089999824
11098822.965423212500389 1547711.128832027499780
11098822.965423212500389 1547711.427417964999736
11098822.965423212500389 1547711.726003902499692
11098822.965423212500389 1547712.024589839999648
11098823.264003941666926 1547706.948628902500396
11098823.264003941666926 1547707.247214840000352
11098823.264003941666926 1547707.545800777500308
11098823.264003941666926 1547707.844386715000264
11098823.264003941666926 1547708.142972652500220
11098823.264003941666926 1547708.441558590000176
11098823.264003941666926 1547708.740144527500132
11098823.264003941666926 1547709.038730465000088
11098823.264003941666926 1547709.337316402500044
11098823.264003941666926 1547709.635902340000000
11098823.264003941666926 1547709.934488277499956
11098823.264003941666926 1547710.233074214999912
11098823.264003941666926 1547710.531660152499868
11098823.264003941666926 1547710.830246089999824
11098823.264003941666926 1547711.128832027499780
11098823.264003941666926 1547711.427417964999736
11098823.264003941666926 1547711.726003902499692
11098823.264003941666926 1547712.024589839999648
11098823.562584670833463 1547706.948628902500396
11098823.562584670833463 1547707.247214840000352
11098823.562584670833463 1547707.545800777500308
11098823.562584670833463 1547707.844386715000264
11098823.562584670833463 1547708.142972652500220
11098823.562584670833463 1547708.441558590000176
11098823.562584670833463 1547708.740144527500132
11098823.562584670833463 1547709.038730465000088
11098823.562584670833463 1547709.337316402500044
11098823.562584670833463 1547709.635902340000000
11098823.562584670833463 1547709.934488277499956
11098823.562584670833463 1547710.233074214999912
11098823.562584670833463 1547710.531660152499868
11098823.562584670833463 1547710.830246089999824
11098823.562584670833463 1547711.128832027499780
11098823.562584670833463 1547711.427417964999736
11098823.562584670833463 1547711.726003902499692
11098823.562584670833463 1547712.024589839999648
11098823.861165400000000 1547706.948628902500396
11098823.861165400000000 1547707.247214840000352
11098823.861165400000000 1547707.545800777500308
11098823.861165400000000 1547707.844386715000264
11098823.861165400000000 1547708.142972652500220
11098823.861165400000000 1547708.441558590000176
11098823.861165400000000 1547708.740144527500132
11098823.861165400000000 1547709.038730465000088
11098823.861165400000000 1547709.337316402500044
11098823.861165400000000 1547709.635902340000000
11098823.861165400000000 1547709.934488277499956
11098823.861165400000000 1547710.233074214999912
11098823.861165400000000 1547710.531660152499868
11098823.861165400000000 1547710.830246089999824
11098823.861165400000000 1547711.128832027499780
11098823.861165400000000 1547711.427417964999736
11098823.861165400000000 1547711.726003902499692
11098823.861165400000000 1547712.024589839999648
11098824.159746129166537 1547706.948628902500396
11098824.159746129166537 1547707.247214840000352
11098824.159746129166537 1547707.545800777500308
11098824.159746129166537 1547707.844386715000264
11098824.159746129166537 1547708.142972652500220
11098824.159746129166537 1547708.441558590000176
11098824.159746129166537 1547708.740144527500132
11098824.159746129166537 1547709.038730465000088
11098824.159746129166537 1547709.337316402500044
11098824.159746129166537 1547709.635902340000000
11098824.159746129166537 1547709.934488277499956
11098824.159746129166537 1547710.233074214999912
11098824.159746129166537 1547710.531660152499868
11098824.159746129166537 1547710.830246089999824
11098824.159746129166537 1547711.128832027499780
11098824.159746129166537 1547711.427417964999736
11098824.159746129166537 1547711.726003902499692
11098824.159746129166537 1547712.024589839999648
11098824.458326858333074 1547706.948628902500396
11098824.458326858333074 1547707.247214840000352
11098824.458326858333074 1547707.545800777500308
11098824.458326858333074 1547707.844386715000264
11098824.458326858333074 1547708.142972652500220
11098824.458326858333074 1547708.441558590000176
11098824.458326858333074 1547708.740144527500132
11098824.458326858333074 1547709.038730465000088
11098824.458326858333074 1547709.337316402500044
11098824.458326858333074 1547709.635902340000000
11098824.458326858333074 1547709.934488277499956
11098824.458326858333074 1547710.233074214999912
11098824.458326858333074 1547710.531660152499868
11098824.458326858333074 1547710.830246089999824
11098824.458326858333074 1547711.128832027499780
11098824.458326858333074 1547711.427417964999736
11098824.458326858333074 1547711.726003902499692
11098824.458326858333074 1547712.024589839999648
11098824.756907587499611 1547706.948628902500396
11098824.756907587499611 1547707.247214840000352
11098824.756907587499611 1547707.545800777500308
11098824.756907587499611 1547707.844386715000264
11098824.756907587499611 1547708.142972652500220
11098824.756907587499611 1547708.441558590000176
11098824.756907587499611 1547708.740144527500132
11098824.756907587499611 1547709.038730465000088
11098824.756907587499611 1547709.337316402500044
11098824.756907587499611 1547709.635902340000000
11098824.756907587499611 1547709.934488277499956
11098824.756907587499611 1547710.233074214999912
11098824.756907587499611 1547710.531660152499868
11098824.756907587499611 1547710.830246089999824
11098824.756907587499611 1547711.128832027499780
11098824.756907587499611 1547711.427417964999736
11098824.756907587499611 1547711.726003902499692
11098824.756907587499611 1547712.024589839999648
11098825.055488316666148 1547706.948628902500396
11098825.055488316666148 1547707.247214840000352
11098825.055488316666148 1547707.545800777500308
11098825.055488316666148 1547707.844386715000264
11098825.055488316666148 1547708.142972652500220
11098825.055488316666148 1547708.441558590000176
11098825.055488316666148 1547708.740144527500132
11098825.055488316666148 1547709.038730465000088
11098825.055488316666148 1547709.337316402500044
11098825.055488316666148 1547709.635902340000000
11098825.055488316666148 1547709.934488277499956
11098825.055488316666148 1547710.233074214999912
11098825.055488316666148 1547710.531660152499868
11098825.055488316666148 1547710.830246089999824
11098825.055488316666148 1547711.128832027499780
11098825.055488316666148 1547711.427417964999736
11098825.055488316666148 1547711.726003902499692
11098825.055488316666148 1547712.024589839999648
11098825.354069045832685 1547706.948628902500396
11098825.354069045832685 1547707.247214840000352
11098825.354069045832685 1547707.545800777500308
11098825.354069045832685 1547707.844386715000264
11098825.354069045832685 1547708.142972652500220
11098825.354069045832685 1547708.441558590000176
11098825.354069045832685 1547708.740144527500132
11098825.354069045832685 1547709.038730465000088
11098825.354069045832685 1547709.337316402500044
11098825.354069045832685 1547709.635902340000000
11098825.354069045832685 1547709.934488277499956
11098825.354069045832685 1547710.233074214999912
11098825.354069045832685 1547710.531660152499868
11098825.354069045832685 1547710.830246089999824
11098825.354069045832685 1547711.128832027499780
11098825.354069045832685 1547711.427417964999736
11098825.354069045832685 1547711.726003902499692
11098825.354069045832685 1547712.024589839999648
11098825.652649774999222 1547706.948628902500396
11098825.652649774999222 1547707.247214840000352
11098825.652649774999222 1547707.545800777500308
11098825.652649774999222 1547707.844386715000264
11098825.652649774999222 1547708.142972652500220
11098825.652649774999222 1547708.441558590000176
11098825.652649774999222 1547708.740144527500132
11098825.652649774999222 1547709.038730465000088
11098825.652649774999222 1547709.337316402500044
11098825.652649774999222 1547709.635902340000000
11098825.652649774999222 1547709.934488277499956
11098825.652649774999222 1547710.233074214999912
11098825.652649774999222 1547710.531660152499868
11098825.652649774999222 1547710.830246089999824
11098825.652649774999222 1547711.128832027499780
11098825.652649774999222 1547711.427417964999736
11098825.652649774999222 1547711.726003902499692
11098825.652649774999222 1547712.024589839999648
11098825.951230504165759 1547706.948628902500396
11098825.951230504165759 1547707.247214840000352
11098825.951230504165759 1547707.545800777500308
11098825.951230504165759 1547707.844386715000264
11098825.951230504165759 1547708.142972652500220
11098825.951230504165759 1547708.441558590000176
11098825.951230504165759 1547708.740144527500132
11098825.951230504165759 1547709.038730465000088
11098825.951230504165759 1547709.337316402500044
11098825.951230504165759 1547709.635902340000000
11098825.951230504165759 1547709.934488277499956
11098825.951230504165759 1547710.233074214999912
11098825.951230504165759 1547710.531660152499868
11098825.951230504165759 1547710.830246089999824
11098825.951230504165759 1547711.128832027499780
11098825.951230504165759 1547711.427417964999736
11098825.951230504165759 1547711.726003902499692
11098825.951230504165759 1547712.024589839999648
11098826.249811233332296 1547706.948628902500396
11098826.249811233332296 1547707.247214840000352
11098826.249811233332296 1547707.545800777500308
11098826.249811233332296 1547707.844386715000264
11098826.249811233332296 1547708.142972652500220
11098826.249811233332296 1547708.441558590000176
11098826.249811233332296 1547708.740144527500132
11098826.249811233332296 1547709.038730465000088
11098826.249811233332296 1547709.337316402500044
11098826.249811233332296 1547709.635902340000000
11098826.249811233332296 1547709.934488277499956
11098826.249811233332296 1547710.233074214999912
11098826.249811233332296 1547710.531660152499868
11098826.249811233332296 1547710.830246089999824
11098826.249811233332296 1547711.128832027499780
11098826.249811233332296 1547711.427417964999736
11098826.249811233332296 1547711.726003902499692
11098826.249811233332296 1547712.024589839999648
