11099128.114928337501167 1547839.222199222500396
11099128.114928337501167 1547839.520785160000352
11099128.114928337501167 1547839.819371097500308
11099128.114928337501167 1547840.117957035000264
11099128.114928337501167 1547840.416542972500220
11099128.114928337501167 1547840.715128910000176
11099128.114928337501167 1547841.013714847500132
11099128.114928337501167 1547841.312300785000088
11099128.114928337501167 1547841.610886722500044
11099128.114928337501167 1547841.909472660000000
11099128.114928337501167 1547842.208058597499956
11099128.114928337501167 1547842.506644534999912
11099128.114928337501167 1547842.805230472499868
11099128.114928337501167 1547843.103816409999824
11099128.114928337501167 1547843.402402347499780
11099128.114928337501167 1547843.700988284999736
11099128.114928337501167 1547843.999574222499692
11099128.114928337501167 1547844.298160159999648
11099128.413509066667704 1547839.222199222500396
11099128.413509066667704 1547839.520785160000352
11099128.413509066667704 1547839.819371097500308
11099128.413509066667704 1547840.117957035000264
11099128.413509066667704 1547840.416542972500220
11099128.413509066667704 1547840.715128910000176
11099128.413509066667704 1547841.013714847500132
11099128.413509066667704 1547841.312300785000088
11099128.413509066667704 1547841.610886722500044
11099128.413509066667704 1547841.909472660000000
11099128.413509066667704 1547842.208058597499956
11099128.413509066667704 1547842.506644534999912
11099128.413509066667704 1547842.805230472499868
11099128.413509066667704 1547843.103816409999824
11099128.413509066667704 1547843.402402347499780
11099128.413509066667704 1547843.700988284999736
11099128.413509066667704 1547843.999574222499692
11099128.413509066667704 1547844.298160159999648
11099128.712089795834241 1547839.222199222500396
11099128.712089795834241 1547839.520785160000352
11099128.712089795834241 1547839.819371097500308
11099128.712089795834241 1547840.117957035000264
11099128.712089795834241 1547840.416542972500220
11099128.712089795834241 1547840.715128910000176
11099128.712089795834241 1547841.013714847500132
11099128.712089795834241 1547841.312300785000088
11099128.712089795834241 1547841.610886722500044
11099128.712089795834241 1547841.909472660000000
11099128.712089795834241 1547842.208058597499956
11099128.712089795834241 1547842.506644534999912
11099128.712089795834241 1547842.805230472499868
11099128.712089795834241 1547843.103816409999824
11099128.712089795834241 1547843.402402347499780
11099128.712089795834241 1547843.700988284999736
11099128.712089795834241 1547843.999574222499692
11099128.712089795834241 1547844.298160159999648
11099129.010670525000778 1547839.222199222500396
11099129.010670525000778 1547839.520785160000352
11099129.010670525000778 1547839.819371097500308
11099129.010670525000778 1547840.117957035000264
11099129.010670525000778 1547840.416542972500220
11099129.010670525000778 1547840.715128910000176
11099129.010670525000778 1547841.013714847500132
11099129.010670525000778 1547841.312300785000088
11099129.010670525000778 1547841.610886722500044
11099129.010670525000778 1547841.909472660000000
11099129.010670525000778 1547842.208058597499956
11099129.010670525000778 1547842.506644534999912
11099129.010670525000778 1547842.805230472499868
11099129.010670525000778 1547843.103816409999824
11099129.010670525000778 1547843.402402347499780
11099129.010670525000778 1547843.700988284999736
11099129.010670525000778 1547843.999574222499692
11099129.010670525000778 1547844.298160159999648
11099129.309251254167315 1547839.222199222500396
11099129.309251254167315 1547839.520785160000352
11099129.309251254167315 1547839.819371097500308
11099129.309251254167315 1547840.117957035000264
11099129.309251254167315 1547840.416542972500220
11099129.309251254167315 1547840.715128910000176
11099129.309251254167315 1547841.013714847500132
11099129.309251254167315 1547841.312300785000088
11099129.309251254167315 1547841.610886722500044
11099129.309251254167315 1547841.909472660000000
11099129.309251254167315 1547842.208058597499956
11099129.309251254167315 1547842.506644534999912
11099129.309251254167315 1547842.805230472499868
11099129.309251254167315 1547843.103816409999824
11099129.309251254167315 1547843.402402347499780
11099129.309251254167315 1547843.700988284999736
11099129.309251254167315 1547843.999574222499692
11099129.309251254167315 1547844.298160159999648
11099129.607831983333852 1547839.222199222500396
11099129.607831983333852 1547839.520785160000352
11099129.607831983333852 1547839.819371097500308
11099129.607831983333852 1547840.117957035000264
11099129.607831983333852 1547840.416542972500220
11099129.607831983333852 1547840.715128910000176
11099129.607831983333852 1547841.013714847500132
11099129.607831983333852 1547841.312300785000088
11099129.607831983333852 1547841.610886722500044
11099129.607831983333852 1547841.909472660000000
11099129.607831983333852 1547842.208058597499956
11099129.607831983333852 1547842.506644534999912
11099129.607831983333852 1547842.805230472499868
11099129.607831983333852 1547843.103816409999824
11099129.607831983333852 1547843.402402347499780
11099129.607831983333852 1547843.700988284999736
11099129.607831983333852 1547843.999574222499692
11099129.607831983333852 1547844.298160159999648
11099129.906412712500389 1547839.222199222500396
11099129.906412712500389 1547839.520785160000352
11099129.906412712500389 1547839.819371097500308
11099129.906412712500389 1547840.117957035000264
11099129.906412712500389 1547840.416542972500220
11099129.906412712500389 1547840.715128910000176
11099129.906412712500389 1547841.013714847500132
11099129.906412712500389 1547841.312300785000088
11099129.906412712500389 1547841.610886722500044
11099129.906412712500389 1547841.909472660000000
11099129.906412712500389 1547842.208058597499956
11099129.906412712500389 1547842.506644534999912
11099129.906412712500389 1547842.805230472499868
11099129.906412712500389 1547843.103816409999824
11099129.906412712500389 1547843.402402347499780
11099129.906412712500389 1547843.700988284999736
11099129.906412712500389 1547843.999574222499692
11099129.906412712500389 1547844.298160159999648
11099130.204993441666926 1547839.222199222500396
11099130.204993441666926 1547839.520785160000352
11099130.204993441666926 1547839.819371097500308
11099130.204993441666926 1547840.117957035000264
11099130.204993441666926 1547840.416542972500220
11099130.204993441666926 1547840.715128910000176
11099130.204993441666926 1547841.013714847500132
11099130.204993441666926 1547841.312300785000088
11099130.204993441666926 1547841.610886722500044
11099130.204993441666926 1547841.909472660000000
11099130.204993441666926 1547842.208058597499956
11099130.204993441666926 1547842.506644534999912
11099130.204993441666926 1547842.805230472499868
11099130.204993441666926 1547843.103816409999824
11099130.204993441666926 1547843.402402347499780
11099130.204993441666926 1547843.700988284999736
11099130.204993441666926 1547843.999574222499692
11099130.204993441666926 1547844.298160159999648
11099130.503574170833463 1547839.222199222500396
11099130.503574170833463 1547839.520785160000352
11099130.503574170833463 1547839.819371097500308
11099130.503574170833463 1547840.117957035000264
11099130.503574170833463 1547840.416542972500220
11099130.503574170833463 1547840.715128910000176
11099130.503574170833463 1547841.013714847500132
11099130.503574170833463 1547841.312300785000088
11099130.503574170833463 1547841.610886722500044
11099130.503574170833463 1547841.909472660000000
11099130.503574170833463 1547842.208058597499956
11099130.503574170833463 1547842.506644534999912
11099130.503574170833463 1547842.805230472499868
11099130.503574170833463 1547843.103816409999824
11099130.503574170833463 1547843.402402347499780
11099130.503574170833463 1547843.700988284999736
11099130.503574170833463 1547843.999574222499692
11099130.503574170833463 1547844.298160159999648
11099130.802154900000000 1547839.222199222500396
11099130.802154900000000 1547839.520785160000352
11099130.802154900000000 1547839.819371097500308
11099130.802154900000000 1547840.117957035000264
11099130.802154900000000 1547840.416542972500220
11099130.802154900000000 1547840.715128910000176
11099130.802154900000000 1547841.013714847500132
11099130.802154900000000 1547841.312300785000088
11099130.802154900000000 1547841.610886722500044
11099130.802154900000000 1547841.909472660000000
11099130.802154900000000 1547842.208058597499956
11099130.802154900000000 1547842.506644534999912
11099130.802154900000000 1547842.805230472499868
11099130.802154900000000 1547843.103816409999824
11099130.802154900000000 1547843.402402347499780
11099130.802154900000000 1547843.700988284999736
11099130.802154900000000 1547843.999574222499692
11099130.802154900000000 1547844.298160159999648
11099131.100735629166537 1547839.222199222500396
11099131.100735629166537 1547839.520785160000352
11099131.100735629166537 1547839.819371097500308
11099131.100735629166537 1547840.117957035000264
11099131.100735629166537 1547840.416542972500220
11099131.100735629166537 1547840.715128910000176
11099131.100735629166537 1547841.013714847500132
11099131.100735629166537 1547841.312300785000088
11099131.100735629166537 1547841.610886722500044
11099131.100735629166537 1547841.909472660000000
11099131.100735629166537 1547842.208058597499956
11099131.100735629166537 1547842.506644534999912
11099131.100735629166537 1547842.805230472499868
11099131.100735629166537 1547843.103816409999824
11099131.100735629166537 1547843.402402347499780
11099131.100735629166537 1547843.700988284999736
11099131.100735629166537 1547843.999574222499692
11099131.100735629166537 1547844.298160159999648
11099131.399316358333074 1547839.222199222500396
11099131.399316358333074 1547839.520785160000352
11099131.399316358333074 1547839.819371097500308
11099131.399316358333074 1547840.117957035000264
11099131.399316358333074 1547840.416542972500220
11099131.399316358333074 1547840.715128910000176
11099131.399316358333074 1547841.013714847500132
11099131.399316358333074 1547841.312300785000088
11099131.399316358333074 1547841.610886722500044
11099131.399316358333074 1547841.909472660000000
11099131.399316358333074 1547842.208058597499956
11099131.399316358333074 1547842.506644534999912
11099131.399316358333074 1547842.805230472499868
11099131.399316358333074 1547843.103816409999824
11099131.399316358333074 1547843.402402347499780
11099131.399316358333074 1547843.700988284999736
11099131.399316358333074 1547843.999574222499692
11099131.399316358333074 1547844.298160159999648
11099131.697897087499611 1547839.222199222500396
11099131.697897087499611 1547839.520785160000352
11099131.697897087499611 1547839.819371097500308
11099131.697897087499611 1547840.117957035000264
11099131.697897087499611 1547840.416542972500220
11099131.697897087499611 1547840.715128910000176
11099131.697897087499611 1547841.013714847500132
11099131.697897087499611 1547841.312300785000088
11099131.697897087499611 1547841.610886722500044
11099131.697897087499611 1547841.909472660000000
11099131.697897087499611 1547842.208058597499956
11099131.697897087499611 1547842.506644534999912
11099131.697897087499611 1547842.805230472499868
11099131.697897087499611 1547843.103816409999824
11099131.697897087499611 1547843.402402347499780
11099131.697897087499611 1547843.700988284999736
11099131.697897087499611 1547843.999574222499692
11099131.697897087499611 1547844.298160159999648
11099131.996477816666148 1547839.222199222500396
11099131.996477816666148 1547839.520785160000352
11099131.996477816666148 1547839.819371097500308
11099131.996477816666148 1547840.117957035000264
11099131.996477816666148 1547840.416542972500220
11099131.996477816666148 1547840.715128910000176
11099131.996477816666148 1547841.013714847500132
11099131.996477816666148 1547841.312300785000088
11099131.996477816666148 1547841.610886722500044
11099131.996477816666148 1547841.909472660000000
11099131.996477816666148 1547842.208058597499956
11099131.996477816666148 1547842.506644534999912
11099131.996477816666148 1547842.805230472499868
11099131.996477816666148 1547843.103816409999824
11099131.996477816666148 1547843.402402347499780
11099131.996477816666148 1547843.700988284999736
11099131.996477816666148 1547843.999574222499692
11099131.996477816666148 1547844.298160159999648
11099132.295058545832685 1547839.222199222500396
11099132.295058545832685 1547839.520785160000352
11099132.295058545832685 1547839.819371097500308
11099132.295058545832685 1547840.117957035000264
11099132.295058545832685 1547840.416542972500220
11099132.295058545832685 1547840.715128910000176
11099132.295058545832685 1547841.013714847500132
11099132.295058545832685 1547841.312300785000088
11099132.295058545832685 1547841.610886722500044
11099132.295058545832685 1547841.909472660000000
11099132.295058545832685 1547842.208058597499956
11099132.295058545832685 1547842.506644534999912
11099132.295058545832685 1547842.805230472499868
11099132.295058545832685 1547843.103816409999824
11099132.295058545832685 1547843.402402347499780
11099132.295058545832685 1547843.700988284999736
11099132.295058545832685 1547843.999574222499692
11099132.295058545832685 1547844.298160159999648
11099132.593639274999222 1547839.222199222500396
11099132.593639274999222 1547839.520785160000352
11099132.593639274999222 1547839.819371097500308
11099132.593639274999222 1547840.117957035000264
11099132.593639274999222 1547840.416542972500220
11099132.593639274999222 1547840.715128910000176
11099132.593639274999222 1547841.013714847500132
11099132.593639274999222 1547841.312300785000088
11099132.593639274999222 1547841.610886722500044
11099132.593639274999222 1547841.909472660000000
11099132.593639274999222 1547842.208058597499956
11099132.593639274999222 1547842.506644534999912
11099132.593639274999222 1547842.805230472499868
11099132.593639274999222 1547843.103816409999824
11099132.593639274999222 1547843.402402347499780
11099132.593639274999222 1547843.700988284999736
11099132.593639274999222 1547843.999574222499692
11099132.593639274999222 1547844.298160159999648
11099132.892220004165759 1547839.222199222500396
11099132.892220004165759 1547839.520785160000352
11099132.892220004165759 1547839.819371097500308
11099132.892220004165759 1547840.117957035000264
11099132.892220004165759 1547840.416542972500220
11099132.892220004165759 1547840.715128910000176
11099132.892220004165759 1547841.013714847500132
11099132.892220004165759 1547841.312300785000088
11099132.892220004165759 1547841.610886722500044
11099132.892220004165759 1547841.909472660000000
11099132.892220004165759 1547842.208058597499956
11099132.892220004165759 1547842.506644534999912
11099132.892220004165759 1547842.805230472499868
11099132.892220004165759 1547843.103816409999824
11099132.892220004165759 1547843.402402347499780
11099132.892220004165759 1547843.700988284999736
11099132.892220004165759 1547843.999574222499692
11099132.892220004165759 1547844.298160159999648
11099133.190800733332296 1547839.222199222500396
11099133.190800733332296 1547839.520785160000352
11099133.190800733332296 1547839.819371097500308
11099133.190800733332296 1547840.117957035000264
11099133.190800733332296 1547840.416542972500220
11099133.190800733332296 1547840.715128910000176
11099133.190800733332296 1547841.013714847500132
11099133.190800733332296 1547841.312300785000088
11099133.190800733332296 1547841.610886722500044
11099133.190800733332296 1547841.909472660000000
11099133.190800733332296 1547842.208058597499956
11099133.190800733332296 1547842.506644534999912
11099133.190800733332296 1547842.805230472499868
11099133.190800733332296 1547843.103816409999824
11099133.190800733332296 1547843.402402347499780
11099133.190800733332296 1547843.700988284999736
11099133.190800733332296 1547843.999574222499692
11099133.190800733332296 1547844.298160159999648
