11098956.431009137501167 1547898.640800782500396
11098956.431009137501167 1547898.939386720000352
11098956.431009137501167 1547899.237972657500308
11098956.431009137501167 1547899.536558595000264
11098956.431009137501167 1547899.835144532500220
11098956.431009137501167 1547900.133730470000176
11098956.431009137501167 1547900.432316407500132
11098956.431009137501167 1547900.730902345000088
11098956.431009137501167 1547901.029488282500044
11098956.431009137501167 1547901.328074220000000
11098956.431009137501167 1547901.626660157499956
11098956.431009137501167 1547901.925246094999912
11098956.431009137501167 1547902.223832032499868
11098956.431009137501167 1547902.522417969999824
11098956.431009137501167 1547902.821003907499780
11098956.431009137501167 1547903.119589844999736
11098956.431009137501167 1547903.418175782499692
11098956.431009137501167 1547903.716761719999648
11098956.729589866667704 1547898.640800782500396
11098956.729589866667704 1547898.939386720000352
11098956.729589866667704 1547899.237972657500308
11098956.729589866667704 1547899.536558595000264
11098956.729589866667704 1547899.835144532500220
11098956.729589866667704 1547900.133730470000176
11098956.729589866667704 1547900.432316407500132
11098956.729589866667704 1547900.730902345000088
11098956.729589866667704 1547901.029488282500044
11098956.729589866667704 1547901.328074220000000
11098956.729589866667704 1547901.626660157499956
11098956.729589866667704 1547901.925246094999912
11098956.729589866667704 1547902.223832032499868
11098956.729589866667704 1547902.522417969999824
11098956.729589866667704 1547902.821003907499780
11098956.729589866667704 1547903.119589844999736
11098956.729589866667704 1547903.418175782499692
11098956.729589866667704 1547903.716761719999648
11098957.028170595834241 1547898.640800782500396
11098957.028170595834241 1547898.939386720000352
11098957.028170595834241 1547899.237972657500308
11098957.028170595834241 1547899.536558595000264
11098957.028170595834241 1547899.835144532500220
11098957.028170595834241 1547900.133730470000176
11098957.028170595834241 1547900.432316407500132
11098957.028170595834241 1547900.730902345000088
11098957.028170595834241 1547901.029488282500044
11098957.028170595834241 1547901.328074220000000
11098957.028170595834241 1547901.626660157499956
11098957.028170595834241 1547901.925246094999912
11098957.028170595834241 1547902.223832032499868
11098957.028170595834241 1547902.522417969999824
11098957.028170595834241 1547902.821003907499780
11098957.028170595834241 1547903.119589844999736
11098957.028170595834241 1547903.418175782499692
11098957.028170595834241 1547903.716761719999648
11098957.326751325000778 1547898.640800782500396
11098957.326751325000778 1547898.939386720000352
11098957.326751325000778 1547899.237972657500308
11098957.326751325000778 1547899.536558595000264
11098957.326751325000778 1547899.835144532500220
11098957.326751325000778 1547900.133730470000176
11098957.326751325000778 1547900.432316407500132
11098957.326751325000778 1547900.730902345000088
11098957.326751325000778 1547901.029488282500044
11098957.326751325000778 1547901.328074220000000
11098957.326751325000778 1547901.626660157499956
11098957.326751325000778 1547901.925246094999912
11098957.326751325000778 1547902.223832032499868
11098957.326751325000778 1547902.522417969999824
11098957.326751325000778 1547902.821003907499780
11098957.326751325000778 1547903.119589844999736
11098957.326751325000778 1547903.418175782499692
11098957.326751325000778 1547903.716761719999648
11098957.625332054167315 1547898.640800782500396
11098957.625332054167315 1547898.939386720000352
11098957.625332054167315 1547899.237972657500308
11098957.625332054167315 1547899.536558595000264
11098957.625332054167315 1547899.835144532500220
11098957.625332054167315 1547900.133730470000176
11098957.625332054167315 1547900.432316407500132
11098957.625332054167315 1547900.730902345000088
11098957.625332054167315 1547901.029488282500044
11098957.625332054167315 1547901.328074220000000
11098957.625332054167315 1547901.626660157499956
11098957.625332054167315 1547901.925246094999912
11098957.625332054167315 1547902.223832032499868
11098957.625332054167315 1547902.522417969999824
11098957.625332054167315 1547902.821003907499780
11098957.625332054167315 1547903.119589844999736
11098957.625332054167315 1547903.418175782499692
11098957.625332054167315 1547903.716761719999648
11098957.923912783333852 1547898.640800782500396
11098957.923912783333852 1547898.939386720000352
11098957.923912783333852 1547899.237972657500308
11098957.923912783333852 1547899.536558595000264
11098957.923912783333852 1547899.835144532500220
11098957.923912783333852 1547900.133730470000176
11098957.923912783333852 1547900.432316407500132
11098957.923912783333852 1547900.730902345000088
11098957.923912783333852 1547901.029488282500044
11098957.923912783333852 1547901.328074220000000
11098957.923912783333852 1547901.626660157499956
11098957.923912783333852 1547901.925246094999912
11098957.923912783333852 1547902.223832032499868
11098957.923912783333852 1547902.522417969999824
11098957.923912783333852 1547902.821003907499780
11098957.923912783333852 1547903.119589844999736
11098957.923912783333852 1547903.418175782499692
11098957.923912783333852 1547903.716761719999648
11098958.222493512500389 1547898.640800782500396
11098958.222493512500389 1547898.939386720000352
11098958.222493512500389 1547899.237972657500308
11098958.222493512500389 1547899.536558595000264
11098958.222493512500389 1547899.835144532500220
11098958.222493512500389 1547900.133730470000176
11098958.222493512500389 1547900.432316407500132
11098958.222493512500389 1547900.730902345000088
11098958.222493512500389 1547901.029488282500044
11098958.222493512500389 1547901.328074220000000
11098958.222493512500389 1547901.626660157499956
11098958.222493512500389 1547901.925246094999912
11098958.222493512500389 1547902.223832032499868
11098958.222493512500389 1547902.522417969999824
11098958.222493512500389 1547902.821003907499780
11098958.222493512500389 1547903.119589844999736
11098958.222493512500389 1547903.418175782499692
11098958.222493512500389 1547903.716761719999648
11098958.521074241666926 1547898.640800782500396
11098958.521074241666926 1547898.939386720000352
11098958.521074241666926 1547899.237972657500308
11098958.521074241666926 1547899.536558595000264
11098958.521074241666926 1547899.835144532500220
11098958.521074241666926 1547900.133730470000176
11098958.521074241666926 1547900.432316407500132
11098958.521074241666926 1547900.730902345000088
11098958.521074241666926 1547901.029488282500044
11098958.521074241666926 1547901.328074220000000
11098958.521074241666926 1547901.626660157499956
11098958.521074241666926 1547901.925246094999912
11098958.521074241666926 1547902.223832032499868
11098958.521074241666926 1547902.522417969999824
11098958.521074241666926 1547902.821003907499780
11098958.521074241666926 1547903.119589844999736
11098958.521074241666926 1547903.418175782499692
11098958.521074241666926 1547903.716761719999648
11098958.819654970833463 1547898.640800782500396
11098958.819654970833463 1547898.939386720000352
11098958.819654970833463 1547899.237972657500308
11098958.819654970833463 1547899.536558595000264
11098958.819654970833463 1547899.835144532500220
11098958.819654970833463 1547900.133730470000176
11098958.819654970833463 1547900.432316407500132
11098958.819654970833463 1547900.730902345000088
11098958.819654970833463 1547901.029488282500044
11098958.819654970833463 1547901.328074220000000
11098958.819654970833463 1547901.626660157499956
11098958.819654970833463 1547901.925246094999912
11098958.819654970833463 1547902.223832032499868
11098958.819654970833463 1547902.522417969999824
11098958.819654970833463 1547902.821003907499780
11098958.819654970833463 1547903.119589844999736
11098958.819654970833463 1547903.418175782499692
11098958.819654970833463 1547903.716761719999648
11098959.118235700000000 1547898.640800782500396
11098959.118235700000000 1547898.939386720000352
11098959.118235700000000 1547899.237972657500308
11098959.118235700000000 1547899.536558595000264
11098959.118235700000000 1547899.835144532500220
11098959.118235700000000 1547900.133730470000176
11098959.118235700000000 1547900.432316407500132
11098959.118235700000000 1547900.730902345000088
11098959.118235700000000 1547901.029488282500044
11098959.118235700000000 1547901.328074220000000
11098959.118235700000000 1547901.626660157499956
11098959.118235700000000 1547901.925246094999912
11098959.118235700000000 1547902.223832032499868
11098959.118235700000000 1547902.522417969999824
11098959.118235700000000 1547902.821003907499780
11098959.118235700000000 1547903.119589844999736
11098959.118235700000000 1547903.418175782499692
11098959.118235700000000 1547903.716761719999648
11098959.416816429166537 1547898.640800782500396
11098959.416816429166537 1547898.939386720000352
11098959.416816429166537 1547899.237972657500308
11098959.416816429166537 1547899.536558595000264
11098959.416816429166537 1547899.835144532500220
11098959.416816429166537 1547900.133730470000176
11098959.416816429166537 1547900.432316407500132
11098959.416816429166537 1547900.730902345000088
11098959.416816429166537 1547901.029488282500044
11098959.416816429166537 1547901.328074220000000
11098959.416816429166537 1547901.626660157499956
11098959.416816429166537 1547901.925246094999912
11098959.416816429166537 1547902.223832032499868
11098959.416816429166537 1547902.522417969999824
11098959.416816429166537 1547902.821003907499780
11098959.416816429166537 1547903.119589844999736
11098959.416816429166537 1547903.418175782499692
11098959.416816429166537 1547903.716761719999648
11098959.715397158333074 1547898.640800782500396
11098959.715397158333074 1547898.939386720000352
11098959.715397158333074 1547899.237972657500308
11098959.715397158333074 1547899.536558595000264
11098959.715397158333074 1547899.835144532500220
11098959.715397158333074 1547900.133730470000176
11098959.715397158333074 1547900.432316407500132
11098959.715397158333074 1547900.730902345000088
11098959.715397158333074 1547901.029488282500044
11098959.715397158333074 1547901.328074220000000
11098959.715397158333074 1547901.626660157499956
11098959.715397158333074 1547901.925246094999912
11098959.715397158333074 1547902.223832032499868
11098959.715397158333074 1547902.522417969999824
11098959.715397158333074 1547902.821003907499780
11098959.715397158333074 1547903.119589844999736
11098959.715397158333074 1547903.418175782499692
11098959.715397158333074 1547903.716761719999648
11098960.013977887499611 1547898.640800782500396
11098960.013977887499611 1547898.939386720000352
11098960.013977887499611 1547899.237972657500308
11098960.013977887499611 1547899.536558595000264
11098960.013977887499611 1547899.835144532500220
11098960.013977887499611 1547900.133730470000176
11098960.013977887499611 1547900.432316407500132
11098960.013977887499611 1547900.730902345000088
11098960.013977887499611 1547901.029488282500044
11098960.013977887499611 1547901.328074220000000
11098960.013977887499611 1547901.626660157499956
11098960.013977887499611 1547901.925246094999912
11098960.013977887499611 1547902.223832032499868
11098960.013977887499611 1547902.522417969999824
11098960.013977887499611 1547902.821003907499780
11098960.013977887499611 1547903.119589844999736
11098960.013977887499611 1547903.418175782499692
11098960.013977887499611 1547903.716761719999648
11098960.312558616666148 1547898.640800782500396
11098960.312558616666148 1547898.939386720000352
11098960.312558616666148 1547899.237972657500308
11098960.312558616666148 1547899.536558595000264
11098960.312558616666148 1547899.835144532500220
11098960.312558616666148 1547900.133730470000176
11098960.312558616666148 1547900.432316407500132
11098960.312558616666148 1547900.730902345000088
11098960.312558616666148 1547901.029488282500044
11098960.312558616666148 1547901.328074220000000
11098960.312558616666148 1547901.626660157499956
11098960.312558616666148 1547901.925246094999912
11098960.312558616666148 1547902.223832032499868
11098960.312558616666148 1547902.522417969999824
11098960.312558616666148 1547902.821003907499780
11098960.312558616666148 1547903.119589844999736
11098960.312558616666148 1547903.418175782499692
11098960.312558616666148 1547903.716761719999648
11098960.611139345832685 1547898.640800782500396
11098960.611139345832685 1547898.939386720000352
11098960.611139345832685 1547899.237972657500308
11098960.611139345832685 1547899.536558595000264
11098960.611139345832685 1547899.835144532500220
11098960.611139345832685 1547900.133730470000176
11098960.611139345832685 1547900.432316407500132
11098960.611139345832685 1547900.730902345000088
11098960.611139345832685 1547901.029488282500044
11098960.611139345832685 1547901.328074220000000
11098960.611139345832685 1547901.626660157499956
11098960.611139345832685 1547901.925246094999912
11098960.611139345832685 1547902.223832032499868
11098960.611139345832685 1547902.522417969999824
11098960.611139345832685 1547902.821003907499780
11098960.611139345832685 1547903.119589844999736
11098960.611139345832685 1547903.418175782499692
11098960.611139345832685 1547903.716761719999648
11098960.909720074999222 1547898.640800782500396
11098960.909720074999222 1547898.939386720000352
11098960.909720074999222 1547899.237972657500308
11098960.909720074999222 1547899.536558595000264
11098960.909720074999222 1547899.835144532500220
11098960.909720074999222 1547900.133730470000176
11098960.909720074999222 1547900.432316407500132
11098960.909720074999222 1547900.730902345000088
11098960.909720074999222 1547901.029488282500044
11098960.909720074999222 1547901.328074220000000
11098960.909720074999222 1547901.626660157499956
11098960.909720074999222 1547901.925246094999912
11098960.909720074999222 1547902.223832032499868
11098960.909720074999222 1547902.522417969999824
11098960.909720074999222 1547902.821003907499780
11098960.909720074999222 1547903.119589844999736
11098960.909720074999222 1547903.418175782499692
11098960.909720074999222 1547903.716761719999648
11098961.208300804165759 1547898.640800782500396
11098961.208300804165759 1547898.939386720000352
11098961.208300804165759 1547899.237972657500308
11098961.208300804165759 1547899.536558595000264
11098961.208300804165759 1547899.835144532500220
11098961.208300804165759 1547900.133730470000176
11098961.208300804165759 1547900.432316407500132
11098961.208300804165759 1547900.730902345000088
11098961.208300804165759 1547901.029488282500044
11098961.208300804165759 1547901.328074220000000
11098961.208300804165759 1547901.626660157499956
11098961.208300804165759 1547901.925246094999912
11098961.208300804165759 1547902.223832032499868
11098961.208300804165759 1547902.522417969999824
11098961.208300804165759 1547902.821003907499780
11098961.208300804165759 1547903.119589844999736
11098961.208300804165759 1547903.418175782499692
11098961.208300804165759 1547903.716761719999648
11098961.506881533332296 1547898.640800782500396
11098961.506881533332296 1547898.939386720000352
11098961.506881533332296 1547899.237972657500308
11098961.506881533332296 1547899.536558595000264
11098961.506881533332296 1547899.835144532500220
11098961.506881533332296 1547900.133730470000176
11098961.506881533332296 1547900.432316407500132
11098961.506881533332296 1547900.730902345000088
11098961.506881533332296 1547901.029488282500044
11098961.506881533332296 1547901.328074220000000
11098961.506881533332296 1547901.626660157499956
11098961.506881533332296 1547901.925246094999912
11098961.506881533332296 1547902.223832032499868
11098961.506881533332296 1547902.522417969999824
11098961.506881533332296 1547902.821003907499780
11098961.506881533332296 1547903.119589844999736
11098961.506881533332296 1547903.418175782499692
11098961.506881533332296 1547903.716761719999648
