11099285.168391937501167 1547801.003199222500396
11099285.168391937501167 1547801.301785160000352
11099285.168391937501167 1547801.600371097500308
11099285.168391937501167 1547801.898957035000264
11099285.168391937501167 1547802.197542972500220
11099285.168391937501167 1547802.496128910000176
11099285.168391937501167 1547802.794714847500132
11099285.168391937501167 1547803.093300785000088
11099285.168391937501167 1547803.391886722500044
11099285.168391937501167 1547803.690472660000000
11099285.168391937501167 1547803.989058597499956
11099285.168391937501167 1547804.287644534999912
11099285.168391937501167 1547804.586230472499868
11099285.168391937501167 1547804.884816409999824
11099285.168391937501167 1547805.183402347499780
11099285.168391937501167 1547805.481988284999736
11099285.168391937501167 1547805.780574222499692
11099285.168391937501167 1547806.079160159999648
11099285.466972666667704 1547801.003199222500396
11099285.466972666667704 1547801.301785160000352
11099285.466972666667704 1547801.600371097500308
11099285.466972666667704 1547801.898957035000264
11099285.466972666667704 1547802.197542972500220
11099285.466972666667704 1547802.496128910000176
11099285.466972666667704 1547802.794714847500132
11099285.466972666667704 1547803.093300785000088
11099285.466972666667704 1547803.391886722500044
11099285.466972666667704 1547803.690472660000000
11099285.466972666667704 1547803.989058597499956
11099285.466972666667704 1547804.287644534999912
11099285.466972666667704 1547804.586230472499868
11099285.466972666667704 1547804.884816409999824
11099285.466972666667704 1547805.183402347499780
11099285.466972666667704 1547805.481988284999736
11099285.466972666667704 1547805.780574222499692
11099285.466972666667704 1547806.079160159999648
11099285.765553395834241 1547801.003199222500396
11099285.765553395834241 1547801.301785160000352
11099285.765553395834241 1547801.600371097500308
11099285.765553395834241 1547801.898957035000264
11099285.765553395834241 1547802.197542972500220
11099285.765553395834241 1547802.496128910000176
11099285.765553395834241 1547802.794714847500132
11099285.765553395834241 1547803.093300785000088
11099285.765553395834241 1547803.391886722500044
11099285.765553395834241 1547803.690472660000000
11099285.765553395834241 1547803.989058597499956
11099285.765553395834241 1547804.287644534999912
11099285.765553395834241 1547804.586230472499868
11099285.765553395834241 1547804.884816409999824
11099285.765553395834241 1547805.183402347499780
11099285.765553395834241 1547805.481988284999736
11099285.765553395834241 1547805.780574222499692
11099285.765553395834241 1547806.079160159999648
11099286.064134125000778 1547801.003199222500396
11099286.064134125000778 1547801.301785160000352
11099286.064134125000778 1547801.600371097500308
11099286.064134125000778 1547801.898957035000264
11099286.064134125000778 1547802.197542972500220
11099286.064134125000778 1547802.496128910000176
11099286.064134125000778 1547802.794714847500132
11099286.064134125000778 1547803.093300785000088
11099286.064134125000778 1547803.391886722500044
11099286.064134125000778 1547803.690472660000000
11099286.064134125000778 1547803.989058597499956
11099286.064134125000778 1547804.287644534999912
11099286.064134125000778 1547804.586230472499868
11099286.064134125000778 1547804.884816409999824
11099286.064134125000778 1547805.183402347499780
11099286.064134125000778 1547805.481988284999736
11099286.064134125000778 1547805.780574222499692
11099286.064134125000778 1547806.079160159999648
11099286.362714854167315 1547801.003199222500396
11099286.362714854167315 1547801.301785160000352
11099286.362714854167315 1547801.600371097500308
11099286.362714854167315 1547801.898957035000264
11099286.362714854167315 1547802.197542972500220
11099286.362714854167315 1547802.496128910000176
11099286.362714854167315 1547802.794714847500132
11099286.362714854167315 1547803.093300785000088
11099286.362714854167315 1547803.391886722500044
11099286.362714854167315 1547803.690472660000000
11099286.362714854167315 1547803.989058597499956
11099286.362714854167315 1547804.287644534999912
11099286.362714854167315 1547804.586230472499868
11099286.362714854167315 1547804.884816409999824
11099286.362714854167315 1547805.183402347499780
11099286.362714854167315 1547805.481988284999736
11099286.362714854167315 1547805.780574222499692
11099286.362714854167315 1547806.079160159999648
11099286.661295583333852 1547801.003199222500396
11099286.661295583333852 1547801.301785160000352
11099286.661295583333852 1547801.600371097500308
11099286.661295583333852 1547801.898957035000264
11099286.661295583333852 1547802.197542972500220
11099286.661295583333852 1547802.496128910000176
11099286.661295583333852 1547802.794714847500132
11099286.661295583333852 1547803.093300785000088
11099286.661295583333852 1547803.391886722500044
11099286.661295583333852 1547803.690472660000000
11099286.661295583333852 1547803.989058597499956
11099286.661295583333852 1547804.287644534999912
11099286.661295583333852 1547804.586230472499868
11099286.661295583333852 1547804.884816409999824
11099286.661295583333852 1547805.183402347499780
11099286.661295583333852 1547805.481988284999736
11099286.661295583333852 1547805.780574222499692
11099286.661295583333852 1547806.079160159999648
11099286.959876312500389 1547801.003199222500396
11099286.959876312500389 1547801.301785160000352
11099286.959876312500389 1547801.600371097500308
11099286.959876312500389 1547801.898957035000264
11099286.959876312500389 1547802.197542972500220
11099286.959876312500389 1547802.496128910000176
11099286.959876312500389 1547802.794714847500132
11099286.959876312500389 1547803.093300785000088
11099286.959876312500389 1547803.391886722500044
11099286.959876312500389 1547803.690472660000000
11099286.959876312500389 1547803.989058597499956
11099286.959876312500389 1547804.287644534999912
11099286.959876312500389 1547804.586230472499868
11099286.959876312500389 1547804.884816409999824
11099286.959876312500389 1547805.183402347499780
11099286.959876312500389 1547805.481988284999736
11099286.959876312500389 1547805.780574222499692
11099286.959876312500389 1547806.079160159999648
11099287.258457041666926 1547801.003199222500396
11099287.258457041666926 1547801.301785160000352
11099287.258457041666926 1547801.600371097500308
11099287.258457041666926 1547801.898957035000264
11099287.258457041666926 1547802.197542972500220
11099287.258457041666926 1547802.496128910000176
11099287.258457041666926 1547802.794714847500132
11099287.258457041666926 1547803.093300785000088
11099287.258457041666926 1547803.391886722500044
11099287.258457041666926 1547803.690472660000000
11099287.258457041666926 1547803.989058597499956
11099287.258457041666926 1547804.287644534999912
11099287.258457041666926 1547804.586230472499868
11099287.258457041666926 1547804.884816409999824
11099287.258457041666926 1547805.183402347499780
11099287.258457041666926 1547805.481988284999736
11099287.258457041666926 1547805.780574222499692
11099287.258457041666926 1547806.079160159999648
11099287.557037770833463 1547801.003199222500396
11099287.557037770833463 1547801.301785160000352
11099287.557037770833463 1547801.600371097500308
11099287.557037770833463 1547801.898957035000264
11099287.557037770833463 1547802.197542972500220
11099287.557037770833463 1547802.496128910000176
11099287.557037770833463 1547802.794714847500132
11099287.557037770833463 1547803.093300785000088
11099287.557037770833463 1547803.391886722500044
11099287.557037770833463 1547803.690472660000000
11099287.557037770833463 1547803.989058597499956
11099287.557037770833463 1547804.287644534999912
11099287.557037770833463 1547804.586230472499868
11099287.557037770833463 1547804.884816409999824
11099287.557037770833463 1547805.183402347499780
11099287.557037770833463 1547805.481988284999736
11099287.557037770833463 1547805.780574222499692
11099287.557037770833463 1547806.079160159999648
11099287.855618500000000 1547801.003199222500396
11099287.855618500000000 1547801.301785160000352
11099287.855618500000000 1547801.600371097500308
11099287.855618500000000 1547801.898957035000264
11099287.855618500000000 1547802.197542972500220
11099287.855618500000000 1547802.496128910000176
11099287.855618500000000 1547802.794714847500132
11099287.855618500000000 1547803.093300785000088
11099287.855618500000000 1547803.391886722500044
11099287.855618500000000 1547803.690472660000000
11099287.855618500000000 1547803.989058597499956
11099287.855618500000000 1547804.287644534999912
11099287.855618500000000 1547804.586230472499868
11099287.855618500000000 1547804.884816409999824
11099287.855618500000000 1547805.183402347499780
11099287.855618500000000 1547805.481988284999736
11099287.855618500000000 1547805.780574222499692
11099287.855618500000000 1547806.079160159999648
11099288.154199229166537 1547801.003199222500396
11099288.154199229166537 1547801.301785160000352
11099288.154199229166537 1547801.600371097500308
11099288.154199229166537 1547801.898957035000264
11099288.154199229166537 1547802.197542972500220
11099288.154199229166537 1547802.496128910000176
11099288.154199229166537 1547802.794714847500132
11099288.154199229166537 1547803.093300785000088
11099288.154199229166537 1547803.391886722500044
11099288.154199229166537 1547803.690472660000000
11099288.154199229166537 1547803.989058597499956
11099288.154199229166537 1547804.287644534999912
11099288.154199229166537 1547804.586230472499868
11099288.154199229166537 1547804.884816409999824
11099288.154199229166537 1547805.183402347499780
11099288.154199229166537 1547805.481988284999736
11099288.154199229166537 1547805.780574222499692
11099288.154199229166537 1547806.079160159999648
11099288.452779958333074 1547801.003199222500396
11099288.452779958333074 1547801.301785160000352
11099288.452779958333074 1547801.600371097500308
11099288.452779958333074 1547801.898957035000264
11099288.452779958333074 1547802.197542972500220
11099288.452779958333074 1547802.496128910000176
11099288.452779958333074 1547802.794714847500132
11099288.452779958333074 1547803.093300785000088
11099288.452779958333074 1547803.391886722500044
11099288.452779958333074 1547803.690472660000000
11099288.452779958333074 1547803.989058597499956
11099288.452779958333074 1547804.287644534999912
11099288.452779958333074 1547804.586230472499868
11099288.452779958333074 1547804.884816409999824
11099288.452779958333074 1547805.183402347499780
11099288.452779958333074 1547805.481988284999736
11099288.452779958333074 1547805.780574222499692
11099288.452779958333074 1547806.079160159999648
11099288.751360687499611 1547801.003199222500396
11099288.751360687499611 1547801.301785160000352
11099288.751360687499611 1547801.600371097500308
11099288.751360687499611 1547801.898957035000264
11099288.751360687499611 1547802.197542972500220
11099288.751360687499611 1547802.496128910000176
11099288.751360687499611 1547802.794714847500132
11099288.751360687499611 1547803.093300785000088
11099288.751360687499611 1547803.391886722500044
11099288.751360687499611 1547803.690472660000000
11099288.751360687499611 1547803.989058597499956
11099288.751360687499611 1547804.287644534999912
11099288.751360687499611 1547804.586230472499868
11099288.751360687499611 1547804.884816409999824
11099288.751360687499611 1547805.183402347499780
11099288.751360687499611 1547805.481988284999736
11099288.751360687499611 1547805.780574222499692
11099288.751360687499611 1547806.079160159999648
11099289.049941416666148 1547801.003199222500396
11099289.049941416666148 1547801.301785160000352
11099289.049941416666148 1547801.600371097500308
11099289.049941416666148 1547801.898957035000264
11099289.049941416666148 1547802.197542972500220
11099289.049941416666148 1547802.496128910000176
11099289.049941416666148 1547802.794714847500132
11099289.049941416666148 1547803.093300785000088
11099289.049941416666148 1547803.391886722500044
11099289.049941416666148 1547803.690472660000000
11099289.049941416666148 1547803.989058597499956
11099289.049941416666148 1547804.287644534999912
11099289.049941416666148 1547804.586230472499868
11099289.049941416666148 1547804.884816409999824
11099289.049941416666148 1547805.183402347499780
11099289.049941416666148 1547805.481988284999736
11099289.049941416666148 1547805.780574222499692
11099289.049941416666148 1547806.079160159999648
11099289.348522145832685 1547801.003199222500396
11099289.348522145832685 1547801.301785160000352
11099289.348522145832685 1547801.600371097500308
11099289.348522145832685 1547801.898957035000264
11099289.348522145832685 1547802.197542972500220
11099289.348522145832685 1547802.496128910000176
11099289.348522145832685 1547802.794714847500132
11099289.348522145832685 1547803.093300785000088
11099289.348522145832685 1547803.391886722500044
11099289.348522145832685 1547803.690472660000000
11099289.348522145832685 1547803.989058597499956
11099289.348522145832685 1547804.287644534999912
11099289.348522145832685 1547804.586230472499868
11099289.348522145832685 1547804.884816409999824
11099289.348522145832685 1547805.183402347499780
11099289.348522145832685 1547805.481988284999736
11099289.348522145832685 1547805.780574222499692
11099289.348522145832685 1547806.079160159999648
11099289.647102874999222 1547801.003199222500396
11099289.647102874999222 1547801.301785160000352
11099289.647102874999222 1547801.600371097500308
11099289.647102874999222 1547801.898957035000264
11099289.647102874999222 1547802.197542972500220
11099289.647102874999222 1547802.496128910000176
11099289.647102874999222 1547802.794714847500132
11099289.647102874999222 1547803.093300785000088
11099289.647102874999222 1547803.391886722500044
11099289.647102874999222 1547803.690472660000000
11099289.647102874999222 1547803.989058597499956
11099289.647102874999222 1547804.287644534999912
11099289.647102874999222 1547804.586230472499868
11099289.647102874999222 1547804.884816409999824
11099289.647102874999222 1547805.183402347499780
11099289.647102874999222 1547805.481988284999736
11099289.647102874999222 1547805.780574222499692
11099289.647102874999222 1547806.079160159999648
11099289.945683604165759 1547801.003199222500396
11099289.945683604165759 1547801.301785160000352
11099289.945683604165759 1547801.600371097500308
11099289.945683604165759 1547801.898957035000264
11099289.945683604165759 1547802.197542972500220
11099289.945683604165759 1547802.496128910000176
11099289.945683604165759 1547802.794714847500132
11099289.945683604165759 1547803.093300785000088
11099289.945683604165759 1547803.391886722500044
11099289.945683604165759 1547803.690472660000000
11099289.945683604165759 1547803.989058597499956
11099289.945683604165759 1547804.287644534999912
11099289.945683604165759 1547804.586230472499868
11099289.945683604165759 1547804.884816409999824
11099289.945683604165759 1547805.183402347499780
11099289.945683604165759 1547805.481988284999736
11099289.945683604165759 1547805.780574222499692
11099289.945683604165759 1547806.079160159999648
11099290.244264333332296 1547801.003199222500396
11099290.244264333332296 1547801.301785160000352
11099290.244264333332296 1547801.600371097500308
11099290.244264333332296 1547801.898957035000264
11099290.244264333332296 1547802.197542972500220
11099290.244264333332296 1547802.496128910000176
11099290.244264333332296 1547802.794714847500132
11099290.244264333332296 1547803.093300785000088
11099290.244264333332296 1547803.391886722500044
11099290.244264333332296 1547803.690472660000000
11099290.244264333332296 1547803.989058597499956
11099290.244264333332296 1547804.287644534999912
11099290.244264333332296 1547804.586230472499868
11099290.244264333332296 1547804.884816409999824
11099290.244264333332296 1547805.183402347499780
11099290.244264333332296 1547805.481988284999736
11099290.244264333332296 1547805.780574222499692
11099290.244264333332296 1547806.079160159999648
