11099168.423326837501167 1547566.314652342500396
11099168.423326837501167 1547566.613238280000352
11099168.423326837501167 1547566.911824217500308
11099168.423326837501167 1547567.210410155000264
11099168.423326837501167 1547567.508996092500220
11099168.423326837501167 1547567.807582030000176
11099168.423326837501167 1547568.106167967500132
11099168.423326837501167 1547568.404753905000088
11099168.423326837501167 1547568.703339842500044
11099168.423326837501167 1547569.001925780000000
11099168.423326837501167 1547569.300511717499956
11099168.423326837501167 1547569.599097654999912
11099168.423326837501167 1547569.897683592499868
11099168.423326837501167 1547570.196269529999824
11099168.423326837501167 1547570.494855467499780
11099168.423326837501167 1547570.793441404999736
11099168.423326837501167 1547571.092027342499692
11099168.423326837501167 1547571.390613279999648
11099168.721907566667704 1547566.314652342500396
11099168.721907566667704 1547566.613238280000352
11099168.721907566667704 1547566.911824217500308
11099168.721907566667704 1547567.210410155000264
11099168.721907566667704 1547567.508996092500220
11099168.721907566667704 1547567.807582030000176
11099168.721907566667704 1547568.106167967500132
11099168.721907566667704 1547568.404753905000088
11099168.721907566667704 1547568.703339842500044
11099168.721907566667704 1547569.001925780000000
11099168.721907566667704 1547569.300511717499956
11099168.721907566667704 1547569.599097654999912
11099168.721907566667704 1547569.897683592499868
11099168.721907566667704 1547570.196269529999824
11099168.721907566667704 1547570.494855467499780
11099168.721907566667704 1547570.793441404999736
11099168.721907566667704 1547571.092027342499692
11099168.721907566667704 1547571.390613279999648
11099169.020488295834241 1547566.314652342500396
11099169.020488295834241 1547566.613238280000352
11099169.020488295834241 1547566.911824217500308
11099169.020488295834241 1547567.210410155000264
11099169.020488295834241 1547567.508996092500220
11099169.020488295834241 1547567.807582030000176
11099169.020488295834241 1547568.106167967500132
11099169.020488295834241 1547568.404753905000088
11099169.020488295834241 1547568.703339842500044
11099169.020488295834241 1547569.001925780000000
11099169.020488295834241 1547569.300511717499956
11099169.020488295834241 1547569.599097654999912
11099169.020488295834241 1547569.897683592499868
11099169.020488295834241 1547570.196269529999824
11099169.020488295834241 1547570.494855467499780
11099169.020488295834241 1547570.793441404999736
11099169.020488295834241 1547571.092027342499692
11099169.020488295834241 1547571.390613279999648
11099169.319069025000778 1547566.314652342500396
11099169.319069025000778 1547566.613238280000352
11099169.319069025000778 1547566.911824217500308
11099169.319069025000778 1547567.210410155000264
11099169.319069025000778 1547567.508996092500220
11099169.319069025000778 1547567.807582030000176
11099169.319069025000778 1547568.106167967500132
11099169.319069025000778 1547568.404753905000088
11099169.319069025000778 1547568.703339842500044
11099169.319069025000778 1547569.001925780000000
11099169.319069025000778 1547569.300511717499956
11099169.319069025000778 1547569.599097654999912
11099169.319069025000778 1547569.897683592499868
11099169.319069025000778 1547570.196269529999824
11099169.319069025000778 1547570.494855467499780
11099169.319069025000778 1547570.793441404999736
11099169.319069025000778 1547571.092027342499692
11099169.319069025000778 1547571.390613279999648
11099169.617649754167315 1547566.314652342500396
11099169.617649754167315 1547566.613238280000352
11099169.617649754167315 1547566.911824217500308
11099169.617649754167315 1547567.210410155000264
11099169.617649754167315 1547567.508996092500220
11099169.617649754167315 1547567.807582030000176
11099169.617649754167315 1547568.106167967500132
11099169.617649754167315 1547568.404753905000088
11099169.617649754167315 1547568.703339842500044
11099169.617649754167315 1547569.001925780000000
11099169.617649754167315 1547569.300511717499956
11099169.617649754167315 1547569.599097654999912
11099169.617649754167315 1547569.897683592499868
11099169.617649754167315 1547570.196269529999824
11099169.617649754167315 1547570.494855467499780
11099169.617649754167315 1547570.793441404999736
11099169.617649754167315 1547571.092027342499692
11099169.617649754167315 1547571.390613279999648
11099169.916230483333852 1547566.314652342500396
11099169.916230483333852 1547566.613238280000352
11099169.916230483333852 1547566.911824217500308
11099169.916230483333852 1547567.210410155000264
11099169.916230483333852 1547567.508996092500220
11099169.916230483333852 1547567.807582030000176
11099169.916230483333852 1547568.106167967500132
11099169.916230483333852 1547568.404753905000088
11099169.916230483333852 1547568.703339842500044
11099169.916230483333852 1547569.001925780000000
11099169.916230483333852 1547569.300511717499956
11099169.916230483333852 1547569.599097654999912
11099169.916230483333852 1547569.897683592499868
11099169.916230483333852 1547570.196269529999824
11099169.916230483333852 1547570.494855467499780
11099169.916230483333852 1547570.793441404999736
11099169.916230483333852 1547571.092027342499692
11099169.916230483333852 1547571.390613279999648
11099170.214811212500389 1547566.314652342500396
11099170.214811212500389 1547566.613238280000352
11099170.214811212500389 1547566.911824217500308
11099170.214811212500389 1547567.210410155000264
11099170.214811212500389 1547567.508996092500220
11099170.214811212500389 1547567.807582030000176
11099170.214811212500389 1547568.106167967500132
11099170.214811212500389 1547568.404753905000088
11099170.214811212500389 1547568.703339842500044
11099170.214811212500389 1547569.001925780000000
11099170.214811212500389 1547569.300511717499956
11099170.214811212500389 1547569.599097654999912
11099170.214811212500389 1547569.897683592499868
11099170.214811212500389 1547570.196269529999824
11099170.214811212500389 1547570.494855467499780
11099170.214811212500389 1547570.793441404999736
11099170.214811212500389 1547571.092027342499692
11099170.214811212500389 1547571.390613279999648
11099170.513391941666926 1547566.314652342500396
11099170.513391941666926 1547566.613238280000352
11099170.513391941666926 1547566.911824217500308
11099170.513391941666926 1547567.210410155000264
11099170.513391941666926 1547567.508996092500220
11099170.513391941666926 1547567.807582030000176
11099170.513391941666926 1547568.106167967500132
11099170.513391941666926 1547568.404753905000088
11099170.513391941666926 1547568.703339842500044
11099170.513391941666926 1547569.001925780000000
11099170.513391941666926 1547569.300511717499956
11099170.513391941666926 1547569.599097654999912
11099170.513391941666926 1547569.897683592499868
11099170.513391941666926 1547570.196269529999824
11099170.513391941666926 1547570.494855467499780
11099170.513391941666926 1547570.793441404999736
11099170.513391941666926 1547571.092027342499692
11099170.513391941666926 1547571.390613279999648
11099170.811972670833463 1547566.314652342500396
11099170.811972670833463 1547566.613238280000352
11099170.811972670833463 1547566.911824217500308
11099170.811972670833463 1547567.210410155000264
11099170.811972670833463 1547567.508996092500220
11099170.811972670833463 1547567.807582030000176
11099170.811972670833463 1547568.106167967500132
11099170.811972670833463 1547568.404753905000088
11099170.811972670833463 1547568.703339842500044
11099170.811972670833463 1547569.001925780000000
11099170.811972670833463 1547569.300511717499956
11099170.811972670833463 1547569.599097654999912
11099170.811972670833463 1547569.897683592499868
11099170.811972670833463 1547570.196269529999824
11099170.811972670833463 1547570.494855467499780
11099170.811972670833463 1547570.793441404999736
11099170.811972670833463 1547571.092027342499692
11099170.811972670833463 1547571.390613279999648
11099171.110553400000000 1547566.314652342500396
11099171.110553400000000 1547566.613238280000352
11099171.110553400000000 1547566.911824217500308
11099171.110553400000000 1547567.210410155000264
11099171.110553400000000 1547567.508996092500220
11099171.110553400000000 1547567.807582030000176
11099171.110553400000000 1547568.106167967500132
11099171.110553400000000 1547568.404753905000088
11099171.110553400000000 1547568.703339842500044
11099171.110553400000000 1547569.001925780000000
11099171.110553400000000 1547569.300511717499956
11099171.110553400000000 1547569.599097654999912
11099171.110553400000000 1547569.897683592499868
11099171.110553400000000 1547570.196269529999824
11099171.110553400000000 1547570.494855467499780
11099171.110553400000000 1547570.793441404999736
11099171.110553400000000 1547571.092027342499692
11099171.110553400000000 1547571.390613279999648
11099171.409134129166537 1547566.314652342500396
11099171.409134129166537 1547566.613238280000352
11099171.409134129166537 1547566.911824217500308
11099171.409134129166537 1547567.210410155000264
11099171.409134129166537 1547567.508996092500220
11099171.409134129166537 1547567.807582030000176
11099171.409134129166537 1547568.106167967500132
11099171.409134129166537 1547568.404753905000088
11099171.409134129166537 1547568.703339842500044
11099171.409134129166537 1547569.001925780000000
11099171.409134129166537 1547569.300511717499956
11099171.409134129166537 1547569.599097654999912
11099171.409134129166537 1547569.897683592499868
11099171.409134129166537 1547570.196269529999824
11099171.409134129166537 1547570.494855467499780
11099171.409134129166537 1547570.793441404999736
11099171.409134129166537 1547571.092027342499692
11099171.409134129166537 1547571.390613279999648
11099171.707714858333074 1547566.314652342500396
11099171.707714858333074 1547566.613238280000352
11099171.707714858333074 1547566.911824217500308
11099171.707714858333074 1547567.210410155000264
11099171.707714858333074 1547567.508996092500220
11099171.707714858333074 1547567.807582030000176
11099171.707714858333074 1547568.106167967500132
11099171.707714858333074 1547568.404753905000088
11099171.707714858333074 1547568.703339842500044
11099171.707714858333074 1547569.001925780000000
11099171.707714858333074 1547569.300511717499956
11099171.707714858333074 1547569.599097654999912
11099171.707714858333074 1547569.897683592499868
11099171.707714858333074 1547570.196269529999824
11099171.707714858333074 1547570.494855467499780
11099171.707714858333074 1547570.793441404999736
11099171.707714858333074 1547571.092027342499692
11099171.707714858333074 1547571.390613279999648
11099172.006295587499611 1547566.314652342500396
11099172.006295587499611 1547566.613238280000352
11099172.006295587499611 1547566.911824217500308
11099172.006295587499611 1547567.210410155000264
11099172.006295587499611 1547567.508996092500220
11099172.006295587499611 1547567.807582030000176
11099172.006295587499611 1547568.106167967500132
11099172.006295587499611 1547568.404753905000088
11099172.006295587499611 1547568.703339842500044
11099172.006295587499611 1547569.001925780000000
11099172.006295587499611 1547569.300511717499956
11099172.006295587499611 1547569.599097654999912
11099172.006295587499611 1547569.897683592499868
11099172.006295587499611 1547570.196269529999824
11099172.006295587499611 1547570.494855467499780
11099172.006295587499611 1547570.793441404999736
11099172.006295587499611 1547571.092027342499692
11099172.006295587499611 1547571.390613279999648
11099172.304876316666148 1547566.314652342500396
11099172.304876316666148 1547566.613238280000352
11099172.304876316666148 1547566.911824217500308
11099172.304876316666148 1547567.210410155000264
11099172.304876316666148 1547567.508996092500220
11099172.304876316666148 1547567.807582030000176
11099172.304876316666148 1547568.106167967500132
11099172.304876316666148 1547568.404753905000088
11099172.304876316666148 1547568.703339842500044
11099172.304876316666148 1547569.001925780000000
11099172.304876316666148 1547569.300511717499956
11099172.304876316666148 1547569.599097654999912
11099172.304876316666148 1547569.897683592499868
11099172.304876316666148 1547570.196269529999824
11099172.304876316666148 1547570.494855467499780
11099172.304876316666148 1547570.793441404999736
11099172.304876316666148 1547571.092027342499692
11099172.304876316666148 1547571.390613279999648
11099172.603457045832685 1547566.314652342500396
11099172.603457045832685 1547566.613238280000352
11099172.603457045832685 1547566.911824217500308
11099172.603457045832685 1547567.210410155000264
11099172.603457045832685 1547567.508996092500220
11099172.603457045832685 1547567.807582030000176
11099172.603457045832685 1547568.106167967500132
11099172.603457045832685 1547568.404753905000088
11099172.603457045832685 1547568.703339842500044
11099172.603457045832685 1547569.001925780000000
11099172.603457045832685 1547569.300511717499956
11099172.603457045832685 1547569.599097654999912
11099172.603457045832685 1547569.897683592499868
11099172.603457045832685 1547570.196269529999824
11099172.603457045832685 1547570.494855467499780
11099172.603457045832685 1547570.793441404999736
11099172.603457045832685 1547571.092027342499692
11099172.603457045832685 1547571.390613279999648
11099172.902037774999222 1547566.314652342500396
11099172.902037774999222 1547566.613238280000352
11099172.902037774999222 1547566.911824217500308
11099172.902037774999222 1547567.210410155000264
11099172.902037774999222 1547567.508996092500220
11099172.902037774999222 1547567.807582030000176
11099172.902037774999222 1547568.106167967500132
11099172.902037774999222 1547568.404753905000088
11099172.902037774999222 1547568.703339842500044
11099172.902037774999222 1547569.001925780000000
11099172.902037774999222 1547569.300511717499956
11099172.902037774999222 1547569.599097654999912
11099172.902037774999222 1547569.897683592499868
11099172.902037774999222 1547570.196269529999824
11099172.902037774999222 1547570.494855467499780
11099172.902037774999222 1547570.793441404999736
11099172.902037774999222 1547571.092027342499692
11099172.902037774999222 1547571.390613279999648
11099173.200618504165759 1547566.314652342500396
11099173.200618504165759 1547566.613238280000352
11099173.200618504165759 1547566.911824217500308
11099173.200618504165759 1547567.210410155000264
11099173.200618504165759 1547567.508996092500220
11099173.200618504165759 1547567.807582030000176
11099173.200618504165759 1547568.106167967500132
11099173.200618504165759 1547568.404753905000088
11099173.200618504165759 1547568.703339842500044
11099173.200618504165759 1547569.001925780000000
11099173.200618504165759 1547569.300511717499956
11099173.200618504165759 1547569.599097654999912
11099173.200618504165759 1547569.897683592499868
11099173.200618504165759 1547570.196269529999824
11099173.200618504165759 1547570.494855467499780
11099173.200618504165759 1547570.793441404999736
11099173.200618504165759 1547571.092027342499692
11099173.200618504165759 1547571.390613279999648
11099173.499199233332296 1547566.314652342500396
11099173.499199233332296 1547566.613238280000352
11099173.499199233332296 1547566.911824217500308
11099173.499199233332296 1547567.210410155000264
11099173.499199233332296 1547567.508996092500220
11099173.499199233332296 1547567.807582030000176
11099173.499199233332296 1547568.106167967500132
11099173.499199233332296 1547568.404753905000088
11099173.499199233332296 1547568.703339842500044
11099173.499199233332296 1547569.001925780000000
11099173.499199233332296 1547569.300511717499956
11099173.499199233332296 1547569.599097654999912
11099173.499199233332296 1547569.897683592499868
11099173.499199233332296 1547570.196269529999824
11099173.499199233332296 1547570.494855467499780
11099173.499199233332296 1547570.793441404999736
11099173.499199233332296 1547571.092027342499692
11099173.499199233332296 1547571.390613279999648
