11099209.627467437501167 1547881.621402342500396
11099209.627467437501167 1547881.919988280000352
11099209.627467437501167 1547882.218574217500308
11099209.627467437501167 1547882.517160155000264
11099209.627467437501167 1547882.815746092500220
11099209.627467437501167 1547883.114332030000176
11099209.627467437501167 1547883.412917967500132
11099209.627467437501167 1547883.711503905000088
11099209.627467437501167 1547884.010089842500044
11099209.627467437501167 1547884.308675780000000
11099209.627467437501167 1547884.607261717499956
11099209.627467437501167 1547884.905847654999912
11099209.627467437501167 1547885.204433592499868
11099209.627467437501167 1547885.503019529999824
11099209.627467437501167 1547885.801605467499780
11099209.627467437501167 1547886.100191404999736
11099209.627467437501167 1547886.398777342499692
11099209.627467437501167 1547886.697363279999648
11099209.926048166667704 1547881.621402342500396
11099209.926048166667704 1547881.919988280000352
11099209.926048166667704 1547882.218574217500308
11099209.926048166667704 1547882.517160155000264
11099209.926048166667704 1547882.815746092500220
11099209.926048166667704 1547883.114332030000176
11099209.926048166667704 1547883.412917967500132
11099209.926048166667704 1547883.711503905000088
11099209.926048166667704 1547884.010089842500044
11099209.926048166667704 1547884.308675780000000
11099209.926048166667704 1547884.607261717499956
11099209.926048166667704 1547884.905847654999912
11099209.926048166667704 1547885.204433592499868
11099209.926048166667704 1547885.503019529999824
11099209.926048166667704 1547885.801605467499780
11099209.926048166667704 1547886.100191404999736
11099209.926048166667704 1547886.398777342499692
11099209.926048166667704 1547886.697363279999648
11099210.224628895834241 1547881.621402342500396
11099210.224628895834241 1547881.919988280000352
11099210.224628895834241 1547882.218574217500308
11099210.224628895834241 1547882.517160155000264
11099210.224628895834241 1547882.815746092500220
11099210.224628895834241 1547883.114332030000176
11099210.224628895834241 1547883.412917967500132
11099210.224628895834241 1547883.711503905000088
11099210.224628895834241 1547884.010089842500044
11099210.224628895834241 1547884.308675780000000
11099210.224628895834241 1547884.607261717499956
11099210.224628895834241 1547884.905847654999912
11099210.224628895834241 1547885.204433592499868
11099210.224628895834241 1547885.503019529999824
11099210.224628895834241 1547885.801605467499780
11099210.224628895834241 1547886.100191404999736
11099210.224628895834241 1547886.398777342499692
11099210.224628895834241 1547886.697363279999648
11099210.523209625000778 1547881.621402342500396
11099210.523209625000778 1547881.919988280000352
11099210.523209625000778 1547882.218574217500308
11099210.523209625000778 1547882.517160155000264
11099210.523209625000778 1547882.815746092500220
11099210.523209625000778 1547883.114332030000176
11099210.523209625000778 1547883.412917967500132
11099210.523209625000778 1547883.711503905000088
11099210.523209625000778 1547884.010089842500044
11099210.523209625000778 1547884.308675780000000
11099210.523209625000778 1547884.607261717499956
11099210.523209625000778 1547884.905847654999912
11099210.523209625000778 1547885.204433592499868
11099210.523209625000778 1547885.503019529999824
11099210.523209625000778 1547885.801605467499780
11099210.523209625000778 1547886.100191404999736
11099210.523209625000778 1547886.398777342499692
11099210.523209625000778 1547886.697363279999648
11099210.821790354167315 1547881.621402342500396
11099210.821790354167315 1547881.919988280000352
11099210.821790354167315 1547882.218574217500308
11099210.821790354167315 1547882.517160155000264
11099210.821790354167315 1547882.815746092500220
11099210.821790354167315 1547883.114332030000176
11099210.821790354167315 1547883.412917967500132
11099210.821790354167315 1547883.711503905000088
11099210.821790354167315 1547884.010089842500044
11099210.821790354167315 1547884.308675780000000
11099210.821790354167315 1547884.607261717499956
11099210.821790354167315 1547884.905847654999912
11099210.821790354167315 1547885.204433592499868
11099210.821790354167315 1547885.503019529999824
11099210.821790354167315 1547885.801605467499780
11099210.821790354167315 1547886.100191404999736
11099210.821790354167315 1547886.398777342499692
11099210.821790354167315 1547886.697363279999648
11099211.120371083333852 1547881.621402342500396
11099211.120371083333852 1547881.919988280000352
11099211.120371083333852 1547882.218574217500308
11099211.120371083333852 1547882.517160155000264
11099211.120371083333852 1547882.815746092500220
11099211.120371083333852 1547883.114332030000176
11099211.120371083333852 1547883.412917967500132
11099211.120371083333852 1547883.711503905000088
11099211.120371083333852 1547884.010089842500044
11099211.120371083333852 1547884.308675780000000
11099211.120371083333852 1547884.607261717499956
11099211.120371083333852 1547884.905847654999912
11099211.120371083333852 1547885.204433592499868
11099211.120371083333852 1547885.503019529999824
11099211.120371083333852 1547885.801605467499780
11099211.120371083333852 1547886.100191404999736
11099211.120371083333852 1547886.398777342499692
11099211.120371083333852 1547886.697363279999648
11099211.418951812500389 1547881.621402342500396
11099211.418951812500389 1547881.919988280000352
11099211.418951812500389 1547882.218574217500308
11099211.418951812500389 1547882.517160155000264
11099211.418951812500389 1547882.815746092500220
11099211.418951812500389 1547883.114332030000176
11099211.418951812500389 1547883.412917967500132
11099211.418951812500389 1547883.711503905000088
11099211.418951812500389 1547884.010089842500044
11099211.418951812500389 1547884.308675780000000
11099211.418951812500389 1547884.607261717499956
11099211.418951812500389 1547884.905847654999912
11099211.418951812500389 1547885.204433592499868
11099211.418951812500389 1547885.503019529999824
11099211.418951812500389 1547885.801605467499780
11099211.418951812500389 1547886.100191404999736
11099211.418951812500389 1547886.398777342499692
11099211.418951812500389 1547886.697363279999648
11099211.717532541666926 1547881.621402342500396
11099211.717532541666926 1547881.919988280000352
11099211.717532541666926 1547882.218574217500308
11099211.717532541666926 1547882.517160155000264
11099211.717532541666926 1547882.815746092500220
11099211.717532541666926 1547883.114332030000176
11099211.717532541666926 1547883.412917967500132
11099211.717532541666926 1547883.711503905000088
11099211.717532541666926 1547884.010089842500044
11099211.717532541666926 1547884.308675780000000
11099211.717532541666926 1547884.607261717499956
11099211.717532541666926 1547884.905847654999912
11099211.717532541666926 1547885.204433592499868
11099211.717532541666926 1547885.503019529999824
11099211.717532541666926 1547885.801605467499780
11099211.717532541666926 1547886.100191404999736
11099211.717532541666926 1547886.398777342499692
11099211.717532541666926 1547886.697363279999648
11099212.016113270833463 1547881.621402342500396
11099212.016113270833463 1547881.919988280000352
11099212.016113270833463 1547882.218574217500308
11099212.016113270833463 1547882.517160155000264
11099212.016113270833463 1547882.815746092500220
11099212.016113270833463 1547883.114332030000176
11099212.016113270833463 1547883.412917967500132
11099212.016113270833463 1547883.711503905000088
11099212.016113270833463 1547884.010089842500044
11099212.016113270833463 1547884.308675780000000
11099212.016113270833463 1547884.607261717499956
11099212.016113270833463 1547884.905847654999912
11099212.016113270833463 1547885.204433592499868
11099212.016113270833463 1547885.503019529999824
11099212.016113270833463 1547885.801605467499780
11099212.016113270833463 1547886.100191404999736
11099212.016113270833463 1547886.398777342499692
11099212.016113270833463 1547886.697363279999648
11099212.314694000000000 1547881.621402342500396
11099212.314694000000000 1547881.919988280000352
11099212.314694000000000 1547882.218574217500308
11099212.314694000000000 1547882.517160155000264
11099212.314694000000000 1547882.815746092500220
11099212.314694000000000 1547883.114332030000176
11099212.314694000000000 1547883.412917967500132
11099212.314694000000000 1547883.711503905000088
11099212.314694000000000 1547884.010089842500044
11099212.314694000000000 1547884.308675780000000
11099212.314694000000000 1547884.607261717499956
11099212.314694000000000 1547884.905847654999912
11099212.314694000000000 1547885.204433592499868
11099212.314694000000000 1547885.503019529999824
11099212.314694000000000 1547885.801605467499780
11099212.314694000000000 1547886.100191404999736
11099212.314694000000000 1547886.398777342499692
11099212.314694000000000 1547886.697363279999648
11099212.613274729166537 1547881.621402342500396
11099212.613274729166537 1547881.919988280000352
11099212.613274729166537 1547882.218574217500308
11099212.613274729166537 1547882.517160155000264
11099212.613274729166537 1547882.815746092500220
11099212.613274729166537 1547883.114332030000176
11099212.613274729166537 1547883.412917967500132
11099212.613274729166537 1547883.711503905000088
11099212.613274729166537 1547884.010089842500044
11099212.613274729166537 1547884.308675780000000
11099212.613274729166537 1547884.607261717499956
11099212.613274729166537 1547884.905847654999912
11099212.613274729166537 1547885.204433592499868
11099212.613274729166537 1547885.503019529999824
11099212.613274729166537 1547885.801605467499780
11099212.613274729166537 1547886.100191404999736
11099212.613274729166537 1547886.398777342499692
11099212.613274729166537 1547886.697363279999648
11099212.911855458333074 1547881.621402342500396
11099212.911855458333074 1547881.919988280000352
11099212.911855458333074 1547882.218574217500308
11099212.911855458333074 1547882.517160155000264
11099212.911855458333074 1547882.815746092500220
11099212.911855458333074 1547883.114332030000176
11099212.911855458333074 1547883.412917967500132
11099212.911855458333074 1547883.711503905000088
11099212.911855458333074 1547884.010089842500044
11099212.911855458333074 1547884.308675780000000
11099212.911855458333074 1547884.607261717499956
11099212.911855458333074 1547884.905847654999912
11099212.911855458333074 1547885.204433592499868
11099212.911855458333074 1547885.503019529999824
11099212.911855458333074 1547885.801605467499780
11099212.911855458333074 1547886.100191404999736
11099212.911855458333074 1547886.398777342499692
11099212.911855458333074 1547886.697363279999648
11099213.210436187499611 1547881.621402342500396
11099213.210436187499611 1547881.919988280000352
11099213.210436187499611 1547882.218574217500308
11099213.210436187499611 1547882.517160155000264
11099213.210436187499611 1547882.815746092500220
11099213.210436187499611 1547883.114332030000176
11099213.210436187499611 1547883.412917967500132
11099213.210436187499611 1547883.711503905000088
11099213.210436187499611 1547884.010089842500044
11099213.210436187499611 1547884.308675780000000
11099213.210436187499611 1547884.607261717499956
11099213.210436187499611 1547884.905847654999912
11099213.210436187499611 1547885.204433592499868
11099213.210436187499611 1547885.503019529999824
11099213.210436187499611 1547885.801605467499780
11099213.210436187499611 1547886.100191404999736
11099213.210436187499611 1547886.398777342499692
11099213.210436187499611 1547886.697363279999648
11099213.509016916666148 1547881.621402342500396
11099213.509016916666148 1547881.919988280000352
11099213.509016916666148 1547882.218574217500308
11099213.509016916666148 1547882.517160155000264
11099213.509016916666148 1547882.815746092500220
11099213.509016916666148 1547883.114332030000176
11099213.509016916666148 1547883.412917967500132
11099213.509016916666148 1547883.711503905000088
11099213.509016916666148 1547884.010089842500044
11099213.509016916666148 1547884.308675780000000
11099213.509016916666148 1547884.607261717499956
11099213.509016916666148 1547884.905847654999912
11099213.509016916666148 1547885.204433592499868
11099213.509016916666148 1547885.503019529999824
11099213.509016916666148 1547885.801605467499780
11099213.509016916666148 1547886.100191404999736
11099213.509016916666148 1547886.398777342499692
11099213.509016916666148 1547886.697363279999648
11099213.807597645832685 1547881.621402342500396
11099213.807597645832685 1547881.919988280000352
11099213.807597645832685 1547882.218574217500308
11099213.807597645832685 1547882.517160155000264
11099213.807597645832685 1547882.815746092500220
11099213.807597645832685 1547883.114332030000176
11099213.807597645832685 1547883.412917967500132
11099213.807597645832685 1547883.711503905000088
11099213.807597645832685 1547884.010089842500044
11099213.807597645832685 1547884.308675780000000
11099213.807597645832685 1547884.607261717499956
11099213.807597645832685 1547884.905847654999912
11099213.807597645832685 1547885.204433592499868
11099213.807597645832685 1547885.503019529999824
11099213.807597645832685 1547885.801605467499780
11099213.807597645832685 1547886.100191404999736
11099213.807597645832685 1547886.398777342499692
11099213.807597645832685 1547886.697363279999648
11099214.106178374999222 1547881.621402342500396
11099214.106178374999222 1547881.919988280000352
11099214.106178374999222 1547882.218574217500308
11099214.106178374999222 1547882.517160155000264
11099214.106178374999222 1547882.815746092500220
11099214.106178374999222 1547883.114332030000176
11099214.106178374999222 1547883.412917967500132
11099214.106178374999222 1547883.711503905000088
11099214.106178374999222 1547884.010089842500044
11099214.106178374999222 1547884.308675780000000
11099214.106178374999222 1547884.607261717499956
11099214.106178374999222 1547884.905847654999912
11099214.106178374999222 1547885.204433592499868
11099214.106178374999222 1547885.503019529999824
11099214.106178374999222 1547885.801605467499780
11099214.106178374999222 1547886.100191404999736
11099214.106178374999222 1547886.398777342499692
11099214.106178374999222 1547886.697363279999648
11099214.404759104165759 1547881.621402342500396
11099214.404759104165759 1547881.919988280000352
11099214.404759104165759 1547882.218574217500308
11099214.404759104165759 1547882.517160155000264
11099214.404759104165759 1547882.815746092500220
11099214.404759104165759 1547883.114332030000176
11099214.404759104165759 1547883.412917967500132
11099214.404759104165759 1547883.711503905000088
11099214.404759104165759 1547884.010089842500044
11099214.404759104165759 1547884.308675780000000
11099214.404759104165759 1547884.607261717499956
11099214.404759104165759 1547884.905847654999912
11099214.404759104165759 1547885.204433592499868
11099214.404759104165759 1547885.503019529999824
11099214.404759104165759 1547885.801605467499780
11099214.404759104165759 1547886.100191404999736
11099214.404759104165759 1547886.398777342499692
11099214.404759104165759 1547886.697363279999648
11099214.703339833332296 1547881.621402342500396
11099214.703339833332296 1547881.919988280000352
11099214.703339833332296 1547882.218574217500308
11099214.703339833332296 1547882.517160155000264
11099214.703339833332296 1547882.815746092500220
11099214.703339833332296 1547883.114332030000176
11099214.703339833332296 1547883.412917967500132
11099214.703339833332296 1547883.711503905000088
11099214.703339833332296 1547884.010089842500044
11099214.703339833332296 1547884.308675780000000
11099214.703339833332296 1547884.607261717499956
11099214.703339833332296 1547884.905847654999912
11099214.703339833332296 1547885.204433592499868
11099214.703339833332296 1547885.503019529999824
11099214.703339833332296 1547885.801605467499780
11099214.703339833332296 1547886.100191404999736
11099214.703339833332296 1547886.398777342499692
11099214.703339833332296 1547886.697363279999648
