11098894.027636737501167 1547720.384996092500396
11098894.027636737501167 1547720.683582030000352
11098894.027636737501167 1547720.982167967500308
11098894.027636737501167 1547721.280753905000264
11098894.027636737501167 1547721.579339842500220
11098894.027636737501167 1547721.877925780000176
11098894.027636737501167 1547722.176511717500132
11098894.027636737501167 1547722.475097655000088
11098894.027636737501167 1547722.773683592500044
11098894.027636737501167 1547723.072269530000000
11098894.027636737501167 1547723.370855467499956
11098894.027636737501167 1547723.669441404999912
11098894.027636737501167 1547723.968027342499868
11098894.027636737501167 1547724.266613279999824
11098894.027636737501167 1547724.565199217499780
11098894.027636737501167 1547724.863785154999736
11098894.027636737501167 1547725.162371092499692
11098894.027636737501167 1547725.460957029999648
11098894.326217466667704 1547720.384996092500396
11098894.326217466667704 1547720.683582030000352
11098894.326217466667704 1547720.982167967500308
11098894.326217466667704 1547721.280753905000264
11098894.326217466667704 1547721.579339842500220
11098894.326217466667704 1547721.877925780000176
11098894.326217466667704 1547722.176511717500132
11098894.326217466667704 1547722.475097655000088
11098894.326217466667704 1547722.773683592500044
11098894.326217466667704 1547723.072269530000000
11098894.326217466667704 1547723.370855467499956
11098894.326217466667704 1547723.669441404999912
11098894.326217466667704 1547723.968027342499868
11098894.326217466667704 1547724.266613279999824
11098894.326217466667704 1547724.565199217499780
11098894.326217466667704 1547724.863785154999736
11098894.326217466667704 1547725.162371092499692
11098894.326217466667704 1547725.460957029999648
11098894.624798195834241 1547720.384996092500396
11098894.624798195834241 1547720.683582030000352
11098894.624798195834241 1547720.982167967500308
11098894.624798195834241 1547721.280753905000264
11098894.624798195834241 1547721.579339842500220
11098894.624798195834241 1547721.877925780000176
11098894.624798195834241 1547722.176511717500132
11098894.624798195834241 1547722.475097655000088
11098894.624798195834241 1547722.773683592500044
11098894.624798195834241 1547723.072269530000000
11098894.624798195834241 1547723.370855467499956
11098894.624798195834241 1547723.669441404999912
11098894.624798195834241 1547723.968027342499868
11098894.624798195834241 1547724.266613279999824
11098894.624798195834241 1547724.565199217499780
11098894.624798195834241 1547724.863785154999736
11098894.624798195834241 1547725.162371092499692
11098894.624798195834241 1547725.460957029999648
11098894.923378925000778 1547720.384996092500396
11098894.923378925000778 1547720.683582030000352
11098894.923378925000778 1547720.982167967500308
11098894.923378925000778 1547721.280753905000264
11098894.923378925000778 1547721.579339842500220
11098894.923378925000778 1547721.877925780000176
11098894.923378925000778 1547722.176511717500132
11098894.923378925000778 1547722.475097655000088
11098894.923378925000778 1547722.773683592500044
11098894.923378925000778 1547723.072269530000000
11098894.923378925000778 1547723.370855467499956
11098894.923378925000778 1547723.669441404999912
11098894.923378925000778 1547723.968027342499868
11098894.923378925000778 1547724.266613279999824
11098894.923378925000778 1547724.565199217499780
11098894.923378925000778 1547724.863785154999736
11098894.923378925000778 1547725.162371092499692
11098894.923378925000778 1547725.460957029999648
11098895.221959654167315 1547720.384996092500396
11098895.221959654167315 1547720.683582030000352
11098895.221959654167315 1547720.982167967500308
11098895.221959654167315 1547721.280753905000264
11098895.221959654167315 1547721.579339842500220
11098895.221959654167315 1547721.877925780000176
11098895.221959654167315 1547722.176511717500132
11098895.221959654167315 1547722.475097655000088
11098895.221959654167315 1547722.773683592500044
11098895.221959654167315 1547723.072269530000000
11098895.221959654167315 1547723.370855467499956
11098895.221959654167315 1547723.669441404999912
11098895.221959654167315 1547723.968027342499868
11098895.221959654167315 1547724.266613279999824
11098895.221959654167315 1547724.565199217499780
11098895.221959654167315 1547724.863785154999736
11098895.221959654167315 1547725.162371092499692
11098895.221959654167315 1547725.460957029999648
11098895.520540383333852 1547720.384996092500396
11098895.520540383333852 1547720.683582030000352
11098895.520540383333852 1547720.982167967500308
11098895.520540383333852 1547721.280753905000264
11098895.520540383333852 1547721.579339842500220
11098895.520540383333852 1547721.877925780000176
11098895.520540383333852 1547722.176511717500132
11098895.520540383333852 1547722.475097655000088
11098895.520540383333852 1547722.773683592500044
11098895.520540383333852 1547723.072269530000000
11098895.520540383333852 1547723.370855467499956
11098895.520540383333852 1547723.669441404999912
11098895.520540383333852 1547723.968027342499868
11098895.520540383333852 1547724.266613279999824
11098895.520540383333852 1547724.565199217499780
11098895.520540383333852 1547724.863785154999736
11098895.520540383333852 1547725.162371092499692
11098895.520540383333852 1547725.460957029999648
11098895.819121112500389 1547720.384996092500396
11098895.819121112500389 1547720.683582030000352
11098895.819121112500389 1547720.982167967500308
11098895.819121112500389 1547721.280753905000264
11098895.819121112500389 1547721.579339842500220
11098895.819121112500389 1547721.877925780000176
11098895.819121112500389 1547722.176511717500132
11098895.819121112500389 1547722.475097655000088
11098895.819121112500389 1547722.773683592500044
11098895.819121112500389 1547723.072269530000000
11098895.819121112500389 1547723.370855467499956
11098895.819121112500389 1547723.669441404999912
11098895.819121112500389 1547723.968027342499868
11098895.819121112500389 1547724.266613279999824
11098895.819121112500389 1547724.565199217499780
11098895.819121112500389 1547724.863785154999736
11098895.819121112500389 1547725.162371092499692
11098895.819121112500389 1547725.460957029999648
11098896.117701841666926 1547720.384996092500396
11098896.117701841666926 1547720.683582030000352
11098896.117701841666926 1547720.982167967500308
11098896.117701841666926 1547721.280753905000264
11098896.117701841666926 1547721.579339842500220
11098896.117701841666926 1547721.877925780000176
11098896.117701841666926 1547722.176511717500132
11098896.117701841666926 1547722.475097655000088
11098896.117701841666926 1547722.773683592500044
11098896.117701841666926 1547723.072269530000000
11098896.117701841666926 1547723.370855467499956
11098896.117701841666926 1547723.669441404999912
11098896.117701841666926 1547723.968027342499868
11098896.117701841666926 1547724.266613279999824
11098896.117701841666926 1547724.565199217499780
11098896.117701841666926 1547724.863785154999736
11098896.117701841666926 1547725.162371092499692
11098896.117701841666926 1547725.460957029999648
11098896.416282570833463 1547720.384996092500396
11098896.416282570833463 1547720.683582030000352
11098896.416282570833463 1547720.982167967500308
11098896.416282570833463 1547721.280753905000264
11098896.416282570833463 1547721.579339842500220
11098896.416282570833463 1547721.877925780000176
11098896.416282570833463 1547722.176511717500132
11098896.416282570833463 1547722.475097655000088
11098896.416282570833463 1547722.773683592500044
11098896.416282570833463 1547723.072269530000000
11098896.416282570833463 1547723.370855467499956
11098896.416282570833463 1547723.669441404999912
11098896.416282570833463 1547723.968027342499868
11098896.416282570833463 1547724.266613279999824
11098896.416282570833463 1547724.565199217499780
11098896.416282570833463 1547724.863785154999736
11098896.416282570833463 1547725.162371092499692
11098896.416282570833463 1547725.460957029999648
11098896.714863300000000 1547720.384996092500396
11098896.714863300000000 1547720.683582030000352
11098896.714863300000000 1547720.982167967500308
11098896.714863300000000 1547721.280753905000264
11098896.714863300000000 1547721.579339842500220
11098896.714863300000000 1547721.877925780000176
11098896.714863300000000 1547722.176511717500132
11098896.714863300000000 1547722.475097655000088
11098896.714863300000000 1547722.773683592500044
11098896.714863300000000 1547723.072269530000000
11098896.714863300000000 1547723.370855467499956
11098896.714863300000000 1547723.669441404999912
11098896.714863300000000 1547723.968027342499868
11098896.714863300000000 1547724.266613279999824
11098896.714863300000000 1547724.565199217499780
11098896.714863300000000 1547724.863785154999736
11098896.714863300000000 1547725.162371092499692
11098896.714863300000000 1547725.460957029999648
11098897.013444029166537 1547720.384996092500396
11098897.013444029166537 1547720.683582030000352
11098897.013444029166537 1547720.982167967500308
11098897.013444029166537 1547721.280753905000264
11098897.013444029166537 1547721.579339842500220
11098897.013444029166537 1547721.877925780000176
11098897.013444029166537 1547722.176511717500132
11098897.013444029166537 1547722.475097655000088
11098897.013444029166537 1547722.773683592500044
11098897.013444029166537 1547723.072269530000000
11098897.013444029166537 1547723.370855467499956
11098897.013444029166537 1547723.669441404999912
11098897.013444029166537 1547723.968027342499868
11098897.013444029166537 1547724.266613279999824
11098897.013444029166537 1547724.565199217499780
11098897.013444029166537 1547724.863785154999736
11098897.013444029166537 1547725.162371092499692
11098897.013444029166537 1547725.460957029999648
11098897.312024758333074 1547720.384996092500396
11098897.312024758333074 1547720.683582030000352
11098897.312024758333074 1547720.982167967500308
11098897.312024758333074 1547721.280753905000264
11098897.312024758333074 1547721.579339842500220
11098897.312024758333074 1547721.877925780000176
11098897.312024758333074 1547722.176511717500132
11098897.312024758333074 1547722.475097655000088
11098897.312024758333074 1547722.773683592500044
11098897.312024758333074 1547723.072269530000000
11098897.312024758333074 1547723.370855467499956
11098897.312024758333074 1547723.669441404999912
11098897.312024758333074 1547723.968027342499868
11098897.312024758333074 1547724.266613279999824
11098897.312024758333074 1547724.565199217499780
11098897.312024758333074 1547724.863785154999736
11098897.312024758333074 1547725.162371092499692
11098897.312024758333074 1547725.460957029999648
11098897.610605487499611 1547720.384996092500396
11098897.610605487499611 1547720.683582030000352
11098897.610605487499611 1547720.982167967500308
11098897.610605487499611 1547721.280753905000264
11098897.610605487499611 1547721.579339842500220
11098897.610605487499611 1547721.877925780000176
11098897.610605487499611 1547722.176511717500132
11098897.610605487499611 1547722.475097655000088
11098897.610605487499611 1547722.773683592500044
11098897.610605487499611 1547723.072269530000000
11098897.610605487499611 1547723.370855467499956
11098897.610605487499611 1547723.669441404999912
11098897.610605487499611 1547723.968027342499868
11098897.610605487499611 1547724.266613279999824
11098897.610605487499611 1547724.565199217499780
11098897.610605487499611 1547724.863785154999736
11098897.610605487499611 1547725.162371092499692
11098897.610605487499611 1547725.460957029999648
11098897.909186216666148 1547720.384996092500396
11098897.909186216666148 1547720.683582030000352
11098897.909186216666148 1547720.982167967500308
11098897.909186216666148 1547721.280753905000264
11098897.909186216666148 1547721.579339842500220
11098897.909186216666148 1547721.877925780000176
11098897.909186216666148 1547722.176511717500132
11098897.909186216666148 1547722.475097655000088
11098897.909186216666148 1547722.773683592500044
11098897.909186216666148 1547723.072269530000000
11098897.909186216666148 1547723.370855467499956
11098897.909186216666148 1547723.669441404999912
11098897.909186216666148 1547723.968027342499868
11098897.909186216666148 1547724.266613279999824
11098897.909186216666148 1547724.565199217499780
11098897.909186216666148 1547724.863785154999736
11098897.909186216666148 1547725.162371092499692
11098897.909186216666148 1547725.460957029999648
11098898.207766945832685 1547720.384996092500396
11098898.207766945832685 1547720.683582030000352
11098898.207766945832685 1547720.982167967500308
11098898.207766945832685 1547721.280753905000264
11098898.207766945832685 1547721.579339842500220
11098898.207766945832685 1547721.877925780000176
11098898.207766945832685 1547722.176511717500132
11098898.207766945832685 1547722.475097655000088
11098898.207766945832685 1547722.773683592500044
11098898.207766945832685 1547723.072269530000000
11098898.207766945832685 1547723.370855467499956
11098898.207766945832685 1547723.669441404999912
11098898.207766945832685 1547723.968027342499868
11098898.207766945832685 1547724.266613279999824
11098898.207766945832685 1547724.565199217499780
11098898.207766945832685 1547724.863785154999736
11098898.207766945832685 1547725.162371092499692
11098898.207766945832685 1547725.460957029999648
11098898.506347674999222 1547720.384996092500396
11098898.506347674999222 1547720.683582030000352
11098898.506347674999222 1547720.982167967500308
11098898.506347674999222 1547721.280753905000264
11098898.506347674999222 1547721.579339842500220
11098898.506347674999222 1547721.877925780000176
11098898.506347674999222 1547722.176511717500132
11098898.506347674999222 1547722.475097655000088
11098898.506347674999222 1547722.773683592500044
11098898.506347674999222 1547723.072269530000000
11098898.506347674999222 1547723.370855467499956
11098898.506347674999222 1547723.669441404999912
11098898.506347674999222 1547723.968027342499868
11098898.506347674999222 1547724.266613279999824
11098898.506347674999222 1547724.565199217499780
11098898.506347674999222 1547724.863785154999736
11098898.506347674999222 1547725.162371092499692
11098898.506347674999222 1547725.460957029999648
11098898.804928404165759 1547720.384996092500396
11098898.804928404165759 1547720.683582030000352
11098898.804928404165759 1547720.982167967500308
11098898.804928404165759 1547721.280753905000264
11098898.804928404165759 1547721.579339842500220
11098898.804928404165759 1547721.877925780000176
11098898.804928404165759 1547722.176511717500132
11098898.804928404165759 1547722.475097655000088
11098898.804928404165759 1547722.773683592500044
11098898.804928404165759 1547723.072269530000000
11098898.804928404165759 1547723.370855467499956
11098898.804928404165759 1547723.669441404999912
11098898.804928404165759 1547723.968027342499868
11098898.804928404165759 1547724.266613279999824
11098898.804928404165759 1547724.565199217499780
11098898.804928404165759 1547724.863785154999736
11098898.804928404165759 1547725.162371092499692
11098898.804928404165759 1547725.460957029999648
11098899.103509133332296 1547720.384996092500396
11098899.103509133332296 1547720.683582030000352
11098899.103509133332296 1547720.982167967500308
11098899.103509133332296 1547721.280753905000264
11098899.103509133332296 1547721.579339842500220
11098899.103509133332296 1547721.877925780000176
11098899.103509133332296 1547722.176511717500132
11098899.103509133332296 1547722.475097655000088
11098899.103509133332296 1547722.773683592500044
11098899.103509133332296 1547723.072269530000000
11098899.103509133332296 1547723.370855467499956
11098899.103509133332296 1547723.669441404999912
11098899.103509133332296 1547723.968027342499868
11098899.103509133332296 1547724.266613279999824
11098899.103509133332296 1547724.565199217499780
11098899.103509133332296 1547724.863785154999736
11098899.103509133332296 1547725.162371092499692
11098899.103509133332296 1547725.460957029999648
