11099112.290149737501167 1547814.140980472500396
11099112.290149737501167 1547814.439566410000352
11099112.290149737501167 1547814.738152347500308
11099112.290149737501167 1547815.036738285000264
11099112.290149737501167 1547815.335324222500220
11099112.290149737501167 1547815.633910160000176
11099112.290149737501167 1547815.932496097500132
11099112.290149737501167 1547816.231082035000088
11099112.290149737501167 1547816.529667972500044
11099112.290149737501167 1547816.828253910000000
11099112.290149737501167 1547817.126839847499956
11099112.290149737501167 1547817.425425784999912
11099112.290149737501167 1547817.724011722499868
11099112.290149737501167 1547818.022597659999824
11099112.290149737501167 1547818.321183597499780
11099112.290149737501167 1547818.619769534999736
11099112.290149737501167 1547818.918355472499692
11099112.290149737501167 1547819.216941409999648
11099112.588730466667704 1547814.140980472500396
11099112.588730466667704 1547814.439566410000352
11099112.588730466667704 1547814.738152347500308
11099112.588730466667704 1547815.036738285000264
11099112.588730466667704 1547815.335324222500220
11099112.588730466667704 1547815.633910160000176
11099112.588730466667704 1547815.932496097500132
11099112.588730466667704 1547816.231082035000088
11099112.588730466667704 1547816.529667972500044
11099112.588730466667704 1547816.828253910000000
11099112.588730466667704 1547817.126839847499956
11099112.588730466667704 1547817.425425784999912
11099112.588730466667704 1547817.724011722499868
11099112.588730466667704 1547818.022597659999824
11099112.588730466667704 1547818.321183597499780
11099112.588730466667704 1547818.619769534999736
11099112.588730466667704 1547818.918355472499692
11099112.588730466667704 1547819.216941409999648
11099112.887311195834241 1547814.140980472500396
11099112.887311195834241 1547814.439566410000352
11099112.887311195834241 1547814.738152347500308
11099112.887311195834241 1547815.036738285000264
11099112.887311195834241 1547815.335324222500220
11099112.887311195834241 1547815.633910160000176
11099112.887311195834241 1547815.932496097500132
11099112.887311195834241 1547816.231082035000088
11099112.887311195834241 1547816.529667972500044
11099112.887311195834241 1547816.828253910000000
11099112.887311195834241 1547817.126839847499956
11099112.887311195834241 1547817.425425784999912
11099112.887311195834241 1547817.724011722499868
11099112.887311195834241 1547818.022597659999824
11099112.887311195834241 1547818.321183597499780
11099112.887311195834241 1547818.619769534999736
11099112.887311195834241 1547818.918355472499692
11099112.887311195834241 1547819.216941409999648
11099113.185891925000778 1547814.140980472500396
11099113.185891925000778 1547814.439566410000352
11099113.185891925000778 1547814.738152347500308
11099113.185891925000778 1547815.036738285000264
11099113.185891925000778 1547815.335324222500220
11099113.185891925000778 1547815.633910160000176
11099113.185891925000778 1547815.932496097500132
11099113.185891925000778 1547816.231082035000088
11099113.185891925000778 1547816.529667972500044
11099113.185891925000778 1547816.828253910000000
11099113.185891925000778 1547817.126839847499956
11099113.185891925000778 1547817.425425784999912
11099113.185891925000778 1547817.724011722499868
11099113.185891925000778 1547818.022597659999824
11099113.185891925000778 1547818.321183597499780
11099113.185891925000778 1547818.619769534999736
11099113.185891925000778 1547818.918355472499692
11099113.185891925000778 1547819.216941409999648
11099113.484472654167315 1547814.140980472500396
11099113.484472654167315 1547814.439566410000352
11099113.484472654167315 1547814.738152347500308
11099113.484472654167315 1547815.036738285000264
11099113.484472654167315 1547815.335324222500220
11099113.484472654167315 1547815.633910160000176
11099113.484472654167315 1547815.932496097500132
11099113.484472654167315 1547816.231082035000088
11099113.484472654167315 1547816.529667972500044
11099113.484472654167315 1547816.828253910000000
11099113.484472654167315 1547817.126839847499956
11099113.484472654167315 1547817.425425784999912
11099113.484472654167315 1547817.724011722499868
11099113.484472654167315 1547818.022597659999824
11099113.484472654167315 1547818.321183597499780
11099113.484472654167315 1547818.619769534999736
11099113.484472654167315 1547818.918355472499692
11099113.484472654167315 1547819.216941409999648
11099113.783053383333852 1547814.140980472500396
11099113.783053383333852 1547814.439566410000352
11099113.783053383333852 1547814.738152347500308
11099113.783053383333852 1547815.036738285000264
11099113.783053383333852 1547815.335324222500220
11099113.783053383333852 1547815.633910160000176
11099113.783053383333852 1547815.932496097500132
11099113.783053383333852 1547816.231082035000088
11099113.783053383333852 1547816.529667972500044
11099113.783053383333852 1547816.828253910000000
11099113.783053383333852 1547817.126839847499956
11099113.783053383333852 1547817.425425784999912
11099113.783053383333852 1547817.724011722499868
11099113.783053383333852 1547818.022597659999824
11099113.783053383333852 1547818.321183597499780
11099113.783053383333852 1547818.619769534999736
11099113.783053383333852 1547818.918355472499692
11099113.783053383333852 1547819.216941409999648
11099114.081634112500389 1547814.140980472500396
11099114.081634112500389 1547814.439566410000352
11099114.081634112500389 1547814.738152347500308
11099114.081634112500389 1547815.036738285000264
11099114.081634112500389 1547815.335324222500220
11099114.081634112500389 1547815.633910160000176
11099114.081634112500389 1547815.932496097500132
11099114.081634112500389 1547816.231082035000088
11099114.081634112500389 1547816.529667972500044
11099114.081634112500389 1547816.828253910000000
11099114.081634112500389 1547817.126839847499956
11099114.081634112500389 1547817.425425784999912
11099114.081634112500389 1547817.724011722499868
11099114.081634112500389 1547818.022597659999824
11099114.081634112500389 1547818.321183597499780
11099114.081634112500389 1547818.619769534999736
11099114.081634112500389 1547818.918355472499692
11099114.081634112500389 1547819.216941409999648
11099114.380214841666926 1547814.140980472500396
11099114.380214841666926 1547814.439566410000352
11099114.380214841666926 1547814.738152347500308
11099114.380214841666926 1547815.036738285000264
11099114.380214841666926 1547815.335324222500220
11099114.380214841666926 1547815.633910160000176
11099114.380214841666926 1547815.932496097500132
11099114.380214841666926 1547816.231082035000088
11099114.380214841666926 1547816.529667972500044
11099114.380214841666926 1547816.828253910000000
11099114.380214841666926 1547817.126839847499956
11099114.380214841666926 1547817.425425784999912
11099114.380214841666926 1547817.724011722499868
11099114.380214841666926 1547818.022597659999824
11099114.380214841666926 1547818.321183597499780
11099114.380214841666926 1547818.619769534999736
11099114.380214841666926 1547818.918355472499692
11099114.380214841666926 1547819.216941409999648
11099114.678795570833463 1547814.140980472500396
11099114.678795570833463 1547814.439566410000352
11099114.678795570833463 1547814.738152347500308
11099114.678795570833463 1547815.036738285000264
11099114.678795570833463 1547815.335324222500220
11099114.678795570833463 1547815.633910160000176
11099114.678795570833463 1547815.932496097500132
11099114.678795570833463 1547816.231082035000088
11099114.678795570833463 1547816.529667972500044
11099114.678795570833463 1547816.828253910000000
11099114.678795570833463 1547817.126839847499956
11099114.678795570833463 1547817.425425784999912
11099114.678795570833463 1547817.724011722499868
11099114.678795570833463 1547818.022597659999824
11099114.678795570833463 1547818.321183597499780
11099114.678795570833463 1547818.619769534999736
11099114.678795570833463 1547818.918355472499692
11099114.678795570833463 1547819.216941409999648
11099114.977376300000000 1547814.140980472500396
11099114.977376300000000 1547814.439566410000352
11099114.977376300000000 1547814.738152347500308
11099114.977376300000000 1547815.036738285000264
11099114.977376300000000 1547815.335324222500220
11099114.977376300000000 1547815.633910160000176
11099114.977376300000000 1547815.932496097500132
11099114.977376300000000 1547816.231082035000088
11099114.977376300000000 1547816.529667972500044
11099114.977376300000000 1547816.828253910000000
11099114.977376300000000 1547817.126839847499956
11099114.977376300000000 1547817.425425784999912
11099114.977376300000000 1547817.724011722499868
11099114.977376300000000 1547818.022597659999824
11099114.977376300000000 1547818.321183597499780
11099114.977376300000000 1547818.619769534999736
11099114.977376300000000 1547818.918355472499692
11099114.977376300000000 1547819.216941409999648
11099115.275957029166537 1547814.140980472500396
11099115.275957029166537 1547814.439566410000352
11099115.275957029166537 1547814.738152347500308
11099115.275957029166537 1547815.036738285000264
11099115.275957029166537 1547815.335324222500220
11099115.275957029166537 1547815.633910160000176
11099115.275957029166537 1547815.932496097500132
11099115.275957029166537 1547816.231082035000088
11099115.275957029166537 1547816.529667972500044
11099115.275957029166537 1547816.828253910000000
11099115.275957029166537 1547817.126839847499956
11099115.275957029166537 1547817.425425784999912
11099115.275957029166537 1547817.724011722499868
11099115.275957029166537 1547818.022597659999824
11099115.275957029166537 1547818.321183597499780
11099115.275957029166537 1547818.619769534999736
11099115.275957029166537 1547818.918355472499692
11099115.275957029166537 1547819.216941409999648
11099115.574537758333074 1547814.140980472500396
11099115.574537758333074 1547814.439566410000352
11099115.574537758333074 1547814.738152347500308
11099115.574537758333074 1547815.036738285000264
11099115.574537758333074 1547815.335324222500220
11099115.574537758333074 1547815.633910160000176
11099115.574537758333074 1547815.932496097500132
11099115.574537758333074 1547816.231082035000088
11099115.574537758333074 1547816.529667972500044
11099115.574537758333074 1547816.828253910000000
11099115.574537758333074 1547817.126839847499956
11099115.574537758333074 1547817.425425784999912
11099115.574537758333074 1547817.724011722499868
11099115.574537758333074 1547818.022597659999824
11099115.574537758333074 1547818.321183597499780
11099115.574537758333074 1547818.619769534999736
11099115.574537758333074 1547818.918355472499692
11099115.574537758333074 1547819.216941409999648
11099115.873118487499611 1547814.140980472500396
11099115.873118487499611 1547814.439566410000352
11099115.873118487499611 1547814.738152347500308
11099115.873118487499611 1547815.036738285000264
11099115.873118487499611 1547815.335324222500220
11099115.873118487499611 1547815.633910160000176
11099115.873118487499611 1547815.932496097500132
11099115.873118487499611 1547816.231082035000088
11099115.873118487499611 1547816.529667972500044
11099115.873118487499611 1547816.828253910000000
11099115.873118487499611 1547817.126839847499956
11099115.873118487499611 1547817.425425784999912
11099115.873118487499611 1547817.724011722499868
11099115.873118487499611 1547818.022597659999824
11099115.873118487499611 1547818.321183597499780
11099115.873118487499611 1547818.619769534999736
11099115.873118487499611 1547818.918355472499692
11099115.873118487499611 1547819.216941409999648
11099116.171699216666148 1547814.140980472500396
11099116.171699216666148 1547814.439566410000352
11099116.171699216666148 1547814.738152347500308
11099116.171699216666148 1547815.036738285000264
11099116.171699216666148 1547815.335324222500220
11099116.171699216666148 1547815.633910160000176
11099116.171699216666148 1547815.932496097500132
11099116.171699216666148 1547816.231082035000088
11099116.171699216666148 1547816.529667972500044
11099116.171699216666148 1547816.828253910000000
11099116.171699216666148 1547817.126839847499956
11099116.171699216666148 1547817.425425784999912
11099116.171699216666148 1547817.724011722499868
11099116.171699216666148 1547818.022597659999824
11099116.171699216666148 1547818.321183597499780
11099116.171699216666148 1547818.619769534999736
11099116.171699216666148 1547818.918355472499692
11099116.171699216666148 1547819.216941409999648
11099116.470279945832685 1547814.140980472500396
11099116.470279945832685 1547814.439566410000352
11099116.470279945832685 1547814.738152347500308
11099116.470279945832685 1547815.036738285000264
11099116.470279945832685 1547815.335324222500220
11099116.470279945832685 1547815.633910160000176
11099116.470279945832685 1547815.932496097500132
11099116.470279945832685 1547816.231082035000088
11099116.470279945832685 1547816.529667972500044
11099116.470279945832685 1547816.828253910000000
11099116.470279945832685 1547817.126839847499956
11099116.470279945832685 1547817.425425784999912
11099116.470279945832685 1547817.724011722499868
11099116.470279945832685 1547818.022597659999824
11099116.470279945832685 1547818.321183597499780
11099116.470279945832685 1547818.619769534999736
11099116.470279945832685 1547818.918355472499692
11099116.470279945832685 1547819.216941409999648
11099116.768860674999222 1547814.140980472500396
11099116.768860674999222 1547814.439566410000352
11099116.768860674999222 1547814.738152347500308
11099116.768860674999222 1547815.036738285000264
11099116.768860674999222 1547815.335324222500220
11099116.768860674999222 1547815.633910160000176
11099116.768860674999222 1547815.932496097500132
11099116.768860674999222 1547816.231082035000088
11099116.768860674999222 1547816.529667972500044
11099116.768860674999222 1547816.828253910000000
11099116.768860674999222 1547817.126839847499956
11099116.768860674999222 1547817.425425784999912
11099116.768860674999222 1547817.724011722499868
11099116.768860674999222 1547818.022597659999824
11099116.768860674999222 1547818.321183597499780
11099116.768860674999222 1547818.619769534999736
11099116.768860674999222 1547818.918355472499692
11099116.768860674999222 1547819.216941409999648
11099117.067441404165759 1547814.140980472500396
11099117.067441404165759 1547814.439566410000352
11099117.067441404165759 1547814.738152347500308
11099117.067441404165759 1547815.036738285000264
11099117.067441404165759 1547815.335324222500220
11099117.067441404165759 1547815.633910160000176
11099117.067441404165759 1547815.932496097500132
11099117.067441404165759 1547816.231082035000088
11099117.067441404165759 1547816.529667972500044
11099117.067441404165759 1547816.828253910000000
11099117.067441404165759 1547817.126839847499956
11099117.067441404165759 1547817.425425784999912
11099117.067441404165759 1547817.724011722499868
11099117.067441404165759 1547818.022597659999824
11099117.067441404165759 1547818.321183597499780
11099117.067441404165759 1547818.619769534999736
11099117.067441404165759 1547818.918355472499692
11099117.067441404165759 1547819.216941409999648
11099117.366022133332296 1547814.140980472500396
11099117.366022133332296 1547814.439566410000352
11099117.366022133332296 1547814.738152347500308
11099117.366022133332296 1547815.036738285000264
11099117.366022133332296 1547815.335324222500220
11099117.366022133332296 1547815.633910160000176
11099117.366022133332296 1547815.932496097500132
11099117.366022133332296 1547816.231082035000088
11099117.366022133332296 1547816.529667972500044
11099117.366022133332296 1547816.828253910000000
11099117.366022133332296 1547817.126839847499956
11099117.366022133332296 1547817.425425784999912
11099117.366022133332296 1547817.724011722499868
11099117.366022133332296 1547818.022597659999824
11099117.366022133332296 1547818.321183597499780
11099117.366022133332296 1547818.619769534999736
11099117.366022133332296 1547818.918355472499692
11099117.366022133332296 1547819.216941409999648
