11098905.373704437501167 1547650.814472652500396
11098905.373704437501167 1547651.113058590000352
11098905.373704437501167 1547651.411644527500308
11098905.373704437501167 1547651.710230465000264
11098905.373704437501167 1547652.008816402500220
11098905.373704437501167 1547652.307402340000176
11098905.373704437501167 1547652.605988277500132
11098905.373704437501167 1547652.904574215000088
11098905.373704437501167 1547653.203160152500044
11098905.373704437501167 1547653.501746090000000
11098905.373704437501167 1547653.800332027499956
11098905.373704437501167 1547654.098917964999912
11098905.373704437501167 1547654.397503902499868
11098905.373704437501167 1547654.696089839999824
11098905.373704437501167 1547654.994675777499780
11098905.373704437501167 1547655.293261714999736
11098905.373704437501167 1547655.591847652499692
11098905.373704437501167 1547655.890433589999648
11098905.672285166667704 1547650.814472652500396
11098905.672285166667704 1547651.113058590000352
11098905.672285166667704 1547651.411644527500308
11098905.672285166667704 1547651.710230465000264
11098905.672285166667704 1547652.008816402500220
11098905.672285166667704 1547652.307402340000176
11098905.672285166667704 1547652.605988277500132
11098905.672285166667704 1547652.904574215000088
11098905.672285166667704 1547653.203160152500044
11098905.672285166667704 1547653.501746090000000
11098905.672285166667704 1547653.800332027499956
11098905.672285166667704 1547654.098917964999912
11098905.672285166667704 1547654.397503902499868
11098905.672285166667704 1547654.696089839999824
11098905.672285166667704 1547654.994675777499780
11098905.672285166667704 1547655.293261714999736
11098905.672285166667704 1547655.591847652499692
11098905.672285166667704 1547655.890433589999648
11098905.970865895834241 1547650.814472652500396
11098905.970865895834241 1547651.113058590000352
11098905.970865895834241 1547651.411644527500308
11098905.970865895834241 1547651.710230465000264
11098905.970865895834241 1547652.008816402500220
11098905.970865895834241 1547652.307402340000176
11098905.970865895834241 1547652.605988277500132
11098905.970865895834241 1547652.904574215000088
11098905.970865895834241 1547653.203160152500044
11098905.970865895834241 1547653.501746090000000
11098905.970865895834241 1547653.800332027499956
11098905.970865895834241 1547654.098917964999912
11098905.970865895834241 1547654.397503902499868
11098905.970865895834241 1547654.696089839999824
11098905.970865895834241 1547654.994675777499780
11098905.970865895834241 1547655.293261714999736
11098905.970865895834241 1547655.591847652499692
11098905.970865895834241 1547655.890433589999648
11098906.269446625000778 1547650.814472652500396
11098906.269446625000778 1547651.113058590000352
11098906.269446625000778 1547651.411644527500308
11098906.269446625000778 1547651.710230465000264
11098906.269446625000778 1547652.008816402500220
11098906.269446625000778 1547652.307402340000176
11098906.269446625000778 1547652.605988277500132
11098906.269446625000778 1547652.904574215000088
11098906.269446625000778 1547653.203160152500044
11098906.269446625000778 1547653.501746090000000
11098906.269446625000778 1547653.800332027499956
11098906.269446625000778 1547654.098917964999912
11098906.269446625000778 1547654.397503902499868
11098906.269446625000778 1547654.696089839999824
11098906.269446625000778 1547654.994675777499780
11098906.269446625000778 1547655.293261714999736
11098906.269446625000778 1547655.591847652499692
11098906.269446625000778 1547655.890433589999648
11098906.568027354167315 1547650.814472652500396
11098906.568027354167315 1547651.113058590000352
11098906.568027354167315 1547651.411644527500308
11098906.568027354167315 1547651.710230465000264
11098906.568027354167315 1547652.008816402500220
11098906.568027354167315 1547652.307402340000176
11098906.568027354167315 1547652.605988277500132
11098906.568027354167315 1547652.904574215000088
11098906.568027354167315 1547653.203160152500044
11098906.568027354167315 1547653.501746090000000
11098906.568027354167315 1547653.800332027499956
11098906.568027354167315 1547654.098917964999912
11098906.568027354167315 1547654.397503902499868
11098906.568027354167315 1547654.696089839999824
11098906.568027354167315 1547654.994675777499780
11098906.568027354167315 1547655.293261714999736
11098906.568027354167315 1547655.591847652499692
11098906.568027354167315 1547655.890433589999648
11098906.866608083333852 1547650.814472652500396
11098906.866608083333852 1547651.113058590000352
11098906.866608083333852 1547651.411644527500308
11098906.866608083333852 1547651.710230465000264
11098906.866608083333852 1547652.008816402500220
11098906.866608083333852 1547652.307402340000176
11098906.866608083333852 1547652.605988277500132
11098906.866608083333852 1547652.904574215000088
11098906.866608083333852 1547653.203160152500044
11098906.866608083333852 1547653.501746090000000
11098906.866608083333852 1547653.800332027499956
11098906.866608083333852 1547654.098917964999912
11098906.866608083333852 1547654.397503902499868
11098906.866608083333852 1547654.696089839999824
11098906.866608083333852 1547654.994675777499780
11098906.866608083333852 1547655.293261714999736
11098906.866608083333852 1547655.591847652499692
11098906.866608083333852 1547655.890433589999648
11098907.165188812500389 1547650.814472652500396
11098907.165188812500389 1547651.113058590000352
11098907.165188812500389 1547651.411644527500308
11098907.165188812500389 1547651.710230465000264
11098907.165188812500389 1547652.008816402500220
11098907.165188812500389 1547652.307402340000176
11098907.165188812500389 1547652.605988277500132
11098907.165188812500389 1547652.904574215000088
11098907.165188812500389 1547653.203160152500044
11098907.165188812500389 1547653.501746090000000
11098907.165188812500389 1547653.800332027499956
11098907.165188812500389 1547654.098917964999912
11098907.165188812500389 1547654.397503902499868
11098907.165188812500389 1547654.696089839999824
11098907.165188812500389 1547654.994675777499780
11098907.165188812500389 1547655.293261714999736
11098907.165188812500389 1547655.591847652499692
11098907.165188812500389 1547655.890433589999648
11098907.463769541666926 1547650.814472652500396
11098907.463769541666926 1547651.113058590000352
11098907.463769541666926 1547651.411644527500308
11098907.463769541666926 1547651.710230465000264
11098907.463769541666926 1547652.008816402500220
11098907.463769541666926 1547652.307402340000176
11098907.463769541666926 1547652.605988277500132
11098907.463769541666926 1547652.904574215000088
11098907.463769541666926 1547653.203160152500044
11098907.463769541666926 1547653.501746090000000
11098907.463769541666926 1547653.800332027499956
11098907.463769541666926 1547654.098917964999912
11098907.463769541666926 1547654.397503902499868
11098907.463769541666926 1547654.696089839999824
11098907.463769541666926 1547654.994675777499780
11098907.463769541666926 1547655.293261714999736
11098907.463769541666926 1547655.591847652499692
11098907.463769541666926 1547655.890433589999648
11098907.762350270833463 1547650.814472652500396
11098907.762350270833463 1547651.113058590000352
11098907.762350270833463 1547651.411644527500308
11098907.762350270833463 1547651.710230465000264
11098907.762350270833463 1547652.008816402500220
11098907.762350270833463 1547652.307402340000176
11098907.762350270833463 1547652.605988277500132
11098907.762350270833463 1547652.904574215000088
11098907.762350270833463 1547653.203160152500044
11098907.762350270833463 1547653.501746090000000
11098907.762350270833463 1547653.800332027499956
11098907.762350270833463 1547654.098917964999912
11098907.762350270833463 1547654.397503902499868
11098907.762350270833463 1547654.696089839999824
11098907.762350270833463 1547654.994675777499780
11098907.762350270833463 1547655.293261714999736
11098907.762350270833463 1547655.591847652499692
11098907.762350270833463 1547655.890433589999648
11098908.060931000000000 1547650.814472652500396
11098908.060931000000000 1547651.113058590000352
11098908.060931000000000 1547651.411644527500308
11098908.060931000000000 1547651.710230465000264
11098908.060931000000000 1547652.008816402500220
11098908.060931000000000 1547652.307402340000176
11098908.060931000000000 1547652.605988277500132
11098908.060931000000000 1547652.904574215000088
11098908.060931000000000 1547653.203160152500044
11098908.060931000000000 1547653.501746090000000
11098908.060931000000000 1547653.800332027499956
11098908.060931000000000 1547654.098917964999912
11098908.060931000000000 1547654.397503902499868
11098908.060931000000000 1547654.696089839999824
11098908.060931000000000 1547654.994675777499780
11098908.060931000000000 1547655.293261714999736
11098908.060931000000000 1547655.591847652499692
11098908.060931000000000 1547655.890433589999648
11098908.359511729166537 1547650.814472652500396
11098908.359511729166537 1547651.113058590000352
11098908.359511729166537 1547651.411644527500308
11098908.359511729166537 1547651.710230465000264
11098908.359511729166537 1547652.008816402500220
11098908.359511729166537 1547652.307402340000176
11098908.359511729166537 1547652.605988277500132
11098908.359511729166537 1547652.904574215000088
11098908.359511729166537 1547653.203160152500044
11098908.359511729166537 1547653.501746090000000
11098908.359511729166537 1547653.800332027499956
11098908.359511729166537 1547654.098917964999912
11098908.359511729166537 1547654.397503902499868
11098908.359511729166537 1547654.696089839999824
11098908.359511729166537 1547654.994675777499780
11098908.359511729166537 1547655.293261714999736
11098908.359511729166537 1547655.591847652499692
11098908.359511729166537 1547655.890433589999648
11098908.658092458333074 1547650.814472652500396
11098908.658092458333074 1547651.113058590000352
11098908.658092458333074 1547651.411644527500308
11098908.658092458333074 1547651.710230465000264
11098908.658092458333074 1547652.008816402500220
11098908.658092458333074 1547652.307402340000176
11098908.658092458333074 1547652.605988277500132
11098908.658092458333074 1547652.904574215000088
11098908.658092458333074 1547653.203160152500044
11098908.658092458333074 1547653.501746090000000
11098908.658092458333074 1547653.800332027499956
11098908.658092458333074 1547654.098917964999912
11098908.658092458333074 1547654.397503902499868
11098908.658092458333074 1547654.696089839999824
11098908.658092458333074 1547654.994675777499780
11098908.658092458333074 1547655.293261714999736
11098908.658092458333074 1547655.591847652499692
11098908.658092458333074 1547655.890433589999648
11098908.956673187499611 1547650.814472652500396
11098908.956673187499611 1547651.113058590000352
11098908.956673187499611 1547651.411644527500308
11098908.956673187499611 1547651.710230465000264
11098908.956673187499611 1547652.008816402500220
11098908.956673187499611 1547652.307402340000176
11098908.956673187499611 1547652.605988277500132
11098908.956673187499611 1547652.904574215000088
11098908.956673187499611 1547653.203160152500044
11098908.956673187499611 1547653.501746090000000
11098908.956673187499611 1547653.800332027499956
11098908.956673187499611 1547654.098917964999912
11098908.956673187499611 1547654.397503902499868
11098908.956673187499611 1547654.696089839999824
11098908.956673187499611 1547654.994675777499780
11098908.956673187499611 1547655.293261714999736
11098908.956673187499611 1547655.591847652499692
11098908.956673187499611 1547655.890433589999648
11098909.255253916666148 1547650.814472652500396
11098909.255253916666148 1547651.113058590000352
11098909.255253916666148 1547651.411644527500308
11098909.255253916666148 1547651.710230465000264
11098909.255253916666148 1547652.008816402500220
11098909.255253916666148 1547652.307402340000176
11098909.255253916666148 1547652.605988277500132
11098909.255253916666148 1547652.904574215000088
11098909.255253916666148 1547653.203160152500044
11098909.255253916666148 1547653.501746090000000
11098909.255253916666148 1547653.800332027499956
11098909.255253916666148 1547654.098917964999912
11098909.255253916666148 1547654.397503902499868
11098909.255253916666148 1547654.696089839999824
11098909.255253916666148 1547654.994675777499780
11098909.255253916666148 1547655.293261714999736
11098909.255253916666148 1547655.591847652499692
11098909.255253916666148 1547655.890433589999648
11098909.553834645832685 1547650.814472652500396
11098909.553834645832685 1547651.113058590000352
11098909.553834645832685 1547651.411644527500308
11098909.553834645832685 1547651.710230465000264
11098909.553834645832685 1547652.008816402500220
11098909.553834645832685 1547652.307402340000176
11098909.553834645832685 1547652.605988277500132
11098909.553834645832685 1547652.904574215000088
11098909.553834645832685 1547653.203160152500044
11098909.553834645832685 1547653.501746090000000
11098909.553834645832685 1547653.800332027499956
11098909.553834645832685 1547654.098917964999912
11098909.553834645832685 1547654.397503902499868
11098909.553834645832685 1547654.696089839999824
11098909.553834645832685 1547654.994675777499780
11098909.553834645832685 1547655.293261714999736
11098909.553834645832685 1547655.591847652499692
11098909.553834645832685 1547655.890433589999648
11098909.852415374999222 1547650.814472652500396
11098909.852415374999222 1547651.113058590000352
11098909.852415374999222 1547651.411644527500308
11098909.852415374999222 1547651.710230465000264
11098909.852415374999222 1547652.008816402500220
11098909.852415374999222 1547652.307402340000176
11098909.852415374999222 1547652.605988277500132
11098909.852415374999222 1547652.904574215000088
11098909.852415374999222 1547653.203160152500044
11098909.852415374999222 1547653.501746090000000
11098909.852415374999222 1547653.800332027499956
11098909.852415374999222 1547654.098917964999912
11098909.852415374999222 1547654.397503902499868
11098909.852415374999222 1547654.696089839999824
11098909.852415374999222 1547654.994675777499780
11098909.852415374999222 1547655.293261714999736
11098909.852415374999222 1547655.591847652499692
11098909.852415374999222 1547655.890433589999648
11098910.150996104165759 1547650.814472652500396
11098910.150996104165759 1547651.113058590000352
11098910.150996104165759 1547651.411644527500308
11098910.150996104165759 1547651.710230465000264
11098910.150996104165759 1547652.008816402500220
11098910.150996104165759 1547652.307402340000176
11098910.150996104165759 1547652.605988277500132
11098910.150996104165759 1547652.904574215000088
11098910.150996104165759 1547653.203160152500044
11098910.150996104165759 1547653.501746090000000
11098910.150996104165759 1547653.800332027499956
11098910.150996104165759 1547654.098917964999912
11098910.150996104165759 1547654.397503902499868
11098910.150996104165759 1547654.696089839999824
11098910.150996104165759 1547654.994675777499780
11098910.150996104165759 1547655.293261714999736
11098910.150996104165759 1547655.591847652499692
11098910.150996104165759 1547655.890433589999648
11098910.449576833332296 1547650.814472652500396
11098910.449576833332296 1547651.113058590000352
11098910.449576833332296 1547651.411644527500308
11098910.449576833332296 1547651.710230465000264
11098910.449576833332296 1547652.008816402500220
11098910.449576833332296 1547652.307402340000176
11098910.449576833332296 1547652.605988277500132
11098910.449576833332296 1547652.904574215000088
11098910.449576833332296 1547653.203160152500044
11098910.449576833332296 1547653.501746090000000
11098910.449576833332296 1547653.800332027499956
11098910.449576833332296 1547654.098917964999912
11098910.449576833332296 1547654.397503902499868
11098910.449576833332296 1547654.696089839999824
11098910.449576833332296 1547654.994675777499780
11098910.449576833332296 1547655.293261714999736
11098910.449576833332296 1547655.591847652499692
11098910.449576833332296 1547655.890433589999648
