11099463.719667937501167 1547835.340582032500396
11099463.719667937501167 1547835.639167970000352
11099463.719667937501167 1547835.937753907500308
11099463.719667937501167 1547836.236339845000264
11099463.719667937501167 1547836.534925782500220
11099463.719667937501167 1547836.833511720000176
11099463.719667937501167 1547837.132097657500132
11099463.719667937501167 1547837.430683595000088
11099463.719667937501167 1547837.729269532500044
11099463.719667937501167 1547838.027855470000000
11099463.719667937501167 1547838.326441407499956
11099463.719667937501167 1547838.625027344999912
11099463.719667937501167 1547838.923613282499868
11099463.719667937501167 1547839.222199219999824
11099463.719667937501167 1547839.520785157499780
11099463.719667937501167 1547839.819371094999736
11099463.719667937501167 1547840.117957032499692
11099463.719667937501167 1547840.416542969999648
11099464.018248666667704 1547835.340582032500396
11099464.018248666667704 1547835.639167970000352
11099464.018248666667704 1547835.937753907500308
11099464.018248666667704 1547836.236339845000264
11099464.018248666667704 1547836.534925782500220
11099464.018248666667704 1547836.833511720000176
11099464.018248666667704 1547837.132097657500132
11099464.018248666667704 1547837.430683595000088
11099464.018248666667704 1547837.729269532500044
11099464.018248666667704 1547838.027855470000000
11099464.018248666667704 1547838.326441407499956
11099464.018248666667704 1547838.625027344999912
11099464.018248666667704 1547838.923613282499868
11099464.018248666667704 1547839.222199219999824
11099464.018248666667704 1547839.520785157499780
11099464.018248666667704 1547839.819371094999736
11099464.018248666667704 1547840.117957032499692
11099464.018248666667704 1547840.416542969999648
11099464.316829395834241 1547835.340582032500396
11099464.316829395834241 1547835.639167970000352
11099464.316829395834241 1547835.937753907500308
11099464.316829395834241 1547836.236339845000264
11099464.316829395834241 1547836.534925782500220
11099464.316829395834241 1547836.833511720000176
11099464.316829395834241 1547837.132097657500132
11099464.316829395834241 1547837.430683595000088
11099464.316829395834241 1547837.729269532500044
11099464.316829395834241 1547838.027855470000000
11099464.316829395834241 1547838.326441407499956
11099464.316829395834241 1547838.625027344999912
11099464.316829395834241 1547838.923613282499868
11099464.316829395834241 1547839.222199219999824
11099464.316829395834241 1547839.520785157499780
11099464.316829395834241 1547839.819371094999736
11099464.316829395834241 1547840.117957032499692
11099464.316829395834241 1547840.416542969999648
11099464.615410125000778 1547835.340582032500396
11099464.615410125000778 1547835.639167970000352
11099464.615410125000778 1547835.937753907500308
11099464.615410125000778 1547836.236339845000264
11099464.615410125000778 1547836.534925782500220
11099464.615410125000778 1547836.833511720000176
11099464.615410125000778 1547837.132097657500132
11099464.615410125000778 1547837.430683595000088
11099464.615410125000778 1547837.729269532500044
11099464.615410125000778 1547838.027855470000000
11099464.615410125000778 1547838.326441407499956
11099464.615410125000778 1547838.625027344999912
11099464.615410125000778 1547838.923613282499868
11099464.615410125000778 1547839.222199219999824
11099464.615410125000778 1547839.520785157499780
11099464.615410125000778 1547839.819371094999736
11099464.615410125000778 1547840.117957032499692
11099464.615410125000778 1547840.416542969999648
11099464.913990854167315 1547835.340582032500396
11099464.913990854167315 1547835.639167970000352
11099464.913990854167315 1547835.937753907500308
11099464.913990854167315 1547836.236339845000264
11099464.913990854167315 1547836.534925782500220
11099464.913990854167315 1547836.833511720000176
11099464.913990854167315 1547837.132097657500132
11099464.913990854167315 1547837.430683595000088
11099464.913990854167315 1547837.729269532500044
11099464.913990854167315 1547838.027855470000000
11099464.913990854167315 1547838.326441407499956
11099464.913990854167315 1547838.625027344999912
11099464.913990854167315 1547838.923613282499868
11099464.913990854167315 1547839.222199219999824
11099464.913990854167315 1547839.520785157499780
11099464.913990854167315 1547839.819371094999736
11099464.913990854167315 1547840.117957032499692
11099464.913990854167315 1547840.416542969999648
11099465.212571583333852 1547835.340582032500396
11099465.212571583333852 1547835.639167970000352
11099465.212571583333852 1547835.937753907500308
11099465.212571583333852 1547836.236339845000264
11099465.212571583333852 1547836.534925782500220
11099465.212571583333852 1547836.833511720000176
11099465.212571583333852 1547837.132097657500132
11099465.212571583333852 1547837.430683595000088
11099465.212571583333852 1547837.729269532500044
11099465.212571583333852 1547838.027855470000000
11099465.212571583333852 1547838.326441407499956
11099465.212571583333852 1547838.625027344999912
11099465.212571583333852 1547838.923613282499868
11099465.212571583333852 1547839.222199219999824
11099465.212571583333852 1547839.520785157499780
11099465.212571583333852 1547839.819371094999736
11099465.212571583333852 1547840.117957032499692
11099465.212571583333852 1547840.416542969999648
11099465.511152312500389 1547835.340582032500396
11099465.511152312500389 1547835.639167970000352
11099465.511152312500389 1547835.937753907500308
11099465.511152312500389 1547836.236339845000264
11099465.511152312500389 1547836.534925782500220
11099465.511152312500389 1547836.833511720000176
11099465.511152312500389 1547837.132097657500132
11099465.511152312500389 1547837.430683595000088
11099465.511152312500389 1547837.729269532500044
11099465.511152312500389 1547838.027855470000000
11099465.511152312500389 1547838.326441407499956
11099465.511152312500389 1547838.625027344999912
11099465.511152312500389 1547838.923613282499868
11099465.511152312500389 1547839.222199219999824
11099465.511152312500389 1547839.520785157499780
11099465.511152312500389 1547839.819371094999736
11099465.511152312500389 1547840.117957032499692
11099465.511152312500389 1547840.416542969999648
11099465.809733041666926 1547835.340582032500396
11099465.809733041666926 1547835.639167970000352
11099465.809733041666926 1547835.937753907500308
11099465.809733041666926 1547836.236339845000264
11099465.809733041666926 1547836.534925782500220
11099465.809733041666926 1547836.833511720000176
11099465.809733041666926 1547837.132097657500132
11099465.809733041666926 1547837.430683595000088
11099465.809733041666926 1547837.729269532500044
11099465.809733041666926 1547838.027855470000000
11099465.809733041666926 1547838.326441407499956
11099465.809733041666926 1547838.625027344999912
11099465.809733041666926 1547838.923613282499868
11099465.809733041666926 1547839.222199219999824
11099465.809733041666926 1547839.520785157499780
11099465.809733041666926 1547839.819371094999736
11099465.809733041666926 1547840.117957032499692
11099465.809733041666926 1547840.416542969999648
11099466.108313770833463 1547835.340582032500396
11099466.108313770833463 1547835.639167970000352
11099466.108313770833463 1547835.937753907500308
11099466.108313770833463 1547836.236339845000264
11099466.108313770833463 1547836.534925782500220
11099466.108313770833463 1547836.833511720000176
11099466.108313770833463 1547837.132097657500132
11099466.108313770833463 1547837.430683595000088
11099466.108313770833463 1547837.729269532500044
11099466.108313770833463 1547838.027855470000000
11099466.108313770833463 1547838.326441407499956
11099466.108313770833463 1547838.625027344999912
11099466.108313770833463 1547838.923613282499868
11099466.108313770833463 1547839.222199219999824
11099466.108313770833463 1547839.520785157499780
11099466.108313770833463 1547839.819371094999736
11099466.108313770833463 1547840.117957032499692
11099466.108313770833463 1547840.416542969999648
11099466.406894500000000 1547835.340582032500396
11099466.406894500000000 1547835.639167970000352
11099466.406894500000000 1547835.937753907500308
11099466.406894500000000 1547836.236339845000264
11099466.406894500000000 1547836.534925782500220
11099466.406894500000000 1547836.833511720000176
11099466.406894500000000 1547837.132097657500132
11099466.406894500000000 1547837.430683595000088
11099466.406894500000000 1547837.729269532500044
11099466.406894500000000 1547838.027855470000000
11099466.406894500000000 1547838.326441407499956
11099466.406894500000000 1547838.625027344999912
11099466.406894500000000 1547838.923613282499868
11099466.406894500000000 1547839.222199219999824
11099466.406894500000000 1547839.520785157499780
11099466.406894500000000 1547839.819371094999736
11099466.406894500000000 1547840.117957032499692
11099466.406894500000000 1547840.416542969999648
11099466.705475229166537 1547835.340582032500396
11099466.705475229166537 1547835.639167970000352
11099466.705475229166537 1547835.937753907500308
11099466.705475229166537 1547836.236339845000264
11099466.705475229166537 1547836.534925782500220
11099466.705475229166537 1547836.833511720000176
11099466.705475229166537 1547837.132097657500132
11099466.705475229166537 1547837.430683595000088
11099466.705475229166537 1547837.729269532500044
11099466.705475229166537 1547838.027855470000000
11099466.705475229166537 1547838.326441407499956
11099466.705475229166537 1547838.625027344999912
11099466.705475229166537 1547838.923613282499868
11099466.705475229166537 1547839.222199219999824
11099466.705475229166537 1547839.520785157499780
11099466.705475229166537 1547839.819371094999736
11099466.705475229166537 1547840.117957032499692
11099466.705475229166537 1547840.416542969999648
11099467.004055958333074 1547835.340582032500396
11099467.004055958333074 1547835.639167970000352
11099467.004055958333074 1547835.937753907500308
11099467.004055958333074 1547836.236339845000264
11099467.004055958333074 1547836.534925782500220
11099467.004055958333074 1547836.833511720000176
11099467.004055958333074 1547837.132097657500132
11099467.004055958333074 1547837.430683595000088
11099467.004055958333074 1547837.729269532500044
11099467.004055958333074 1547838.027855470000000
11099467.004055958333074 1547838.326441407499956
11099467.004055958333074 1547838.625027344999912
11099467.004055958333074 1547838.923613282499868
11099467.004055958333074 1547839.222199219999824
11099467.004055958333074 1547839.520785157499780
11099467.004055958333074 1547839.819371094999736
11099467.004055958333074 1547840.117957032499692
11099467.004055958333074 1547840.416542969999648
11099467.302636687499611 1547835.340582032500396
11099467.302636687499611 1547835.639167970000352
11099467.302636687499611 1547835.937753907500308
11099467.302636687499611 1547836.236339845000264
11099467.302636687499611 1547836.534925782500220
11099467.302636687499611 1547836.833511720000176
11099467.302636687499611 1547837.132097657500132
11099467.302636687499611 1547837.430683595000088
11099467.302636687499611 1547837.729269532500044
11099467.302636687499611 1547838.027855470000000
11099467.302636687499611 1547838.326441407499956
11099467.302636687499611 1547838.625027344999912
11099467.302636687499611 1547838.923613282499868
11099467.302636687499611 1547839.222199219999824
11099467.302636687499611 1547839.520785157499780
11099467.302636687499611 1547839.819371094999736
11099467.302636687499611 1547840.117957032499692
11099467.302636687499611 1547840.416542969999648
11099467.601217416666148 1547835.340582032500396
11099467.601217416666148 1547835.639167970000352
11099467.601217416666148 1547835.937753907500308
11099467.601217416666148 1547836.236339845000264
11099467.601217416666148 1547836.534925782500220
11099467.601217416666148 1547836.833511720000176
11099467.601217416666148 1547837.132097657500132
11099467.601217416666148 1547837.430683595000088
11099467.601217416666148 1547837.729269532500044
11099467.601217416666148 1547838.027855470000000
11099467.601217416666148 1547838.326441407499956
11099467.601217416666148 1547838.625027344999912
11099467.601217416666148 1547838.923613282499868
11099467.601217416666148 1547839.222199219999824
11099467.601217416666148 1547839.520785157499780
11099467.601217416666148 1547839.819371094999736
11099467.601217416666148 1547840.117957032499692
11099467.601217416666148 1547840.416542969999648
11099467.899798145832685 1547835.340582032500396
11099467.899798145832685 1547835.639167970000352
11099467.899798145832685 1547835.937753907500308
11099467.899798145832685 1547836.236339845000264
11099467.899798145832685 1547836.534925782500220
11099467.899798145832685 1547836.833511720000176
11099467.899798145832685 1547837.132097657500132
11099467.899798145832685 1547837.430683595000088
11099467.899798145832685 1547837.729269532500044
11099467.899798145832685 1547838.027855470000000
11099467.899798145832685 1547838.326441407499956
11099467.899798145832685 1547838.625027344999912
11099467.899798145832685 1547838.923613282499868
11099467.899798145832685 1547839.222199219999824
11099467.899798145832685 1547839.520785157499780
11099467.899798145832685 1547839.819371094999736
11099467.899798145832685 1547840.117957032499692
11099467.899798145832685 1547840.416542969999648
11099468.198378874999222 1547835.340582032500396
11099468.198378874999222 1547835.639167970000352
11099468.198378874999222 1547835.937753907500308
11099468.198378874999222 1547836.236339845000264
11099468.198378874999222 1547836.534925782500220
11099468.198378874999222 1547836.833511720000176
11099468.198378874999222 1547837.132097657500132
11099468.198378874999222 1547837.430683595000088
11099468.198378874999222 1547837.729269532500044
11099468.198378874999222 1547838.027855470000000
11099468.198378874999222 1547838.326441407499956
11099468.198378874999222 1547838.625027344999912
11099468.198378874999222 1547838.923613282499868
11099468.198378874999222 1547839.222199219999824
11099468.198378874999222 1547839.520785157499780
11099468.198378874999222 1547839.819371094999736
11099468.198378874999222 1547840.117957032499692
11099468.198378874999222 1547840.416542969999648
11099468.496959604165759 1547835.340582032500396
11099468.496959604165759 1547835.639167970000352
11099468.496959604165759 1547835.937753907500308
11099468.496959604165759 1547836.236339845000264
11099468.496959604165759 1547836.534925782500220
11099468.496959604165759 1547836.833511720000176
11099468.496959604165759 1547837.132097657500132
11099468.496959604165759 1547837.430683595000088
11099468.496959604165759 1547837.729269532500044
11099468.496959604165759 1547838.027855470000000
11099468.496959604165759 1547838.326441407499956
11099468.496959604165759 1547838.625027344999912
11099468.496959604165759 1547838.923613282499868
11099468.496959604165759 1547839.222199219999824
11099468.496959604165759 1547839.520785157499780
11099468.496959604165759 1547839.819371094999736
11099468.496959604165759 1547840.117957032499692
11099468.496959604165759 1547840.416542969999648
11099468.795540333332296 1547835.340582032500396
11099468.795540333332296 1547835.639167970000352
11099468.795540333332296 1547835.937753907500308
11099468.795540333332296 1547836.236339845000264
11099468.795540333332296 1547836.534925782500220
11099468.795540333332296 1547836.833511720000176
11099468.795540333332296 1547837.132097657500132
11099468.795540333332296 1547837.430683595000088
11099468.795540333332296 1547837.729269532500044
11099468.795540333332296 1547838.027855470000000
11099468.795540333332296 1547838.326441407499956
11099468.795540333332296 1547838.625027344999912
11099468.795540333332296 1547838.923613282499868
11099468.795540333332296 1547839.222199219999824
11099468.795540333332296 1547839.520785157499780
11099468.795540333332296 1547839.819371094999736
11099468.795540333332296 1547840.117957032499692
11099468.795540333332296 1547840.416542969999648
