11099216.196243537501167 1547655.890433592500396
11099216.196243537501167 1547656.189019530000352
11099216.196243537501167 1547656.487605467500308
11099216.196243537501167 1547656.786191405000264
11099216.196243537501167 1547657.084777342500220
11099216.196243537501167 1547657.383363280000176
11099216.196243537501167 1547657.681949217500132
11099216.196243537501167 1547657.980535155000088
11099216.196243537501167 1547658.279121092500044
11099216.196243537501167 1547658.577707030000000
11099216.196243537501167 1547658.876292967499956
11099216.196243537501167 1547659.174878904999912
11099216.196243537501167 1547659.473464842499868
11099216.196243537501167 1547659.772050779999824
11099216.196243537501167 1547660.070636717499780
11099216.196243537501167 1547660.369222654999736
11099216.196243537501167 1547660.667808592499692
11099216.196243537501167 1547660.966394529999648
11099216.494824266667704 1547655.890433592500396
11099216.494824266667704 1547656.189019530000352
11099216.494824266667704 1547656.487605467500308
11099216.494824266667704 1547656.786191405000264
11099216.494824266667704 1547657.084777342500220
11099216.494824266667704 1547657.383363280000176
11099216.494824266667704 1547657.681949217500132
11099216.494824266667704 1547657.980535155000088
11099216.494824266667704 1547658.279121092500044
11099216.494824266667704 1547658.577707030000000
11099216.494824266667704 1547658.876292967499956
11099216.494824266667704 1547659.174878904999912
11099216.494824266667704 1547659.473464842499868
11099216.494824266667704 1547659.772050779999824
11099216.494824266667704 1547660.070636717499780
11099216.494824266667704 1547660.369222654999736
11099216.494824266667704 1547660.667808592499692
11099216.494824266667704 1547660.966394529999648
11099216.793404995834241 1547655.890433592500396
11099216.793404995834241 1547656.189019530000352
11099216.793404995834241 1547656.487605467500308
11099216.793404995834241 1547656.786191405000264
11099216.793404995834241 1547657.084777342500220
11099216.793404995834241 1547657.383363280000176
11099216.793404995834241 1547657.681949217500132
11099216.793404995834241 1547657.980535155000088
11099216.793404995834241 1547658.279121092500044
11099216.793404995834241 1547658.577707030000000
11099216.793404995834241 1547658.876292967499956
11099216.793404995834241 1547659.174878904999912
11099216.793404995834241 1547659.473464842499868
11099216.793404995834241 1547659.772050779999824
11099216.793404995834241 1547660.070636717499780
11099216.793404995834241 1547660.369222654999736
11099216.793404995834241 1547660.667808592499692
11099216.793404995834241 1547660.966394529999648
11099217.091985725000778 1547655.890433592500396
11099217.091985725000778 1547656.189019530000352
11099217.091985725000778 1547656.487605467500308
11099217.091985725000778 1547656.786191405000264
11099217.091985725000778 1547657.084777342500220
11099217.091985725000778 1547657.383363280000176
11099217.091985725000778 1547657.681949217500132
11099217.091985725000778 1547657.980535155000088
11099217.091985725000778 1547658.279121092500044
11099217.091985725000778 1547658.577707030000000
11099217.091985725000778 1547658.876292967499956
11099217.091985725000778 1547659.174878904999912
11099217.091985725000778 1547659.473464842499868
11099217.091985725000778 1547659.772050779999824
11099217.091985725000778 1547660.070636717499780
11099217.091985725000778 1547660.369222654999736
11099217.091985725000778 1547660.667808592499692
11099217.091985725000778 1547660.966394529999648
11099217.390566454167315 1547655.890433592500396
11099217.390566454167315 1547656.189019530000352
11099217.390566454167315 1547656.487605467500308
11099217.390566454167315 1547656.786191405000264
11099217.390566454167315 1547657.084777342500220
11099217.390566454167315 1547657.383363280000176
11099217.390566454167315 1547657.681949217500132
11099217.390566454167315 1547657.980535155000088
11099217.390566454167315 1547658.279121092500044
11099217.390566454167315 1547658.577707030000000
11099217.390566454167315 1547658.876292967499956
11099217.390566454167315 1547659.174878904999912
11099217.390566454167315 1547659.473464842499868
11099217.390566454167315 1547659.772050779999824
11099217.390566454167315 1547660.070636717499780
11099217.390566454167315 1547660.369222654999736
11099217.390566454167315 1547660.667808592499692
11099217.390566454167315 1547660.966394529999648
11099217.689147183333852 1547655.890433592500396
11099217.689147183333852 1547656.189019530000352
11099217.689147183333852 1547656.487605467500308
11099217.689147183333852 1547656.786191405000264
11099217.689147183333852 1547657.084777342500220
11099217.689147183333852 1547657.383363280000176
11099217.689147183333852 1547657.681949217500132
11099217.689147183333852 1547657.980535155000088
11099217.689147183333852 1547658.279121092500044
11099217.689147183333852 1547658.577707030000000
11099217.689147183333852 1547658.876292967499956
11099217.689147183333852 1547659.174878904999912
11099217.689147183333852 1547659.473464842499868
11099217.689147183333852 1547659.772050779999824
11099217.689147183333852 1547660.070636717499780
11099217.689147183333852 1547660.369222654999736
11099217.689147183333852 1547660.667808592499692
11099217.689147183333852 1547660.966394529999648
11099217.987727912500389 1547655.890433592500396
11099217.987727912500389 1547656.189019530000352
11099217.987727912500389 1547656.487605467500308
11099217.987727912500389 1547656.786191405000264
11099217.987727912500389 1547657.084777342500220
11099217.987727912500389 1547657.383363280000176
11099217.987727912500389 1547657.681949217500132
11099217.987727912500389 1547657.980535155000088
11099217.987727912500389 1547658.279121092500044
11099217.987727912500389 1547658.577707030000000
11099217.987727912500389 1547658.876292967499956
11099217.987727912500389 1547659.174878904999912
11099217.987727912500389 1547659.473464842499868
11099217.987727912500389 1547659.772050779999824
11099217.987727912500389 1547660.070636717499780
11099217.987727912500389 1547660.369222654999736
11099217.987727912500389 1547660.667808592499692
11099217.987727912500389 1547660.966394529999648
11099218.286308641666926 1547655.890433592500396
11099218.286308641666926 1547656.189019530000352
11099218.286308641666926 1547656.487605467500308
11099218.286308641666926 1547656.786191405000264
11099218.286308641666926 1547657.084777342500220
11099218.286308641666926 1547657.383363280000176
11099218.286308641666926 1547657.681949217500132
11099218.286308641666926 1547657.980535155000088
11099218.286308641666926 1547658.279121092500044
11099218.286308641666926 1547658.577707030000000
11099218.286308641666926 1547658.876292967499956
11099218.286308641666926 1547659.174878904999912
11099218.286308641666926 1547659.473464842499868
11099218.286308641666926 1547659.772050779999824
11099218.286308641666926 1547660.070636717499780
11099218.286308641666926 1547660.369222654999736
11099218.286308641666926 1547660.667808592499692
11099218.286308641666926 1547660.966394529999648
11099218.584889370833463 1547655.890433592500396
11099218.584889370833463 1547656.189019530000352
11099218.584889370833463 1547656.487605467500308
11099218.584889370833463 1547656.786191405000264
11099218.584889370833463 1547657.084777342500220
11099218.584889370833463 1547657.383363280000176
11099218.584889370833463 1547657.681949217500132
11099218.584889370833463 1547657.980535155000088
11099218.584889370833463 1547658.279121092500044
11099218.584889370833463 1547658.577707030000000
11099218.584889370833463 1547658.876292967499956
11099218.584889370833463 1547659.174878904999912
11099218.584889370833463 1547659.473464842499868
11099218.584889370833463 1547659.772050779999824
11099218.584889370833463 1547660.070636717499780
11099218.584889370833463 1547660.369222654999736
11099218.584889370833463 1547660.667808592499692
11099218.584889370833463 1547660.966394529999648
11099218.883470100000000 1547655.890433592500396
11099218.883470100000000 1547656.189019530000352
11099218.883470100000000 1547656.487605467500308
11099218.883470100000000 1547656.786191405000264
11099218.883470100000000 1547657.084777342500220
11099218.883470100000000 1547657.383363280000176
11099218.883470100000000 1547657.681949217500132
11099218.883470100000000 1547657.980535155000088
11099218.883470100000000 1547658.279121092500044
11099218.883470100000000 1547658.577707030000000
11099218.883470100000000 1547658.876292967499956
11099218.883470100000000 1547659.174878904999912
11099218.883470100000000 1547659.473464842499868
11099218.883470100000000 1547659.772050779999824
11099218.883470100000000 1547660.070636717499780
11099218.883470100000000 1547660.369222654999736
11099218.883470100000000 1547660.667808592499692
11099218.883470100000000 1547660.966394529999648
11099219.182050829166537 1547655.890433592500396
11099219.182050829166537 1547656.189019530000352
11099219.182050829166537 1547656.487605467500308
11099219.182050829166537 1547656.786191405000264
11099219.182050829166537 1547657.084777342500220
11099219.182050829166537 1547657.383363280000176
11099219.182050829166537 1547657.681949217500132
11099219.182050829166537 1547657.980535155000088
11099219.182050829166537 1547658.279121092500044
11099219.182050829166537 1547658.577707030000000
11099219.182050829166537 1547658.876292967499956
11099219.182050829166537 1547659.174878904999912
11099219.182050829166537 1547659.473464842499868
11099219.182050829166537 1547659.772050779999824
11099219.182050829166537 1547660.070636717499780
11099219.182050829166537 1547660.369222654999736
11099219.182050829166537 1547660.667808592499692
11099219.182050829166537 1547660.966394529999648
11099219.480631558333074 1547655.890433592500396
11099219.480631558333074 1547656.189019530000352
11099219.480631558333074 1547656.487605467500308
11099219.480631558333074 1547656.786191405000264
11099219.480631558333074 1547657.084777342500220
11099219.480631558333074 1547657.383363280000176
11099219.480631558333074 1547657.681949217500132
11099219.480631558333074 1547657.980535155000088
11099219.480631558333074 1547658.279121092500044
11099219.480631558333074 1547658.577707030000000
11099219.480631558333074 1547658.876292967499956
11099219.480631558333074 1547659.174878904999912
11099219.480631558333074 1547659.473464842499868
11099219.480631558333074 1547659.772050779999824
11099219.480631558333074 1547660.070636717499780
11099219.480631558333074 1547660.369222654999736
11099219.480631558333074 1547660.667808592499692
11099219.480631558333074 1547660.966394529999648
11099219.779212287499611 1547655.890433592500396
11099219.779212287499611 1547656.189019530000352
11099219.779212287499611 1547656.487605467500308
11099219.779212287499611 1547656.786191405000264
11099219.779212287499611 1547657.084777342500220
11099219.779212287499611 1547657.383363280000176
11099219.779212287499611 1547657.681949217500132
11099219.779212287499611 1547657.980535155000088
11099219.779212287499611 1547658.279121092500044
11099219.779212287499611 1547658.577707030000000
11099219.779212287499611 1547658.876292967499956
11099219.779212287499611 1547659.174878904999912
11099219.779212287499611 1547659.473464842499868
11099219.779212287499611 1547659.772050779999824
11099219.779212287499611 1547660.070636717499780
11099219.779212287499611 1547660.369222654999736
11099219.779212287499611 1547660.667808592499692
11099219.779212287499611 1547660.966394529999648
11099220.077793016666148 1547655.890433592500396
11099220.077793016666148 1547656.189019530000352
11099220.077793016666148 1547656.487605467500308
11099220.077793016666148 1547656.786191405000264
11099220.077793016666148 1547657.084777342500220
11099220.077793016666148 1547657.383363280000176
11099220.077793016666148 1547657.681949217500132
11099220.077793016666148 1547657.980535155000088
11099220.077793016666148 1547658.279121092500044
11099220.077793016666148 1547658.577707030000000
11099220.077793016666148 1547658.876292967499956
11099220.077793016666148 1547659.174878904999912
11099220.077793016666148 1547659.473464842499868
11099220.077793016666148 1547659.772050779999824
11099220.077793016666148 1547660.070636717499780
11099220.077793016666148 1547660.369222654999736
11099220.077793016666148 1547660.667808592499692
11099220.077793016666148 1547660.966394529999648
11099220.376373745832685 1547655.890433592500396
11099220.376373745832685 1547656.189019530000352
11099220.376373745832685 1547656.487605467500308
11099220.376373745832685 1547656.786191405000264
11099220.376373745832685 1547657.084777342500220
11099220.376373745832685 1547657.383363280000176
11099220.376373745832685 1547657.681949217500132
11099220.376373745832685 1547657.980535155000088
11099220.376373745832685 1547658.279121092500044
11099220.376373745832685 1547658.577707030000000
11099220.376373745832685 1547658.876292967499956
11099220.376373745832685 1547659.174878904999912
11099220.376373745832685 1547659.473464842499868
11099220.376373745832685 1547659.772050779999824
11099220.376373745832685 1547660.070636717499780
11099220.376373745832685 1547660.369222654999736
11099220.376373745832685 1547660.667808592499692
11099220.376373745832685 1547660.966394529999648
11099220.674954474999222 1547655.890433592500396
11099220.674954474999222 1547656.189019530000352
11099220.674954474999222 1547656.487605467500308
11099220.674954474999222 1547656.786191405000264
11099220.674954474999222 1547657.084777342500220
11099220.674954474999222 1547657.383363280000176
11099220.674954474999222 1547657.681949217500132
11099220.674954474999222 1547657.980535155000088
11099220.674954474999222 1547658.279121092500044
11099220.674954474999222 1547658.577707030000000
11099220.674954474999222 1547658.876292967499956
11099220.674954474999222 1547659.174878904999912
11099220.674954474999222 1547659.473464842499868
11099220.674954474999222 1547659.772050779999824
11099220.674954474999222 1547660.070636717499780
11099220.674954474999222 1547660.369222654999736
11099220.674954474999222 1547660.667808592499692
11099220.674954474999222 1547660.966394529999648
11099220.973535204165759 1547655.890433592500396
11099220.973535204165759 1547656.189019530000352
11099220.973535204165759 1547656.487605467500308
11099220.973535204165759 1547656.786191405000264
11099220.973535204165759 1547657.084777342500220
11099220.973535204165759 1547657.383363280000176
11099220.973535204165759 1547657.681949217500132
11099220.973535204165759 1547657.980535155000088
11099220.973535204165759 1547658.279121092500044
11099220.973535204165759 1547658.577707030000000
11099220.973535204165759 1547658.876292967499956
11099220.973535204165759 1547659.174878904999912
11099220.973535204165759 1547659.473464842499868
11099220.973535204165759 1547659.772050779999824
11099220.973535204165759 1547660.070636717499780
11099220.973535204165759 1547660.369222654999736
11099220.973535204165759 1547660.667808592499692
11099220.973535204165759 1547660.966394529999648
11099221.272115933332296 1547655.890433592500396
11099221.272115933332296 1547656.189019530000352
11099221.272115933332296 1547656.487605467500308
11099221.272115933332296 1547656.786191405000264
11099221.272115933332296 1547657.084777342500220
11099221.272115933332296 1547657.383363280000176
11099221.272115933332296 1547657.681949217500132
11099221.272115933332296 1547657.980535155000088
11099221.272115933332296 1547658.279121092500044
11099221.272115933332296 1547658.577707030000000
11099221.272115933332296 1547658.876292967499956
11099221.272115933332296 1547659.174878904999912
11099221.272115933332296 1547659.473464842499868
11099221.272115933332296 1547659.772050779999824
11099221.272115933332296 1547660.070636717499780
11099221.272115933332296 1547660.369222654999736
11099221.272115933332296 1547660.667808592499692
11099221.272115933332296 1547660.966394529999648
