11098822.069681037501167 1547832.056136722500396
11098822.069681037501167 1547832.354722660000352
11098822.069681037501167 1547832.653308597500308
11098822.069681037501167 1547832.951894535000264
11098822.069681037501167 1547833.250480472500220
11098822.069681037501167 1547833.549066410000176
11098822.069681037501167 1547833.847652347500132
11098822.069681037501167 1547834.146238285000088
11098822.069681037501167 1547834.444824222500044
11098822.069681037501167 1547834.743410160000000
11098822.069681037501167 1547835.041996097499956
11098822.069681037501167 1547835.340582034999912
11098822.069681037501167 1547835.639167972499868
11098822.069681037501167 1547835.937753909999824
11098822.069681037501167 1547836.236339847499780
11098822.069681037501167 1547836.534925784999736
11098822.069681037501167 1547836.833511722499692
11098822.069681037501167 1547837.132097659999648
11098822.368261766667704 1547832.056136722500396
11098822.368261766667704 1547832.354722660000352
11098822.368261766667704 1547832.653308597500308
11098822.368261766667704 1547832.951894535000264
11098822.368261766667704 1547833.250480472500220
11098822.368261766667704 1547833.549066410000176
11098822.368261766667704 1547833.847652347500132
11098822.368261766667704 1547834.146238285000088
11098822.368261766667704 1547834.444824222500044
11098822.368261766667704 1547834.743410160000000
11098822.368261766667704 1547835.041996097499956
11098822.368261766667704 1547835.340582034999912
11098822.368261766667704 1547835.639167972499868
11098822.368261766667704 1547835.937753909999824
11098822.368261766667704 1547836.236339847499780
11098822.368261766667704 1547836.534925784999736
11098822.368261766667704 1547836.833511722499692
11098822.368261766667704 1547837.132097659999648
11098822.666842495834241 1547832.056136722500396
11098822.666842495834241 1547832.354722660000352
11098822.666842495834241 1547832.653308597500308
11098822.666842495834241 1547832.951894535000264
11098822.666842495834241 1547833.250480472500220
11098822.666842495834241 1547833.549066410000176
11098822.666842495834241 1547833.847652347500132
11098822.666842495834241 1547834.146238285000088
11098822.666842495834241 1547834.444824222500044
11098822.666842495834241 1547834.743410160000000
11098822.666842495834241 1547835.041996097499956
11098822.666842495834241 1547835.340582034999912
11098822.666842495834241 1547835.639167972499868
11098822.666842495834241 1547835.937753909999824
11098822.666842495834241 1547836.236339847499780
11098822.666842495834241 1547836.534925784999736
11098822.666842495834241 1547836.833511722499692
11098822.666842495834241 1547837.132097659999648
11098822.965423225000778 1547832.056136722500396
11098822.965423225000778 1547832.354722660000352
11098822.965423225000778 1547832.653308597500308
11098822.965423225000778 1547832.951894535000264
11098822.965423225000778 1547833.250480472500220
11098822.965423225000778 1547833.549066410000176
11098822.965423225000778 1547833.847652347500132
11098822.965423225000778 1547834.146238285000088
11098822.965423225000778 1547834.444824222500044
11098822.965423225000778 1547834.743410160000000
11098822.965423225000778 1547835.041996097499956
11098822.965423225000778 1547835.340582034999912
11098822.965423225000778 1547835.639167972499868
11098822.965423225000778 1547835.937753909999824
11098822.965423225000778 1547836.236339847499780
11098822.965423225000778 1547836.534925784999736
11098822.965423225000778 1547836.833511722499692
11098822.965423225000778 1547837.132097659999648
11098823.264003954167315 1547832.056136722500396
11098823.264003954167315 1547832.354722660000352
11098823.264003954167315 1547832.653308597500308
11098823.264003954167315 1547832.951894535000264
11098823.264003954167315 1547833.250480472500220
11098823.264003954167315 1547833.549066410000176
11098823.264003954167315 1547833.847652347500132
11098823.264003954167315 1547834.146238285000088
11098823.264003954167315 1547834.444824222500044
11098823.264003954167315 1547834.743410160000000
11098823.264003954167315 1547835.041996097499956
11098823.264003954167315 1547835.340582034999912
11098823.264003954167315 1547835.639167972499868
11098823.264003954167315 1547835.937753909999824
11098823.264003954167315 1547836.236339847499780
11098823.264003954167315 1547836.534925784999736
11098823.264003954167315 1547836.833511722499692
11098823.264003954167315 1547837.132097659999648
11098823.562584683333852 1547832.056136722500396
11098823.562584683333852 1547832.354722660000352
11098823.562584683333852 1547832.653308597500308
11098823.562584683333852 1547832.951894535000264
11098823.562584683333852 1547833.250480472500220
11098823.562584683333852 1547833.549066410000176
11098823.562584683333852 1547833.847652347500132
11098823.562584683333852 1547834.146238285000088
11098823.562584683333852 1547834.444824222500044
11098823.562584683333852 1547834.743410160000000
11098823.562584683333852 1547835.041996097499956
11098823.562584683333852 1547835.340582034999912
11098823.562584683333852 1547835.639167972499868
11098823.562584683333852 1547835.937753909999824
11098823.562584683333852 1547836.236339847499780
11098823.562584683333852 1547836.534925784999736
11098823.562584683333852 1547836.833511722499692
11098823.562584683333852 1547837.132097659999648
11098823.861165412500389 1547832.056136722500396
11098823.861165412500389 1547832.354722660000352
11098823.861165412500389 1547832.653308597500308
11098823.861165412500389 1547832.951894535000264
11098823.861165412500389 1547833.250480472500220
11098823.861165412500389 1547833.549066410000176
11098823.861165412500389 1547833.847652347500132
11098823.861165412500389 1547834.146238285000088
11098823.861165412500389 1547834.444824222500044
11098823.861165412500389 1547834.743410160000000
11098823.861165412500389 1547835.041996097499956
11098823.861165412500389 1547835.340582034999912
11098823.861165412500389 1547835.639167972499868
11098823.861165412500389 1547835.937753909999824
11098823.861165412500389 1547836.236339847499780
11098823.861165412500389 1547836.534925784999736
11098823.861165412500389 1547836.833511722499692
11098823.861165412500389 1547837.132097659999648
11098824.159746141666926 1547832.056136722500396
11098824.159746141666926 1547832.354722660000352
11098824.159746141666926 1547832.653308597500308
11098824.159746141666926 1547832.951894535000264
11098824.159746141666926 1547833.250480472500220
11098824.159746141666926 1547833.549066410000176
11098824.159746141666926 1547833.847652347500132
11098824.159746141666926 1547834.146238285000088
11098824.159746141666926 1547834.444824222500044
11098824.159746141666926 1547834.743410160000000
11098824.159746141666926 1547835.041996097499956
11098824.159746141666926 1547835.340582034999912
11098824.159746141666926 1547835.639167972499868
11098824.159746141666926 1547835.937753909999824
11098824.159746141666926 1547836.236339847499780
11098824.159746141666926 1547836.534925784999736
11098824.159746141666926 1547836.833511722499692
11098824.159746141666926 1547837.132097659999648
11098824.458326870833463 1547832.056136722500396
11098824.458326870833463 1547832.354722660000352
11098824.458326870833463 1547832.653308597500308
11098824.458326870833463 1547832.951894535000264
11098824.458326870833463 1547833.250480472500220
11098824.458326870833463 1547833.549066410000176
11098824.458326870833463 1547833.847652347500132
11098824.458326870833463 1547834.146238285000088
11098824.458326870833463 1547834.444824222500044
11098824.458326870833463 1547834.743410160000000
11098824.458326870833463 1547835.041996097499956
11098824.458326870833463 1547835.340582034999912
11098824.458326870833463 1547835.639167972499868
11098824.458326870833463 1547835.937753909999824
11098824.458326870833463 1547836.236339847499780
11098824.458326870833463 1547836.534925784999736
11098824.458326870833463 1547836.833511722499692
11098824.458326870833463 1547837.132097659999648
11098824.756907600000000 1547832.056136722500396
11098824.756907600000000 1547832.354722660000352
11098824.756907600000000 1547832.653308597500308
11098824.756907600000000 1547832.951894535000264
11098824.756907600000000 1547833.250480472500220
11098824.756907600000000 1547833.549066410000176
11098824.756907600000000 1547833.847652347500132
11098824.756907600000000 1547834.146238285000088
11098824.756907600000000 1547834.444824222500044
11098824.756907600000000 1547834.743410160000000
11098824.756907600000000 1547835.041996097499956
11098824.756907600000000 1547835.340582034999912
11098824.756907600000000 1547835.639167972499868
11098824.756907600000000 1547835.937753909999824
11098824.756907600000000 1547836.236339847499780
11098824.756907600000000 1547836.534925784999736
11098824.756907600000000 1547836.833511722499692
11098824.756907600000000 1547837.132097659999648
11098825.055488329166537 1547832.056136722500396
11098825.055488329166537 1547832.354722660000352
11098825.055488329166537 1547832.653308597500308
11098825.055488329166537 1547832.951894535000264
11098825.055488329166537 1547833.250480472500220
11098825.055488329166537 1547833.549066410000176
11098825.055488329166537 1547833.847652347500132
11098825.055488329166537 1547834.146238285000088
11098825.055488329166537 1547834.444824222500044
11098825.055488329166537 1547834.743410160000000
11098825.055488329166537 1547835.041996097499956
11098825.055488329166537 1547835.340582034999912
11098825.055488329166537 1547835.639167972499868
11098825.055488329166537 1547835.937753909999824
11098825.055488329166537 1547836.236339847499780
11098825.055488329166537 1547836.534925784999736
11098825.055488329166537 1547836.833511722499692
11098825.055488329166537 1547837.132097659999648
11098825.354069058333074 1547832.056136722500396
11098825.354069058333074 1547832.354722660000352
11098825.354069058333074 1547832.653308597500308
11098825.354069058333074 1547832.951894535000264
11098825.354069058333074 1547833.250480472500220
11098825.354069058333074 1547833.549066410000176
11098825.354069058333074 1547833.847652347500132
11098825.354069058333074 1547834.146238285000088
11098825.354069058333074 1547834.444824222500044
11098825.354069058333074 1547834.743410160000000
11098825.354069058333074 1547835.041996097499956
11098825.354069058333074 1547835.340582034999912
11098825.354069058333074 1547835.639167972499868
11098825.354069058333074 1547835.937753909999824
11098825.354069058333074 1547836.236339847499780
11098825.354069058333074 1547836.534925784999736
11098825.354069058333074 1547836.833511722499692
11098825.354069058333074 1547837.132097659999648
11098825.652649787499611 1547832.056136722500396
11098825.652649787499611 1547832.354722660000352
11098825.652649787499611 1547832.653308597500308
11098825.652649787499611 1547832.951894535000264
11098825.652649787499611 1547833.250480472500220
11098825.652649787499611 1547833.549066410000176
11098825.652649787499611 1547833.847652347500132
11098825.652649787499611 1547834.146238285000088
11098825.652649787499611 1547834.444824222500044
11098825.652649787499611 1547834.743410160000000
11098825.652649787499611 1547835.041996097499956
11098825.652649787499611 1547835.340582034999912
11098825.652649787499611 1547835.639167972499868
11098825.652649787499611 1547835.937753909999824
11098825.652649787499611 1547836.236339847499780
11098825.652649787499611 1547836.534925784999736
11098825.652649787499611 1547836.833511722499692
11098825.652649787499611 1547837.132097659999648
11098825.951230516666148 1547832.056136722500396
11098825.951230516666148 1547832.354722660000352
11098825.951230516666148 1547832.653308597500308
11098825.951230516666148 1547832.951894535000264
11098825.951230516666148 1547833.250480472500220
11098825.951230516666148 1547833.549066410000176
11098825.951230516666148 1547833.847652347500132
11098825.951230516666148 1547834.146238285000088
11098825.951230516666148 1547834.444824222500044
11098825.951230516666148 1547834.743410160000000
11098825.951230516666148 1547835.041996097499956
11098825.951230516666148 1547835.340582034999912
11098825.951230516666148 1547835.639167972499868
11098825.951230516666148 1547835.937753909999824
11098825.951230516666148 1547836.236339847499780
11098825.951230516666148 1547836.534925784999736
11098825.951230516666148 1547836.833511722499692
11098825.951230516666148 1547837.132097659999648
11098826.249811245832685 1547832.056136722500396
11098826.249811245832685 1547832.354722660000352
11098826.249811245832685 1547832.653308597500308
11098826.249811245832685 1547832.951894535000264
11098826.249811245832685 1547833.250480472500220
11098826.249811245832685 1547833.549066410000176
11098826.249811245832685 1547833.847652347500132
11098826.249811245832685 1547834.146238285000088
11098826.249811245832685 1547834.444824222500044
11098826.249811245832685 1547834.743410160000000
11098826.249811245832685 1547835.041996097499956
11098826.249811245832685 1547835.340582034999912
11098826.249811245832685 1547835.639167972499868
11098826.249811245832685 1547835.937753909999824
11098826.249811245832685 1547836.236339847499780
11098826.249811245832685 1547836.534925784999736
11098826.249811245832685 1547836.833511722499692
11098826.249811245832685 1547837.132097659999648
11098826.548391974999222 1547832.056136722500396
11098826.548391974999222 1547832.354722660000352
11098826.548391974999222 1547832.653308597500308
11098826.548391974999222 1547832.951894535000264
11098826.548391974999222 1547833.250480472500220
11098826.548391974999222 1547833.549066410000176
11098826.548391974999222 1547833.847652347500132
11098826.548391974999222 1547834.146238285000088
11098826.548391974999222 1547834.444824222500044
11098826.548391974999222 1547834.743410160000000
11098826.548391974999222 1547835.041996097499956
11098826.548391974999222 1547835.340582034999912
11098826.548391974999222 1547835.639167972499868
11098826.548391974999222 1547835.937753909999824
11098826.548391974999222 1547836.236339847499780
11098826.548391974999222 1547836.534925784999736
11098826.548391974999222 1547836.833511722499692
11098826.548391974999222 1547837.132097659999648
11098826.846972704165759 1547832.056136722500396
11098826.846972704165759 1547832.354722660000352
11098826.846972704165759 1547832.653308597500308
11098826.846972704165759 1547832.951894535000264
11098826.846972704165759 1547833.250480472500220
11098826.846972704165759 1547833.549066410000176
11098826.846972704165759 1547833.847652347500132
11098826.846972704165759 1547834.146238285000088
11098826.846972704165759 1547834.444824222500044
11098826.846972704165759 1547834.743410160000000
11098826.846972704165759 1547835.041996097499956
11098826.846972704165759 1547835.340582034999912
11098826.846972704165759 1547835.639167972499868
11098826.846972704165759 1547835.937753909999824
11098826.846972704165759 1547836.236339847499780
11098826.846972704165759 1547836.534925784999736
11098826.846972704165759 1547836.833511722499692
11098826.846972704165759 1547837.132097659999648
11098827.145553433332296 1547832.056136722500396
11098827.145553433332296 1547832.354722660000352
11098827.145553433332296 1547832.653308597500308
11098827.145553433332296 1547832.951894535000264
11098827.145553433332296 1547833.250480472500220
11098827.145553433332296 1547833.549066410000176
11098827.145553433332296 1547833.847652347500132
11098827.145553433332296 1547834.146238285000088
11098827.145553433332296 1547834.444824222500044
11098827.145553433332296 1547834.743410160000000
11098827.145553433332296 1547835.041996097499956
11098827.145553433332296 1547835.340582034999912
11098827.145553433332296 1547835.639167972499868
11098827.145553433332296 1547835.937753909999824
11098827.145553433332296 1547836.236339847499780
11098827.145553433332296 1547836.534925784999736
11098827.145553433332296 1547836.833511722499692
11098827.145553433332296 1547837.132097659999648
