11099179.470813837501167 1547630.212042972500396
11099179.470813837501167 1547630.510628910000352
11099179.470813837501167 1547630.809214847500308
11099179.470813837501167 1547631.107800785000264
11099179.470813837501167 1547631.406386722500220
11099179.470813837501167 1547631.704972660000176
11099179.470813837501167 1547632.003558597500132
11099179.470813837501167 1547632.302144535000088
11099179.470813837501167 1547632.600730472500044
11099179.470813837501167 1547632.899316410000000
11099179.470813837501167 1547633.197902347499956
11099179.470813837501167 1547633.496488284999912
11099179.470813837501167 1547633.795074222499868
11099179.470813837501167 1547634.093660159999824
11099179.470813837501167 1547634.392246097499780
11099179.470813837501167 1547634.690832034999736
11099179.470813837501167 1547634.989417972499692
11099179.470813837501167 1547635.288003909999648
11099179.769394566667704 1547630.212042972500396
11099179.769394566667704 1547630.510628910000352
11099179.769394566667704 1547630.809214847500308
11099179.769394566667704 1547631.107800785000264
11099179.769394566667704 1547631.406386722500220
11099179.769394566667704 1547631.704972660000176
11099179.769394566667704 1547632.003558597500132
11099179.769394566667704 1547632.302144535000088
11099179.769394566667704 1547632.600730472500044
11099179.769394566667704 1547632.899316410000000
11099179.769394566667704 1547633.197902347499956
11099179.769394566667704 1547633.496488284999912
11099179.769394566667704 1547633.795074222499868
11099179.769394566667704 1547634.093660159999824
11099179.769394566667704 1547634.392246097499780
11099179.769394566667704 1547634.690832034999736
11099179.769394566667704 1547634.989417972499692
11099179.769394566667704 1547635.288003909999648
11099180.067975295834241 1547630.212042972500396
11099180.067975295834241 1547630.510628910000352
11099180.067975295834241 1547630.809214847500308
11099180.067975295834241 1547631.107800785000264
11099180.067975295834241 1547631.406386722500220
11099180.067975295834241 1547631.704972660000176
11099180.067975295834241 1547632.003558597500132
11099180.067975295834241 1547632.302144535000088
11099180.067975295834241 1547632.600730472500044
11099180.067975295834241 1547632.899316410000000
11099180.067975295834241 1547633.197902347499956
11099180.067975295834241 1547633.496488284999912
11099180.067975295834241 1547633.795074222499868
11099180.067975295834241 1547634.093660159999824
11099180.067975295834241 1547634.392246097499780
11099180.067975295834241 1547634.690832034999736
11099180.067975295834241 1547634.989417972499692
11099180.067975295834241 1547635.288003909999648
11099180.366556025000778 1547630.212042972500396
11099180.366556025000778 1547630.510628910000352
11099180.366556025000778 1547630.809214847500308
11099180.366556025000778 1547631.107800785000264
11099180.366556025000778 1547631.406386722500220
11099180.366556025000778 1547631.704972660000176
11099180.366556025000778 1547632.003558597500132
11099180.366556025000778 1547632.302144535000088
11099180.366556025000778 1547632.600730472500044
11099180.366556025000778 1547632.899316410000000
11099180.366556025000778 1547633.197902347499956
11099180.366556025000778 1547633.496488284999912
11099180.366556025000778 1547633.795074222499868
11099180.366556025000778 1547634.093660159999824
11099180.366556025000778 1547634.392246097499780
11099180.366556025000778 1547634.690832034999736
11099180.366556025000778 1547634.989417972499692
11099180.366556025000778 1547635.288003909999648
11099180.665136754167315 1547630.212042972500396
11099180.665136754167315 1547630.510628910000352
11099180.665136754167315 1547630.809214847500308
11099180.665136754167315 1547631.107800785000264
11099180.665136754167315 1547631.406386722500220
11099180.665136754167315 1547631.704972660000176
11099180.665136754167315 1547632.003558597500132
11099180.665136754167315 1547632.302144535000088
11099180.665136754167315 1547632.600730472500044
11099180.665136754167315 1547632.899316410000000
11099180.665136754167315 1547633.197902347499956
11099180.665136754167315 1547633.496488284999912
11099180.665136754167315 1547633.795074222499868
11099180.665136754167315 1547634.093660159999824
11099180.665136754167315 1547634.392246097499780
11099180.665136754167315 1547634.690832034999736
11099180.665136754167315 1547634.989417972499692
11099180.665136754167315 1547635.288003909999648
11099180.963717483333852 1547630.212042972500396
11099180.963717483333852 1547630.510628910000352
11099180.963717483333852 1547630.809214847500308
11099180.963717483333852 1547631.107800785000264
11099180.963717483333852 1547631.406386722500220
11099180.963717483333852 1547631.704972660000176
11099180.963717483333852 1547632.003558597500132
11099180.963717483333852 1547632.302144535000088
11099180.963717483333852 1547632.600730472500044
11099180.963717483333852 1547632.899316410000000
11099180.963717483333852 1547633.197902347499956
11099180.963717483333852 1547633.496488284999912
11099180.963717483333852 1547633.795074222499868
11099180.963717483333852 1547634.093660159999824
11099180.963717483333852 1547634.392246097499780
11099180.963717483333852 1547634.690832034999736
11099180.963717483333852 1547634.989417972499692
11099180.963717483333852 1547635.288003909999648
11099181.262298212500389 1547630.212042972500396
11099181.262298212500389 1547630.510628910000352
11099181.262298212500389 1547630.809214847500308
11099181.262298212500389 1547631.107800785000264
11099181.262298212500389 1547631.406386722500220
11099181.262298212500389 1547631.704972660000176
11099181.262298212500389 1547632.003558597500132
11099181.262298212500389 1547632.302144535000088
11099181.262298212500389 1547632.600730472500044
11099181.262298212500389 1547632.899316410000000
11099181.262298212500389 1547633.197902347499956
11099181.262298212500389 1547633.496488284999912
11099181.262298212500389 1547633.795074222499868
11099181.262298212500389 1547634.093660159999824
11099181.262298212500389 1547634.392246097499780
11099181.262298212500389 1547634.690832034999736
11099181.262298212500389 1547634.989417972499692
11099181.262298212500389 1547635.288003909999648
11099181.560878941666926 1547630.212042972500396
11099181.560878941666926 1547630.510628910000352
11099181.560878941666926 1547630.809214847500308
11099181.560878941666926 1547631.107800785000264
11099181.560878941666926 1547631.406386722500220
11099181.560878941666926 1547631.704972660000176
11099181.560878941666926 1547632.003558597500132
11099181.560878941666926 1547632.302144535000088
11099181.560878941666926 1547632.600730472500044
11099181.560878941666926 1547632.899316410000000
11099181.560878941666926 1547633.197902347499956
11099181.560878941666926 1547633.496488284999912
11099181.560878941666926 1547633.795074222499868
11099181.560878941666926 1547634.093660159999824
11099181.560878941666926 1547634.392246097499780
11099181.560878941666926 1547634.690832034999736
11099181.560878941666926 1547634.989417972499692
11099181.560878941666926 1547635.288003909999648
11099181.859459670833463 1547630.212042972500396
11099181.859459670833463 1547630.510628910000352
11099181.859459670833463 1547630.809214847500308
11099181.859459670833463 1547631.107800785000264
11099181.859459670833463 1547631.406386722500220
11099181.859459670833463 1547631.704972660000176
11099181.859459670833463 1547632.003558597500132
11099181.859459670833463 1547632.302144535000088
11099181.859459670833463 1547632.600730472500044
11099181.859459670833463 1547632.899316410000000
11099181.859459670833463 1547633.197902347499956
11099181.859459670833463 1547633.496488284999912
11099181.859459670833463 1547633.795074222499868
11099181.859459670833463 1547634.093660159999824
11099181.859459670833463 1547634.392246097499780
11099181.859459670833463 1547634.690832034999736
11099181.859459670833463 1547634.989417972499692
11099181.859459670833463 1547635.288003909999648
11099182.158040400000000 1547630.212042972500396
11099182.158040400000000 1547630.510628910000352
11099182.158040400000000 1547630.809214847500308
11099182.158040400000000 1547631.107800785000264
11099182.158040400000000 1547631.406386722500220
11099182.158040400000000 1547631.704972660000176
11099182.158040400000000 1547632.003558597500132
11099182.158040400000000 1547632.302144535000088
11099182.158040400000000 1547632.600730472500044
11099182.158040400000000 1547632.899316410000000
11099182.158040400000000 1547633.197902347499956
11099182.158040400000000 1547633.496488284999912
11099182.158040400000000 1547633.795074222499868
11099182.158040400000000 1547634.093660159999824
11099182.158040400000000 1547634.392246097499780
11099182.158040400000000 1547634.690832034999736
11099182.158040400000000 1547634.989417972499692
11099182.158040400000000 1547635.288003909999648
11099182.456621129166537 1547630.212042972500396
11099182.456621129166537 1547630.510628910000352
11099182.456621129166537 1547630.809214847500308
11099182.456621129166537 1547631.107800785000264
11099182.456621129166537 1547631.406386722500220
11099182.456621129166537 1547631.704972660000176
11099182.456621129166537 1547632.003558597500132
11099182.456621129166537 1547632.302144535000088
11099182.456621129166537 1547632.600730472500044
11099182.456621129166537 1547632.899316410000000
11099182.456621129166537 1547633.197902347499956
11099182.456621129166537 1547633.496488284999912
11099182.456621129166537 1547633.795074222499868
11099182.456621129166537 1547634.093660159999824
11099182.456621129166537 1547634.392246097499780
11099182.456621129166537 1547634.690832034999736
11099182.456621129166537 1547634.989417972499692
11099182.456621129166537 1547635.288003909999648
11099182.755201858333074 1547630.212042972500396
11099182.755201858333074 1547630.510628910000352
11099182.755201858333074 1547630.809214847500308
11099182.755201858333074 1547631.107800785000264
11099182.755201858333074 1547631.406386722500220
11099182.755201858333074 1547631.704972660000176
11099182.755201858333074 1547632.003558597500132
11099182.755201858333074 1547632.302144535000088
11099182.755201858333074 1547632.600730472500044
11099182.755201858333074 1547632.899316410000000
11099182.755201858333074 1547633.197902347499956
11099182.755201858333074 1547633.496488284999912
11099182.755201858333074 1547633.795074222499868
11099182.755201858333074 1547634.093660159999824
11099182.755201858333074 1547634.392246097499780
11099182.755201858333074 1547634.690832034999736
11099182.755201858333074 1547634.989417972499692
11099182.755201858333074 1547635.288003909999648
11099183.053782587499611 1547630.212042972500396
11099183.053782587499611 1547630.510628910000352
11099183.053782587499611 1547630.809214847500308
11099183.053782587499611 1547631.107800785000264
11099183.053782587499611 1547631.406386722500220
11099183.053782587499611 1547631.704972660000176
11099183.053782587499611 1547632.003558597500132
11099183.053782587499611 1547632.302144535000088
11099183.053782587499611 1547632.600730472500044
11099183.053782587499611 1547632.899316410000000
11099183.053782587499611 1547633.197902347499956
11099183.053782587499611 1547633.496488284999912
11099183.053782587499611 1547633.795074222499868
11099183.053782587499611 1547634.093660159999824
11099183.053782587499611 1547634.392246097499780
11099183.053782587499611 1547634.690832034999736
11099183.053782587499611 1547634.989417972499692
11099183.053782587499611 1547635.288003909999648
11099183.352363316666148 1547630.212042972500396
11099183.352363316666148 1547630.510628910000352
11099183.352363316666148 1547630.809214847500308
11099183.352363316666148 1547631.107800785000264
11099183.352363316666148 1547631.406386722500220
11099183.352363316666148 1547631.704972660000176
11099183.352363316666148 1547632.003558597500132
11099183.352363316666148 1547632.302144535000088
11099183.352363316666148 1547632.600730472500044
11099183.352363316666148 1547632.899316410000000
11099183.352363316666148 1547633.197902347499956
11099183.352363316666148 1547633.496488284999912
11099183.352363316666148 1547633.795074222499868
11099183.352363316666148 1547634.093660159999824
11099183.352363316666148 1547634.392246097499780
11099183.352363316666148 1547634.690832034999736
11099183.352363316666148 1547634.989417972499692
11099183.352363316666148 1547635.288003909999648
11099183.650944045832685 1547630.212042972500396
11099183.650944045832685 1547630.510628910000352
11099183.650944045832685 1547630.809214847500308
11099183.650944045832685 1547631.107800785000264
11099183.650944045832685 1547631.406386722500220
11099183.650944045832685 1547631.704972660000176
11099183.650944045832685 1547632.003558597500132
11099183.650944045832685 1547632.302144535000088
11099183.650944045832685 1547632.600730472500044
11099183.650944045832685 1547632.899316410000000
11099183.650944045832685 1547633.197902347499956
11099183.650944045832685 1547633.496488284999912
11099183.650944045832685 1547633.795074222499868
11099183.650944045832685 1547634.093660159999824
11099183.650944045832685 1547634.392246097499780
11099183.650944045832685 1547634.690832034999736
11099183.650944045832685 1547634.989417972499692
11099183.650944045832685 1547635.288003909999648
11099183.949524774999222 1547630.212042972500396
11099183.949524774999222 1547630.510628910000352
11099183.949524774999222 1547630.809214847500308
11099183.949524774999222 1547631.107800785000264
11099183.949524774999222 1547631.406386722500220
11099183.949524774999222 1547631.704972660000176
11099183.949524774999222 1547632.003558597500132
11099183.949524774999222 1547632.302144535000088
11099183.949524774999222 1547632.600730472500044
11099183.949524774999222 1547632.899316410000000
11099183.949524774999222 1547633.197902347499956
11099183.949524774999222 1547633.496488284999912
11099183.949524774999222 1547633.795074222499868
11099183.949524774999222 1547634.093660159999824
11099183.949524774999222 1547634.392246097499780
11099183.949524774999222 1547634.690832034999736
11099183.949524774999222 1547634.989417972499692
11099183.949524774999222 1547635.288003909999648
11099184.248105504165759 1547630.212042972500396
11099184.248105504165759 1547630.510628910000352
11099184.248105504165759 1547630.809214847500308
11099184.248105504165759 1547631.107800785000264
11099184.248105504165759 1547631.406386722500220
11099184.248105504165759 1547631.704972660000176
11099184.248105504165759 1547632.003558597500132
11099184.248105504165759 1547632.302144535000088
11099184.248105504165759 1547632.600730472500044
11099184.248105504165759 1547632.899316410000000
11099184.248105504165759 1547633.197902347499956
11099184.248105504165759 1547633.496488284999912
11099184.248105504165759 1547633.795074222499868
11099184.248105504165759 1547634.093660159999824
11099184.248105504165759 1547634.392246097499780
11099184.248105504165759 1547634.690832034999736
11099184.248105504165759 1547634.989417972499692
11099184.248105504165759 1547635.288003909999648
11099184.546686233332296 1547630.212042972500396
11099184.546686233332296 1547630.510628910000352
11099184.546686233332296 1547630.809214847500308
11099184.546686233332296 1547631.107800785000264
11099184.546686233332296 1547631.406386722500220
11099184.546686233332296 1547631.704972660000176
11099184.546686233332296 1547632.003558597500132
11099184.546686233332296 1547632.302144535000088
11099184.546686233332296 1547632.600730472500044
11099184.546686233332296 1547632.899316410000000
11099184.546686233332296 1547633.197902347499956
11099184.546686233332296 1547633.496488284999912
11099184.546686233332296 1547633.795074222499868
11099184.546686233332296 1547634.093660159999824
11099184.546686233332296 1547634.392246097499780
11099184.546686233332296 1547634.690832034999736
11099184.546686233332296 1547634.989417972499692
11099184.546686233332296 1547635.288003909999648
