11099132.892220037501167 1547825.785832032500396
11099132.892220037501167 1547826.084417970000352
11099132.892220037501167 1547826.383003907500308
11099132.892220037501167 1547826.681589845000264
11099132.892220037501167 1547826.980175782500220
11099132.892220037501167 1547827.278761720000176
11099132.892220037501167 1547827.577347657500132
11099132.892220037501167 1547827.875933595000088
11099132.892220037501167 1547828.174519532500044
11099132.892220037501167 1547828.473105470000000
11099132.892220037501167 1547828.771691407499956
11099132.892220037501167 1547829.070277344999912
11099132.892220037501167 1547829.368863282499868
11099132.892220037501167 1547829.667449219999824
11099132.892220037501167 1547829.966035157499780
11099132.892220037501167 1547830.264621094999736
11099132.892220037501167 1547830.563207032499692
11099132.892220037501167 1547830.861792969999648
11099133.190800766667704 1547825.785832032500396
11099133.190800766667704 1547826.084417970000352
11099133.190800766667704 1547826.383003907500308
11099133.190800766667704 1547826.681589845000264
11099133.190800766667704 1547826.980175782500220
11099133.190800766667704 1547827.278761720000176
11099133.190800766667704 1547827.577347657500132
11099133.190800766667704 1547827.875933595000088
11099133.190800766667704 1547828.174519532500044
11099133.190800766667704 1547828.473105470000000
11099133.190800766667704 1547828.771691407499956
11099133.190800766667704 1547829.070277344999912
11099133.190800766667704 1547829.368863282499868
11099133.190800766667704 1547829.667449219999824
11099133.190800766667704 1547829.966035157499780
11099133.190800766667704 1547830.264621094999736
11099133.190800766667704 1547830.563207032499692
11099133.190800766667704 1547830.861792969999648
11099133.489381495834241 1547825.785832032500396
11099133.489381495834241 1547826.084417970000352
11099133.489381495834241 1547826.383003907500308
11099133.489381495834241 1547826.681589845000264
11099133.489381495834241 1547826.980175782500220
11099133.489381495834241 1547827.278761720000176
11099133.489381495834241 1547827.577347657500132
11099133.489381495834241 1547827.875933595000088
11099133.489381495834241 1547828.174519532500044
11099133.489381495834241 1547828.473105470000000
11099133.489381495834241 1547828.771691407499956
11099133.489381495834241 1547829.070277344999912
11099133.489381495834241 1547829.368863282499868
11099133.489381495834241 1547829.667449219999824
11099133.489381495834241 1547829.966035157499780
11099133.489381495834241 1547830.264621094999736
11099133.489381495834241 1547830.563207032499692
11099133.489381495834241 1547830.861792969999648
11099133.787962225000778 1547825.785832032500396
11099133.787962225000778 1547826.084417970000352
11099133.787962225000778 1547826.383003907500308
11099133.787962225000778 1547826.681589845000264
11099133.787962225000778 1547826.980175782500220
11099133.787962225000778 1547827.278761720000176
11099133.787962225000778 1547827.577347657500132
11099133.787962225000778 1547827.875933595000088
11099133.787962225000778 1547828.174519532500044
11099133.787962225000778 1547828.473105470000000
11099133.787962225000778 1547828.771691407499956
11099133.787962225000778 1547829.070277344999912
11099133.787962225000778 1547829.368863282499868
11099133.787962225000778 1547829.667449219999824
11099133.787962225000778 1547829.966035157499780
11099133.787962225000778 1547830.264621094999736
11099133.787962225000778 1547830.563207032499692
11099133.787962225000778 1547830.861792969999648
11099134.086542954167315 1547825.785832032500396
11099134.086542954167315 1547826.084417970000352
11099134.086542954167315 1547826.383003907500308
11099134.086542954167315 1547826.681589845000264
11099134.086542954167315 1547826.980175782500220
11099134.086542954167315 1547827.278761720000176
11099134.086542954167315 1547827.577347657500132
11099134.086542954167315 1547827.875933595000088
11099134.086542954167315 1547828.174519532500044
11099134.086542954167315 1547828.473105470000000
11099134.086542954167315 1547828.771691407499956
11099134.086542954167315 1547829.070277344999912
11099134.086542954167315 1547829.368863282499868
11099134.086542954167315 1547829.667449219999824
11099134.086542954167315 1547829.966035157499780
11099134.086542954167315 1547830.264621094999736
11099134.086542954167315 1547830.563207032499692
11099134.086542954167315 1547830.861792969999648
11099134.385123683333852 1547825.785832032500396
11099134.385123683333852 1547826.084417970000352
11099134.385123683333852 1547826.383003907500308
11099134.385123683333852 1547826.681589845000264
11099134.385123683333852 1547826.980175782500220
11099134.385123683333852 1547827.278761720000176
11099134.385123683333852 1547827.577347657500132
11099134.385123683333852 1547827.875933595000088
11099134.385123683333852 1547828.174519532500044
11099134.385123683333852 1547828.473105470000000
11099134.385123683333852 1547828.771691407499956
11099134.385123683333852 1547829.070277344999912
11099134.385123683333852 1547829.368863282499868
11099134.385123683333852 1547829.667449219999824
11099134.385123683333852 1547829.966035157499780
11099134.385123683333852 1547830.264621094999736
11099134.385123683333852 1547830.563207032499692
11099134.385123683333852 1547830.861792969999648
11099134.683704412500389 1547825.785832032500396
11099134.683704412500389 1547826.084417970000352
11099134.683704412500389 1547826.383003907500308
11099134.683704412500389 1547826.681589845000264
11099134.683704412500389 1547826.980175782500220
11099134.683704412500389 1547827.278761720000176
11099134.683704412500389 1547827.577347657500132
11099134.683704412500389 1547827.875933595000088
11099134.683704412500389 1547828.174519532500044
11099134.683704412500389 1547828.473105470000000
11099134.683704412500389 1547828.771691407499956
11099134.683704412500389 1547829.070277344999912
11099134.683704412500389 1547829.368863282499868
11099134.683704412500389 1547829.667449219999824
11099134.683704412500389 1547829.966035157499780
11099134.683704412500389 1547830.264621094999736
11099134.683704412500389 1547830.563207032499692
11099134.683704412500389 1547830.861792969999648
11099134.982285141666926 1547825.785832032500396
11099134.982285141666926 1547826.084417970000352
11099134.982285141666926 1547826.383003907500308
11099134.982285141666926 1547826.681589845000264
11099134.982285141666926 1547826.980175782500220
11099134.982285141666926 1547827.278761720000176
11099134.982285141666926 1547827.577347657500132
11099134.982285141666926 1547827.875933595000088
11099134.982285141666926 1547828.174519532500044
11099134.982285141666926 1547828.473105470000000
11099134.982285141666926 1547828.771691407499956
11099134.982285141666926 1547829.070277344999912
11099134.982285141666926 1547829.368863282499868
11099134.982285141666926 1547829.667449219999824
11099134.982285141666926 1547829.966035157499780
11099134.982285141666926 1547830.264621094999736
11099134.982285141666926 1547830.563207032499692
11099134.982285141666926 1547830.861792969999648
11099135.280865870833463 1547825.785832032500396
11099135.280865870833463 1547826.084417970000352
11099135.280865870833463 1547826.383003907500308
11099135.280865870833463 1547826.681589845000264
11099135.280865870833463 1547826.980175782500220
11099135.280865870833463 1547827.278761720000176
11099135.280865870833463 1547827.577347657500132
11099135.280865870833463 1547827.875933595000088
11099135.280865870833463 1547828.174519532500044
11099135.280865870833463 1547828.473105470000000
11099135.280865870833463 1547828.771691407499956
11099135.280865870833463 1547829.070277344999912
11099135.280865870833463 1547829.368863282499868
11099135.280865870833463 1547829.667449219999824
11099135.280865870833463 1547829.966035157499780
11099135.280865870833463 1547830.264621094999736
11099135.280865870833463 1547830.563207032499692
11099135.280865870833463 1547830.861792969999648
11099135.579446600000000 1547825.785832032500396
11099135.579446600000000 1547826.084417970000352
11099135.579446600000000 1547826.383003907500308
11099135.579446600000000 1547826.681589845000264
11099135.579446600000000 1547826.980175782500220
11099135.579446600000000 1547827.278761720000176
11099135.579446600000000 1547827.577347657500132
11099135.579446600000000 1547827.875933595000088
11099135.579446600000000 1547828.174519532500044
11099135.579446600000000 1547828.473105470000000
11099135.579446600000000 1547828.771691407499956
11099135.579446600000000 1547829.070277344999912
11099135.579446600000000 1547829.368863282499868
11099135.579446600000000 1547829.667449219999824
11099135.579446600000000 1547829.966035157499780
11099135.579446600000000 1547830.264621094999736
11099135.579446600000000 1547830.563207032499692
11099135.579446600000000 1547830.861792969999648
11099135.878027329166537 1547825.785832032500396
11099135.878027329166537 1547826.084417970000352
11099135.878027329166537 1547826.383003907500308
11099135.878027329166537 1547826.681589845000264
11099135.878027329166537 1547826.980175782500220
11099135.878027329166537 1547827.278761720000176
11099135.878027329166537 1547827.577347657500132
11099135.878027329166537 1547827.875933595000088
11099135.878027329166537 1547828.174519532500044
11099135.878027329166537 1547828.473105470000000
11099135.878027329166537 1547828.771691407499956
11099135.878027329166537 1547829.070277344999912
11099135.878027329166537 1547829.368863282499868
11099135.878027329166537 1547829.667449219999824
11099135.878027329166537 1547829.966035157499780
11099135.878027329166537 1547830.264621094999736
11099135.878027329166537 1547830.563207032499692
11099135.878027329166537 1547830.861792969999648
11099136.176608058333074 1547825.785832032500396
11099136.176608058333074 1547826.084417970000352
11099136.176608058333074 1547826.383003907500308
11099136.176608058333074 1547826.681589845000264
11099136.176608058333074 1547826.980175782500220
11099136.176608058333074 1547827.278761720000176
11099136.176608058333074 1547827.577347657500132
11099136.176608058333074 1547827.875933595000088
11099136.176608058333074 1547828.174519532500044
11099136.176608058333074 1547828.473105470000000
11099136.176608058333074 1547828.771691407499956
11099136.176608058333074 1547829.070277344999912
11099136.176608058333074 1547829.368863282499868
11099136.176608058333074 1547829.667449219999824
11099136.176608058333074 1547829.966035157499780
11099136.176608058333074 1547830.264621094999736
11099136.176608058333074 1547830.563207032499692
11099136.176608058333074 1547830.861792969999648
11099136.475188787499611 1547825.785832032500396
11099136.475188787499611 1547826.084417970000352
11099136.475188787499611 1547826.383003907500308
11099136.475188787499611 1547826.681589845000264
11099136.475188787499611 1547826.980175782500220
11099136.475188787499611 1547827.278761720000176
11099136.475188787499611 1547827.577347657500132
11099136.475188787499611 1547827.875933595000088
11099136.475188787499611 1547828.174519532500044
11099136.475188787499611 1547828.473105470000000
11099136.475188787499611 1547828.771691407499956
11099136.475188787499611 1547829.070277344999912
11099136.475188787499611 1547829.368863282499868
11099136.475188787499611 1547829.667449219999824
11099136.475188787499611 1547829.966035157499780
11099136.475188787499611 1547830.264621094999736
11099136.475188787499611 1547830.563207032499692
11099136.475188787499611 1547830.861792969999648
11099136.773769516666148 1547825.785832032500396
11099136.773769516666148 1547826.084417970000352
11099136.773769516666148 1547826.383003907500308
11099136.773769516666148 1547826.681589845000264
11099136.773769516666148 1547826.980175782500220
11099136.773769516666148 1547827.278761720000176
11099136.773769516666148 1547827.577347657500132
11099136.773769516666148 1547827.875933595000088
11099136.773769516666148 1547828.174519532500044
11099136.773769516666148 1547828.473105470000000
11099136.773769516666148 1547828.771691407499956
11099136.773769516666148 1547829.070277344999912
11099136.773769516666148 1547829.368863282499868
11099136.773769516666148 1547829.667449219999824
11099136.773769516666148 1547829.966035157499780
11099136.773769516666148 1547830.264621094999736
11099136.773769516666148 1547830.563207032499692
11099136.773769516666148 1547830.861792969999648
11099137.072350245832685 1547825.785832032500396
11099137.072350245832685 1547826.084417970000352
11099137.072350245832685 1547826.383003907500308
11099137.072350245832685 1547826.681589845000264
11099137.072350245832685 1547826.980175782500220
11099137.072350245832685 1547827.278761720000176
11099137.072350245832685 1547827.577347657500132
11099137.072350245832685 1547827.875933595000088
11099137.072350245832685 1547828.174519532500044
11099137.072350245832685 1547828.473105470000000
11099137.072350245832685 1547828.771691407499956
11099137.072350245832685 1547829.070277344999912
11099137.072350245832685 1547829.368863282499868
11099137.072350245832685 1547829.667449219999824
11099137.072350245832685 1547829.966035157499780
11099137.072350245832685 1547830.264621094999736
11099137.072350245832685 1547830.563207032499692
11099137.072350245832685 1547830.861792969999648
11099137.370930974999222 1547825.785832032500396
11099137.370930974999222 1547826.084417970000352
11099137.370930974999222 1547826.383003907500308
11099137.370930974999222 1547826.681589845000264
11099137.370930974999222 1547826.980175782500220
11099137.370930974999222 1547827.278761720000176
11099137.370930974999222 1547827.577347657500132
11099137.370930974999222 1547827.875933595000088
11099137.370930974999222 1547828.174519532500044
11099137.370930974999222 1547828.473105470000000
11099137.370930974999222 1547828.771691407499956
11099137.370930974999222 1547829.070277344999912
11099137.370930974999222 1547829.368863282499868
11099137.370930974999222 1547829.667449219999824
11099137.370930974999222 1547829.966035157499780
11099137.370930974999222 1547830.264621094999736
11099137.370930974999222 1547830.563207032499692
11099137.370930974999222 1547830.861792969999648
11099137.669511704165759 1547825.785832032500396
11099137.669511704165759 1547826.084417970000352
11099137.669511704165759 1547826.383003907500308
11099137.669511704165759 1547826.681589845000264
11099137.669511704165759 1547826.980175782500220
11099137.669511704165759 1547827.278761720000176
11099137.669511704165759 1547827.577347657500132
11099137.669511704165759 1547827.875933595000088
11099137.669511704165759 1547828.174519532500044
11099137.669511704165759 1547828.473105470000000
11099137.669511704165759 1547828.771691407499956
11099137.669511704165759 1547829.070277344999912
11099137.669511704165759 1547829.368863282499868
11099137.669511704165759 1547829.667449219999824
11099137.669511704165759 1547829.966035157499780
11099137.669511704165759 1547830.264621094999736
11099137.669511704165759 1547830.563207032499692
11099137.669511704165759 1547830.861792969999648
11099137.968092433332296 1547825.785832032500396
11099137.968092433332296 1547826.084417970000352
11099137.968092433332296 1547826.383003907500308
11099137.968092433332296 1547826.681589845000264
11099137.968092433332296 1547826.980175782500220
11099137.968092433332296 1547827.278761720000176
11099137.968092433332296 1547827.577347657500132
11099137.968092433332296 1547827.875933595000088
11099137.968092433332296 1547828.174519532500044
11099137.968092433332296 1547828.473105470000000
11099137.968092433332296 1547828.771691407499956
11099137.968092433332296 1547829.070277344999912
11099137.968092433332296 1547829.368863282499868
11099137.968092433332296 1547829.667449219999824
11099137.968092433332296 1547829.966035157499780
11099137.968092433332296 1547830.264621094999736
11099137.968092433332296 1547830.563207032499692
11099137.968092433332296 1547830.861792969999648
