11099469.691282537501167 1547840.117957032500396
11099469.691282537501167 1547840.416542970000352
11099469.691282537501167 1547840.715128907500308
11099469.691282537501167 1547841.013714845000264
11099469.691282537501167 1547841.312300782500220
11099469.691282537501167 1547841.610886720000176
11099469.691282537501167 1547841.909472657500132
11099469.691282537501167 1547842.208058595000088
11099469.691282537501167 1547842.506644532500044
11099469.691282537501167 1547842.805230470000000
11099469.691282537501167 1547843.103816407499956
11099469.691282537501167 1547843.402402344999912
11099469.691282537501167 1547843.700988282499868
11099469.691282537501167 1547843.999574219999824
11099469.691282537501167 1547844.298160157499780
11099469.691282537501167 1547844.596746094999736
11099469.691282537501167 1547844.895332032499692
11099469.691282537501167 1547845.193917969999648
11099469.989863266667704 1547840.117957032500396
11099469.989863266667704 1547840.416542970000352
11099469.989863266667704 1547840.715128907500308
11099469.989863266667704 1547841.013714845000264
11099469.989863266667704 1547841.312300782500220
11099469.989863266667704 1547841.610886720000176
11099469.989863266667704 1547841.909472657500132
11099469.989863266667704 1547842.208058595000088
11099469.989863266667704 1547842.506644532500044
11099469.989863266667704 1547842.805230470000000
11099469.989863266667704 1547843.103816407499956
11099469.989863266667704 1547843.402402344999912
11099469.989863266667704 1547843.700988282499868
11099469.989863266667704 1547843.999574219999824
11099469.989863266667704 1547844.298160157499780
11099469.989863266667704 1547844.596746094999736
11099469.989863266667704 1547844.895332032499692
11099469.989863266667704 1547845.193917969999648
11099470.288443995834241 1547840.117957032500396
11099470.288443995834241 1547840.416542970000352
11099470.288443995834241 1547840.715128907500308
11099470.288443995834241 1547841.013714845000264
11099470.288443995834241 1547841.312300782500220
11099470.288443995834241 1547841.610886720000176
11099470.288443995834241 1547841.909472657500132
11099470.288443995834241 1547842.208058595000088
11099470.288443995834241 1547842.506644532500044
11099470.288443995834241 1547842.805230470000000
11099470.288443995834241 1547843.103816407499956
11099470.288443995834241 1547843.402402344999912
11099470.288443995834241 1547843.700988282499868
11099470.288443995834241 1547843.999574219999824
11099470.288443995834241 1547844.298160157499780
11099470.288443995834241 1547844.596746094999736
11099470.288443995834241 1547844.895332032499692
11099470.288443995834241 1547845.193917969999648
11099470.587024725000778 1547840.117957032500396
11099470.587024725000778 1547840.416542970000352
11099470.587024725000778 1547840.715128907500308
11099470.587024725000778 1547841.013714845000264
11099470.587024725000778 1547841.312300782500220
11099470.587024725000778 1547841.610886720000176
11099470.587024725000778 1547841.909472657500132
11099470.587024725000778 1547842.208058595000088
11099470.587024725000778 1547842.506644532500044
11099470.587024725000778 1547842.805230470000000
11099470.587024725000778 1547843.103816407499956
11099470.587024725000778 1547843.402402344999912
11099470.587024725000778 1547843.700988282499868
11099470.587024725000778 1547843.999574219999824
11099470.587024725000778 1547844.298160157499780
11099470.587024725000778 1547844.596746094999736
11099470.587024725000778 1547844.895332032499692
11099470.587024725000778 1547845.193917969999648
11099470.885605454167315 1547840.117957032500396
11099470.885605454167315 1547840.416542970000352
11099470.885605454167315 1547840.715128907500308
11099470.885605454167315 1547841.013714845000264
11099470.885605454167315 1547841.312300782500220
11099470.885605454167315 1547841.610886720000176
11099470.885605454167315 1547841.909472657500132
11099470.885605454167315 1547842.208058595000088
11099470.885605454167315 1547842.506644532500044
11099470.885605454167315 1547842.805230470000000
11099470.885605454167315 1547843.103816407499956
11099470.885605454167315 1547843.402402344999912
11099470.885605454167315 1547843.700988282499868
11099470.885605454167315 1547843.999574219999824
11099470.885605454167315 1547844.298160157499780
11099470.885605454167315 1547844.596746094999736
11099470.885605454167315 1547844.895332032499692
11099470.885605454167315 1547845.193917969999648
11099471.184186183333852 1547840.117957032500396
11099471.184186183333852 1547840.416542970000352
11099471.184186183333852 1547840.715128907500308
11099471.184186183333852 1547841.013714845000264
11099471.184186183333852 1547841.312300782500220
11099471.184186183333852 1547841.610886720000176
11099471.184186183333852 1547841.909472657500132
11099471.184186183333852 1547842.208058595000088
11099471.184186183333852 1547842.506644532500044
11099471.184186183333852 1547842.805230470000000
11099471.184186183333852 1547843.103816407499956
11099471.184186183333852 1547843.402402344999912
11099471.184186183333852 1547843.700988282499868
11099471.184186183333852 1547843.999574219999824
11099471.184186183333852 1547844.298160157499780
11099471.184186183333852 1547844.596746094999736
11099471.184186183333852 1547844.895332032499692
11099471.184186183333852 1547845.193917969999648
11099471.482766912500389 1547840.117957032500396
11099471.482766912500389 1547840.416542970000352
11099471.482766912500389 1547840.715128907500308
11099471.482766912500389 1547841.013714845000264
11099471.482766912500389 1547841.312300782500220
11099471.482766912500389 1547841.610886720000176
11099471.482766912500389 1547841.909472657500132
11099471.482766912500389 1547842.208058595000088
11099471.482766912500389 1547842.506644532500044
11099471.482766912500389 1547842.805230470000000
11099471.482766912500389 1547843.103816407499956
11099471.482766912500389 1547843.402402344999912
11099471.482766912500389 1547843.700988282499868
11099471.482766912500389 1547843.999574219999824
11099471.482766912500389 1547844.298160157499780
11099471.482766912500389 1547844.596746094999736
11099471.482766912500389 1547844.895332032499692
11099471.482766912500389 1547845.193917969999648
11099471.781347641666926 1547840.117957032500396
11099471.781347641666926 1547840.416542970000352
11099471.781347641666926 1547840.715128907500308
11099471.781347641666926 1547841.013714845000264
11099471.781347641666926 1547841.312300782500220
11099471.781347641666926 1547841.610886720000176
11099471.781347641666926 1547841.909472657500132
11099471.781347641666926 1547842.208058595000088
11099471.781347641666926 1547842.506644532500044
11099471.781347641666926 1547842.805230470000000
11099471.781347641666926 1547843.103816407499956
11099471.781347641666926 1547843.402402344999912
11099471.781347641666926 1547843.700988282499868
11099471.781347641666926 1547843.999574219999824
11099471.781347641666926 1547844.298160157499780
11099471.781347641666926 1547844.596746094999736
11099471.781347641666926 1547844.895332032499692
11099471.781347641666926 1547845.193917969999648
11099472.079928370833463 1547840.117957032500396
11099472.079928370833463 1547840.416542970000352
11099472.079928370833463 1547840.715128907500308
11099472.079928370833463 1547841.013714845000264
11099472.079928370833463 1547841.312300782500220
11099472.079928370833463 1547841.610886720000176
11099472.079928370833463 1547841.909472657500132
11099472.079928370833463 1547842.208058595000088
11099472.079928370833463 1547842.506644532500044
11099472.079928370833463 1547842.805230470000000
11099472.079928370833463 1547843.103816407499956
11099472.079928370833463 1547843.402402344999912
11099472.079928370833463 1547843.700988282499868
11099472.079928370833463 1547843.999574219999824
11099472.079928370833463 1547844.298160157499780
11099472.079928370833463 1547844.596746094999736
11099472.079928370833463 1547844.895332032499692
11099472.079928370833463 1547845.193917969999648
11099472.378509100000000 1547840.117957032500396
11099472.378509100000000 1547840.416542970000352
11099472.378509100000000 1547840.715128907500308
11099472.378509100000000 1547841.013714845000264
11099472.378509100000000 1547841.312300782500220
11099472.378509100000000 1547841.610886720000176
11099472.378509100000000 1547841.909472657500132
11099472.378509100000000 1547842.208058595000088
11099472.378509100000000 1547842.506644532500044
11099472.378509100000000 1547842.805230470000000
11099472.378509100000000 1547843.103816407499956
11099472.378509100000000 1547843.402402344999912
11099472.378509100000000 1547843.700988282499868
11099472.378509100000000 1547843.999574219999824
11099472.378509100000000 1547844.298160157499780
11099472.378509100000000 1547844.596746094999736
11099472.378509100000000 1547844.895332032499692
11099472.378509100000000 1547845.193917969999648
11099472.677089829166537 1547840.117957032500396
11099472.677089829166537 1547840.416542970000352
11099472.677089829166537 1547840.715128907500308
11099472.677089829166537 1547841.013714845000264
11099472.677089829166537 1547841.312300782500220
11099472.677089829166537 1547841.610886720000176
11099472.677089829166537 1547841.909472657500132
11099472.677089829166537 1547842.208058595000088
11099472.677089829166537 1547842.506644532500044
11099472.677089829166537 1547842.805230470000000
11099472.677089829166537 1547843.103816407499956
11099472.677089829166537 1547843.402402344999912
11099472.677089829166537 1547843.700988282499868
11099472.677089829166537 1547843.999574219999824
11099472.677089829166537 1547844.298160157499780
11099472.677089829166537 1547844.596746094999736
11099472.677089829166537 1547844.895332032499692
11099472.677089829166537 1547845.193917969999648
11099472.975670558333074 1547840.117957032500396
11099472.975670558333074 1547840.416542970000352
11099472.975670558333074 1547840.715128907500308
11099472.975670558333074 1547841.013714845000264
11099472.975670558333074 1547841.312300782500220
11099472.975670558333074 1547841.610886720000176
11099472.975670558333074 1547841.909472657500132
11099472.975670558333074 1547842.208058595000088
11099472.975670558333074 1547842.506644532500044
11099472.975670558333074 1547842.805230470000000
11099472.975670558333074 1547843.103816407499956
11099472.975670558333074 1547843.402402344999912
11099472.975670558333074 1547843.700988282499868
11099472.975670558333074 1547843.999574219999824
11099472.975670558333074 1547844.298160157499780
11099472.975670558333074 1547844.596746094999736
11099472.975670558333074 1547844.895332032499692
11099472.975670558333074 1547845.193917969999648
11099473.274251287499611 1547840.117957032500396
11099473.274251287499611 1547840.416542970000352
11099473.274251287499611 1547840.715128907500308
11099473.274251287499611 1547841.013714845000264
11099473.274251287499611 1547841.312300782500220
11099473.274251287499611 1547841.610886720000176
11099473.274251287499611 1547841.909472657500132
11099473.274251287499611 1547842.208058595000088
11099473.274251287499611 1547842.506644532500044
11099473.274251287499611 1547842.805230470000000
11099473.274251287499611 1547843.103816407499956
11099473.274251287499611 1547843.402402344999912
11099473.274251287499611 1547843.700988282499868
11099473.274251287499611 1547843.999574219999824
11099473.274251287499611 1547844.298160157499780
11099473.274251287499611 1547844.596746094999736
11099473.274251287499611 1547844.895332032499692
11099473.274251287499611 1547845.193917969999648
11099473.572832016666148 1547840.117957032500396
11099473.572832016666148 1547840.416542970000352
11099473.572832016666148 1547840.715128907500308
11099473.572832016666148 1547841.013714845000264
11099473.572832016666148 1547841.312300782500220
11099473.572832016666148 1547841.610886720000176
11099473.572832016666148 1547841.909472657500132
11099473.572832016666148 1547842.208058595000088
11099473.572832016666148 1547842.506644532500044
11099473.572832016666148 1547842.805230470000000
11099473.572832016666148 1547843.103816407499956
11099473.572832016666148 1547843.402402344999912
11099473.572832016666148 1547843.700988282499868
11099473.572832016666148 1547843.999574219999824
11099473.572832016666148 1547844.298160157499780
11099473.572832016666148 1547844.596746094999736
11099473.572832016666148 1547844.895332032499692
11099473.572832016666148 1547845.193917969999648
11099473.871412745832685 1547840.117957032500396
11099473.871412745832685 1547840.416542970000352
11099473.871412745832685 1547840.715128907500308
11099473.871412745832685 1547841.013714845000264
11099473.871412745832685 1547841.312300782500220
11099473.871412745832685 1547841.610886720000176
11099473.871412745832685 1547841.909472657500132
11099473.871412745832685 1547842.208058595000088
11099473.871412745832685 1547842.506644532500044
11099473.871412745832685 1547842.805230470000000
11099473.871412745832685 1547843.103816407499956
11099473.871412745832685 1547843.402402344999912
11099473.871412745832685 1547843.700988282499868
11099473.871412745832685 1547843.999574219999824
11099473.871412745832685 1547844.298160157499780
11099473.871412745832685 1547844.596746094999736
11099473.871412745832685 1547844.895332032499692
11099473.871412745832685 1547845.193917969999648
11099474.169993474999222 1547840.117957032500396
11099474.169993474999222 1547840.416542970000352
11099474.169993474999222 1547840.715128907500308
11099474.169993474999222 1547841.013714845000264
11099474.169993474999222 1547841.312300782500220
11099474.169993474999222 1547841.610886720000176
11099474.169993474999222 1547841.909472657500132
11099474.169993474999222 1547842.208058595000088
11099474.169993474999222 1547842.506644532500044
11099474.169993474999222 1547842.805230470000000
11099474.169993474999222 1547843.103816407499956
11099474.169993474999222 1547843.402402344999912
11099474.169993474999222 1547843.700988282499868
11099474.169993474999222 1547843.999574219999824
11099474.169993474999222 1547844.298160157499780
11099474.169993474999222 1547844.596746094999736
11099474.169993474999222 1547844.895332032499692
11099474.169993474999222 1547845.193917969999648
11099474.468574204165759 1547840.117957032500396
11099474.468574204165759 1547840.416542970000352
11099474.468574204165759 1547840.715128907500308
11099474.468574204165759 1547841.013714845000264
11099474.468574204165759 1547841.312300782500220
11099474.468574204165759 1547841.610886720000176
11099474.468574204165759 1547841.909472657500132
11099474.468574204165759 1547842.208058595000088
11099474.468574204165759 1547842.506644532500044
11099474.468574204165759 1547842.805230470000000
11099474.468574204165759 1547843.103816407499956
11099474.468574204165759 1547843.402402344999912
11099474.468574204165759 1547843.700988282499868
11099474.468574204165759 1547843.999574219999824
11099474.468574204165759 1547844.298160157499780
11099474.468574204165759 1547844.596746094999736
11099474.468574204165759 1547844.895332032499692
11099474.468574204165759 1547845.193917969999648
11099474.767154933332296 1547840.117957032500396
11099474.767154933332296 1547840.416542970000352
11099474.767154933332296 1547840.715128907500308
11099474.767154933332296 1547841.013714845000264
11099474.767154933332296 1547841.312300782500220
11099474.767154933332296 1547841.610886720000176
11099474.767154933332296 1547841.909472657500132
11099474.767154933332296 1547842.208058595000088
11099474.767154933332296 1547842.506644532500044
11099474.767154933332296 1547842.805230470000000
11099474.767154933332296 1547843.103816407499956
11099474.767154933332296 1547843.402402344999912
11099474.767154933332296 1547843.700988282499868
11099474.767154933332296 1547843.999574219999824
11099474.767154933332296 1547844.298160157499780
11099474.767154933332296 1547844.596746094999736
11099474.767154933332296 1547844.895332032499692
11099474.767154933332296 1547845.193917969999648
