11098911.046738237501167 1547736.508636722500396
11098911.046738237501167 1547736.807222660000352
11098911.046738237501167 1547737.105808597500308
11098911.046738237501167 1547737.404394535000264
11098911.046738237501167 1547737.702980472500220
11098911.046738237501167 1547738.001566410000176
11098911.046738237501167 1547738.300152347500132
11098911.046738237501167 1547738.598738285000088
11098911.046738237501167 1547738.897324222500044
11098911.046738237501167 1547739.195910160000000
11098911.046738237501167 1547739.494496097499956
11098911.046738237501167 1547739.793082034999912
11098911.046738237501167 1547740.091667972499868
11098911.046738237501167 1547740.390253909999824
11098911.046738237501167 1547740.688839847499780
11098911.046738237501167 1547740.987425784999736
11098911.046738237501167 1547741.286011722499692
11098911.046738237501167 1547741.584597659999648
11098911.345318966667704 1547736.508636722500396
11098911.345318966667704 1547736.807222660000352
11098911.345318966667704 1547737.105808597500308
11098911.345318966667704 1547737.404394535000264
11098911.345318966667704 1547737.702980472500220
11098911.345318966667704 1547738.001566410000176
11098911.345318966667704 1547738.300152347500132
11098911.345318966667704 1547738.598738285000088
11098911.345318966667704 1547738.897324222500044
11098911.345318966667704 1547739.195910160000000
11098911.345318966667704 1547739.494496097499956
11098911.345318966667704 1547739.793082034999912
11098911.345318966667704 1547740.091667972499868
11098911.345318966667704 1547740.390253909999824
11098911.345318966667704 1547740.688839847499780
11098911.345318966667704 1547740.987425784999736
11098911.345318966667704 1547741.286011722499692
11098911.345318966667704 1547741.584597659999648
11098911.643899695834241 1547736.508636722500396
11098911.643899695834241 1547736.807222660000352
11098911.643899695834241 1547737.105808597500308
11098911.643899695834241 1547737.404394535000264
11098911.643899695834241 1547737.702980472500220
11098911.643899695834241 1547738.001566410000176
11098911.643899695834241 1547738.300152347500132
11098911.643899695834241 1547738.598738285000088
11098911.643899695834241 1547738.897324222500044
11098911.643899695834241 1547739.195910160000000
11098911.643899695834241 1547739.494496097499956
11098911.643899695834241 1547739.793082034999912
11098911.643899695834241 1547740.091667972499868
11098911.643899695834241 1547740.390253909999824
11098911.643899695834241 1547740.688839847499780
11098911.643899695834241 1547740.987425784999736
11098911.643899695834241 1547741.286011722499692
11098911.643899695834241 1547741.584597659999648
11098911.942480425000778 1547736.508636722500396
11098911.942480425000778 1547736.807222660000352
11098911.942480425000778 1547737.105808597500308
11098911.942480425000778 1547737.404394535000264
11098911.942480425000778 1547737.702980472500220
11098911.942480425000778 1547738.001566410000176
11098911.942480425000778 1547738.300152347500132
11098911.942480425000778 1547738.598738285000088
11098911.942480425000778 1547738.897324222500044
11098911.942480425000778 1547739.195910160000000
11098911.942480425000778 1547739.494496097499956
11098911.942480425000778 1547739.793082034999912
11098911.942480425000778 1547740.091667972499868
11098911.942480425000778 1547740.390253909999824
11098911.942480425000778 1547740.688839847499780
11098911.942480425000778 1547740.987425784999736
11098911.942480425000778 1547741.286011722499692
11098911.942480425000778 1547741.584597659999648
11098912.241061154167315 1547736.508636722500396
11098912.241061154167315 1547736.807222660000352
11098912.241061154167315 1547737.105808597500308
11098912.241061154167315 1547737.404394535000264
11098912.241061154167315 1547737.702980472500220
11098912.241061154167315 1547738.001566410000176
11098912.241061154167315 1547738.300152347500132
11098912.241061154167315 1547738.598738285000088
11098912.241061154167315 1547738.897324222500044
11098912.241061154167315 1547739.195910160000000
11098912.241061154167315 1547739.494496097499956
11098912.241061154167315 1547739.793082034999912
11098912.241061154167315 1547740.091667972499868
11098912.241061154167315 1547740.390253909999824
11098912.241061154167315 1547740.688839847499780
11098912.241061154167315 1547740.987425784999736
11098912.241061154167315 1547741.286011722499692
11098912.241061154167315 1547741.584597659999648
11098912.539641883333852 1547736.508636722500396
11098912.539641883333852 1547736.807222660000352
11098912.539641883333852 1547737.105808597500308
11098912.539641883333852 1547737.404394535000264
11098912.539641883333852 1547737.702980472500220
11098912.539641883333852 1547738.001566410000176
11098912.539641883333852 1547738.300152347500132
11098912.539641883333852 1547738.598738285000088
11098912.539641883333852 1547738.897324222500044
11098912.539641883333852 1547739.195910160000000
11098912.539641883333852 1547739.494496097499956
11098912.539641883333852 1547739.793082034999912
11098912.539641883333852 1547740.091667972499868
11098912.539641883333852 1547740.390253909999824
11098912.539641883333852 1547740.688839847499780
11098912.539641883333852 1547740.987425784999736
11098912.539641883333852 1547741.286011722499692
11098912.539641883333852 1547741.584597659999648
11098912.838222612500389 1547736.508636722500396
11098912.838222612500389 1547736.807222660000352
11098912.838222612500389 1547737.105808597500308
11098912.838222612500389 1547737.404394535000264
11098912.838222612500389 1547737.702980472500220
11098912.838222612500389 1547738.001566410000176
11098912.838222612500389 1547738.300152347500132
11098912.838222612500389 1547738.598738285000088
11098912.838222612500389 1547738.897324222500044
11098912.838222612500389 1547739.195910160000000
11098912.838222612500389 1547739.494496097499956
11098912.838222612500389 1547739.793082034999912
11098912.838222612500389 1547740.091667972499868
11098912.838222612500389 1547740.390253909999824
11098912.838222612500389 1547740.688839847499780
11098912.838222612500389 1547740.987425784999736
11098912.838222612500389 1547741.286011722499692
11098912.838222612500389 1547741.584597659999648
11098913.136803341666926 1547736.508636722500396
11098913.136803341666926 1547736.807222660000352
11098913.136803341666926 1547737.105808597500308
11098913.136803341666926 1547737.404394535000264
11098913.136803341666926 1547737.702980472500220
11098913.136803341666926 1547738.001566410000176
11098913.136803341666926 1547738.300152347500132
11098913.136803341666926 1547738.598738285000088
11098913.136803341666926 1547738.897324222500044
11098913.136803341666926 1547739.195910160000000
11098913.136803341666926 1547739.494496097499956
11098913.136803341666926 1547739.793082034999912
11098913.136803341666926 1547740.091667972499868
11098913.136803341666926 1547740.390253909999824
11098913.136803341666926 1547740.688839847499780
11098913.136803341666926 1547740.987425784999736
11098913.136803341666926 1547741.286011722499692
11098913.136803341666926 1547741.584597659999648
11098913.435384070833463 1547736.508636722500396
11098913.435384070833463 1547736.807222660000352
11098913.435384070833463 1547737.105808597500308
11098913.435384070833463 1547737.404394535000264
11098913.435384070833463 1547737.702980472500220
11098913.435384070833463 1547738.001566410000176
11098913.435384070833463 1547738.300152347500132
11098913.435384070833463 1547738.598738285000088
11098913.435384070833463 1547738.897324222500044
11098913.435384070833463 1547739.195910160000000
11098913.435384070833463 1547739.494496097499956
11098913.435384070833463 1547739.793082034999912
11098913.435384070833463 1547740.091667972499868
11098913.435384070833463 1547740.390253909999824
11098913.435384070833463 1547740.688839847499780
11098913.435384070833463 1547740.987425784999736
11098913.435384070833463 1547741.286011722499692
11098913.435384070833463 1547741.584597659999648
11098913.733964800000000 1547736.508636722500396
11098913.733964800000000 1547736.807222660000352
11098913.733964800000000 1547737.105808597500308
11098913.733964800000000 1547737.404394535000264
11098913.733964800000000 1547737.702980472500220
11098913.733964800000000 1547738.001566410000176
11098913.733964800000000 1547738.300152347500132
11098913.733964800000000 1547738.598738285000088
11098913.733964800000000 1547738.897324222500044
11098913.733964800000000 1547739.195910160000000
11098913.733964800000000 1547739.494496097499956
11098913.733964800000000 1547739.793082034999912
11098913.733964800000000 1547740.091667972499868
11098913.733964800000000 1547740.390253909999824
11098913.733964800000000 1547740.688839847499780
11098913.733964800000000 1547740.987425784999736
11098913.733964800000000 1547741.286011722499692
11098913.733964800000000 1547741.584597659999648
11098914.032545529166537 1547736.508636722500396
11098914.032545529166537 1547736.807222660000352
11098914.032545529166537 1547737.105808597500308
11098914.032545529166537 1547737.404394535000264
11098914.032545529166537 1547737.702980472500220
11098914.032545529166537 1547738.001566410000176
11098914.032545529166537 1547738.300152347500132
11098914.032545529166537 1547738.598738285000088
11098914.032545529166537 1547738.897324222500044
11098914.032545529166537 1547739.195910160000000
11098914.032545529166537 1547739.494496097499956
11098914.032545529166537 1547739.793082034999912
11098914.032545529166537 1547740.091667972499868
11098914.032545529166537 1547740.390253909999824
11098914.032545529166537 1547740.688839847499780
11098914.032545529166537 1547740.987425784999736
11098914.032545529166537 1547741.286011722499692
11098914.032545529166537 1547741.584597659999648
11098914.331126258333074 1547736.508636722500396
11098914.331126258333074 1547736.807222660000352
11098914.331126258333074 1547737.105808597500308
11098914.331126258333074 1547737.404394535000264
11098914.331126258333074 1547737.702980472500220
11098914.331126258333074 1547738.001566410000176
11098914.331126258333074 1547738.300152347500132
11098914.331126258333074 1547738.598738285000088
11098914.331126258333074 1547738.897324222500044
11098914.331126258333074 1547739.195910160000000
11098914.331126258333074 1547739.494496097499956
11098914.331126258333074 1547739.793082034999912
11098914.331126258333074 1547740.091667972499868
11098914.331126258333074 1547740.390253909999824
11098914.331126258333074 1547740.688839847499780
11098914.331126258333074 1547740.987425784999736
11098914.331126258333074 1547741.286011722499692
11098914.331126258333074 1547741.584597659999648
11098914.629706987499611 1547736.508636722500396
11098914.629706987499611 1547736.807222660000352
11098914.629706987499611 1547737.105808597500308
11098914.629706987499611 1547737.404394535000264
11098914.629706987499611 1547737.702980472500220
11098914.629706987499611 1547738.001566410000176
11098914.629706987499611 1547738.300152347500132
11098914.629706987499611 1547738.598738285000088
11098914.629706987499611 1547738.897324222500044
11098914.629706987499611 1547739.195910160000000
11098914.629706987499611 1547739.494496097499956
11098914.629706987499611 1547739.793082034999912
11098914.629706987499611 1547740.091667972499868
11098914.629706987499611 1547740.390253909999824
11098914.629706987499611 1547740.688839847499780
11098914.629706987499611 1547740.987425784999736
11098914.629706987499611 1547741.286011722499692
11098914.629706987499611 1547741.584597659999648
11098914.928287716666148 1547736.508636722500396
11098914.928287716666148 1547736.807222660000352
11098914.928287716666148 1547737.105808597500308
11098914.928287716666148 1547737.404394535000264
11098914.928287716666148 1547737.702980472500220
11098914.928287716666148 1547738.001566410000176
11098914.928287716666148 1547738.300152347500132
11098914.928287716666148 1547738.598738285000088
11098914.928287716666148 1547738.897324222500044
11098914.928287716666148 1547739.195910160000000
11098914.928287716666148 1547739.494496097499956
11098914.928287716666148 1547739.793082034999912
11098914.928287716666148 1547740.091667972499868
11098914.928287716666148 1547740.390253909999824
11098914.928287716666148 1547740.688839847499780
11098914.928287716666148 1547740.987425784999736
11098914.928287716666148 1547741.286011722499692
11098914.928287716666148 1547741.584597659999648
11098915.226868445832685 1547736.508636722500396
11098915.226868445832685 1547736.807222660000352
11098915.226868445832685 1547737.105808597500308
11098915.226868445832685 1547737.404394535000264
11098915.226868445832685 1547737.702980472500220
11098915.226868445832685 1547738.001566410000176
11098915.226868445832685 1547738.300152347500132
11098915.226868445832685 1547738.598738285000088
11098915.226868445832685 1547738.897324222500044
11098915.226868445832685 1547739.195910160000000
11098915.226868445832685 1547739.494496097499956
11098915.226868445832685 1547739.793082034999912
11098915.226868445832685 1547740.091667972499868
11098915.226868445832685 1547740.390253909999824
11098915.226868445832685 1547740.688839847499780
11098915.226868445832685 1547740.987425784999736
11098915.226868445832685 1547741.286011722499692
11098915.226868445832685 1547741.584597659999648
11098915.525449174999222 1547736.508636722500396
11098915.525449174999222 1547736.807222660000352
11098915.525449174999222 1547737.105808597500308
11098915.525449174999222 1547737.404394535000264
11098915.525449174999222 1547737.702980472500220
11098915.525449174999222 1547738.001566410000176
11098915.525449174999222 1547738.300152347500132
11098915.525449174999222 1547738.598738285000088
11098915.525449174999222 1547738.897324222500044
11098915.525449174999222 1547739.195910160000000
11098915.525449174999222 1547739.494496097499956
11098915.525449174999222 1547739.793082034999912
11098915.525449174999222 1547740.091667972499868
11098915.525449174999222 1547740.390253909999824
11098915.525449174999222 1547740.688839847499780
11098915.525449174999222 1547740.987425784999736
11098915.525449174999222 1547741.286011722499692
11098915.525449174999222 1547741.584597659999648
11098915.824029904165759 1547736.508636722500396
11098915.824029904165759 1547736.807222660000352
11098915.824029904165759 1547737.105808597500308
11098915.824029904165759 1547737.404394535000264
11098915.824029904165759 1547737.702980472500220
11098915.824029904165759 1547738.001566410000176
11098915.824029904165759 1547738.300152347500132
11098915.824029904165759 1547738.598738285000088
11098915.824029904165759 1547738.897324222500044
11098915.824029904165759 1547739.195910160000000
11098915.824029904165759 1547739.494496097499956
11098915.824029904165759 1547739.793082034999912
11098915.824029904165759 1547740.091667972499868
11098915.824029904165759 1547740.390253909999824
11098915.824029904165759 1547740.688839847499780
11098915.824029904165759 1547740.987425784999736
11098915.824029904165759 1547741.286011722499692
11098915.824029904165759 1547741.584597659999648
11098916.122610633332296 1547736.508636722500396
11098916.122610633332296 1547736.807222660000352
11098916.122610633332296 1547737.105808597500308
11098916.122610633332296 1547737.404394535000264
11098916.122610633332296 1547737.702980472500220
11098916.122610633332296 1547738.001566410000176
11098916.122610633332296 1547738.300152347500132
11098916.122610633332296 1547738.598738285000088
11098916.122610633332296 1547738.897324222500044
11098916.122610633332296 1547739.195910160000000
11098916.122610633332296 1547739.494496097499956
11098916.122610633332296 1547739.793082034999912
11098916.122610633332296 1547740.091667972499868
11098916.122610633332296 1547740.390253909999824
11098916.122610633332296 1547740.688839847499780
11098916.122610633332296 1547740.987425784999736
11098916.122610633332296 1547741.286011722499692
11098916.122610633332296 1547741.584597659999648
