11098814.903743537501167 1547549.295253902500396
11098814.903743537501167 1547549.593839840000352
11098814.903743537501167 1547549.892425777500308
11098814.903743537501167 1547550.191011715000264
11098814.903743537501167 1547550.489597652500220
11098814.903743537501167 1547550.788183590000176
11098814.903743537501167 1547551.086769527500132
11098814.903743537501167 1547551.385355465000088
11098814.903743537501167 1547551.683941402500044
11098814.903743537501167 1547551.982527340000000
11098814.903743537501167 1547552.281113277499956
11098814.903743537501167 1547552.579699214999912
11098814.903743537501167 1547552.878285152499868
11098814.903743537501167 1547553.176871089999824
11098814.903743537501167 1547553.475457027499780
11098814.903743537501167 1547553.774042964999736
11098814.903743537501167 1547554.072628902499692
11098814.903743537501167 1547554.371214839999648
11098815.202324266667704 1547549.295253902500396
11098815.202324266667704 1547549.593839840000352
11098815.202324266667704 1547549.892425777500308
11098815.202324266667704 1547550.191011715000264
11098815.202324266667704 1547550.489597652500220
11098815.202324266667704 1547550.788183590000176
11098815.202324266667704 1547551.086769527500132
11098815.202324266667704 1547551.385355465000088
11098815.202324266667704 1547551.683941402500044
11098815.202324266667704 1547551.982527340000000
11098815.202324266667704 1547552.281113277499956
11098815.202324266667704 1547552.579699214999912
11098815.202324266667704 1547552.878285152499868
11098815.202324266667704 1547553.176871089999824
11098815.202324266667704 1547553.475457027499780
11098815.202324266667704 1547553.774042964999736
11098815.202324266667704 1547554.072628902499692
11098815.202324266667704 1547554.371214839999648
11098815.500904995834241 1547549.295253902500396
11098815.500904995834241 1547549.593839840000352
11098815.500904995834241 1547549.892425777500308
11098815.500904995834241 1547550.191011715000264
11098815.500904995834241 1547550.489597652500220
11098815.500904995834241 1547550.788183590000176
11098815.500904995834241 1547551.086769527500132
11098815.500904995834241 1547551.385355465000088
11098815.500904995834241 1547551.683941402500044
11098815.500904995834241 1547551.982527340000000
11098815.500904995834241 1547552.281113277499956
11098815.500904995834241 1547552.579699214999912
11098815.500904995834241 1547552.878285152499868
11098815.500904995834241 1547553.176871089999824
11098815.500904995834241 1547553.475457027499780
11098815.500904995834241 1547553.774042964999736
11098815.500904995834241 1547554.072628902499692
11098815.500904995834241 1547554.371214839999648
11098815.799485725000778 1547549.295253902500396
11098815.799485725000778 1547549.593839840000352
11098815.799485725000778 1547549.892425777500308
11098815.799485725000778 1547550.191011715000264
11098815.799485725000778 1547550.489597652500220
11098815.799485725000778 1547550.788183590000176
11098815.799485725000778 1547551.086769527500132
11098815.799485725000778 1547551.385355465000088
11098815.799485725000778 1547551.683941402500044
11098815.799485725000778 1547551.982527340000000
11098815.799485725000778 1547552.281113277499956
11098815.799485725000778 1547552.579699214999912
11098815.799485725000778 1547552.878285152499868
11098815.799485725000778 1547553.176871089999824
11098815.799485725000778 1547553.475457027499780
11098815.799485725000778 1547553.774042964999736
11098815.799485725000778 1547554.072628902499692
11098815.799485725000778 1547554.371214839999648
11098816.098066454167315 1547549.295253902500396
11098816.098066454167315 1547549.593839840000352
11098816.098066454167315 1547549.892425777500308
11098816.098066454167315 1547550.191011715000264
11098816.098066454167315 1547550.489597652500220
11098816.098066454167315 1547550.788183590000176
11098816.098066454167315 1547551.086769527500132
11098816.098066454167315 1547551.385355465000088
11098816.098066454167315 1547551.683941402500044
11098816.098066454167315 1547551.982527340000000
11098816.098066454167315 1547552.281113277499956
11098816.098066454167315 1547552.579699214999912
11098816.098066454167315 1547552.878285152499868
11098816.098066454167315 1547553.176871089999824
11098816.098066454167315 1547553.475457027499780
11098816.098066454167315 1547553.774042964999736
11098816.098066454167315 1547554.072628902499692
11098816.098066454167315 1547554.371214839999648
11098816.396647183333852 1547549.295253902500396
11098816.396647183333852 1547549.593839840000352
11098816.396647183333852 1547549.892425777500308
11098816.396647183333852 1547550.191011715000264
11098816.396647183333852 1547550.489597652500220
11098816.396647183333852 1547550.788183590000176
11098816.396647183333852 1547551.086769527500132
11098816.396647183333852 1547551.385355465000088
11098816.396647183333852 1547551.683941402500044
11098816.396647183333852 1547551.982527340000000
11098816.396647183333852 1547552.281113277499956
11098816.396647183333852 1547552.579699214999912
11098816.396647183333852 1547552.878285152499868
11098816.396647183333852 1547553.176871089999824
11098816.396647183333852 1547553.475457027499780
11098816.396647183333852 1547553.774042964999736
11098816.396647183333852 1547554.072628902499692
11098816.396647183333852 1547554.371214839999648
11098816.695227912500389 1547549.295253902500396
11098816.695227912500389 1547549.593839840000352
11098816.695227912500389 1547549.892425777500308
11098816.695227912500389 1547550.191011715000264
11098816.695227912500389 1547550.489597652500220
11098816.695227912500389 1547550.788183590000176
11098816.695227912500389 1547551.086769527500132
11098816.695227912500389 1547551.385355465000088
11098816.695227912500389 1547551.683941402500044
11098816.695227912500389 1547551.982527340000000
11098816.695227912500389 1547552.281113277499956
11098816.695227912500389 1547552.579699214999912
11098816.695227912500389 1547552.878285152499868
11098816.695227912500389 1547553.176871089999824
11098816.695227912500389 1547553.475457027499780
11098816.695227912500389 1547553.774042964999736
11098816.695227912500389 1547554.072628902499692
11098816.695227912500389 1547554.371214839999648
11098816.993808641666926 1547549.295253902500396
11098816.993808641666926 1547549.593839840000352
11098816.993808641666926 1547549.892425777500308
11098816.993808641666926 1547550.191011715000264
11098816.993808641666926 1547550.489597652500220
11098816.993808641666926 1547550.788183590000176
11098816.993808641666926 1547551.086769527500132
11098816.993808641666926 1547551.385355465000088
11098816.993808641666926 1547551.683941402500044
11098816.993808641666926 1547551.982527340000000
11098816.993808641666926 1547552.281113277499956
11098816.993808641666926 1547552.579699214999912
11098816.993808641666926 1547552.878285152499868
11098816.993808641666926 1547553.176871089999824
11098816.993808641666926 1547553.475457027499780
11098816.993808641666926 1547553.774042964999736
11098816.993808641666926 1547554.072628902499692
11098816.993808641666926 1547554.371214839999648
11098817.292389370833463 1547549.295253902500396
11098817.292389370833463 1547549.593839840000352
11098817.292389370833463 1547549.892425777500308
11098817.292389370833463 1547550.191011715000264
11098817.292389370833463 1547550.489597652500220
11098817.292389370833463 1547550.788183590000176
11098817.292389370833463 1547551.086769527500132
11098817.292389370833463 1547551.385355465000088
11098817.292389370833463 1547551.683941402500044
11098817.292389370833463 1547551.982527340000000
11098817.292389370833463 1547552.281113277499956
11098817.292389370833463 1547552.579699214999912
11098817.292389370833463 1547552.878285152499868
11098817.292389370833463 1547553.176871089999824
11098817.292389370833463 1547553.475457027499780
11098817.292389370833463 1547553.774042964999736
11098817.292389370833463 1547554.072628902499692
11098817.292389370833463 1547554.371214839999648
11098817.590970100000000 1547549.295253902500396
11098817.590970100000000 1547549.593839840000352
11098817.590970100000000 1547549.892425777500308
11098817.590970100000000 1547550.191011715000264
11098817.590970100000000 1547550.489597652500220
11098817.590970100000000 1547550.788183590000176
11098817.590970100000000 1547551.086769527500132
11098817.590970100000000 1547551.385355465000088
11098817.590970100000000 1547551.683941402500044
11098817.590970100000000 1547551.982527340000000
11098817.590970100000000 1547552.281113277499956
11098817.590970100000000 1547552.579699214999912
11098817.590970100000000 1547552.878285152499868
11098817.590970100000000 1547553.176871089999824
11098817.590970100000000 1547553.475457027499780
11098817.590970100000000 1547553.774042964999736
11098817.590970100000000 1547554.072628902499692
11098817.590970100000000 1547554.371214839999648
11098817.889550829166537 1547549.295253902500396
11098817.889550829166537 1547549.593839840000352
11098817.889550829166537 1547549.892425777500308
11098817.889550829166537 1547550.191011715000264
11098817.889550829166537 1547550.489597652500220
11098817.889550829166537 1547550.788183590000176
11098817.889550829166537 1547551.086769527500132
11098817.889550829166537 1547551.385355465000088
11098817.889550829166537 1547551.683941402500044
11098817.889550829166537 1547551.982527340000000
11098817.889550829166537 1547552.281113277499956
11098817.889550829166537 1547552.579699214999912
11098817.889550829166537 1547552.878285152499868
11098817.889550829166537 1547553.176871089999824
11098817.889550829166537 1547553.475457027499780
11098817.889550829166537 1547553.774042964999736
11098817.889550829166537 1547554.072628902499692
11098817.889550829166537 1547554.371214839999648
11098818.188131558333074 1547549.295253902500396
11098818.188131558333074 1547549.593839840000352
11098818.188131558333074 1547549.892425777500308
11098818.188131558333074 1547550.191011715000264
11098818.188131558333074 1547550.489597652500220
11098818.188131558333074 1547550.788183590000176
11098818.188131558333074 1547551.086769527500132
11098818.188131558333074 1547551.385355465000088
11098818.188131558333074 1547551.683941402500044
11098818.188131558333074 1547551.982527340000000
11098818.188131558333074 1547552.281113277499956
11098818.188131558333074 1547552.579699214999912
11098818.188131558333074 1547552.878285152499868
11098818.188131558333074 1547553.176871089999824
11098818.188131558333074 1547553.475457027499780
11098818.188131558333074 1547553.774042964999736
11098818.188131558333074 1547554.072628902499692
11098818.188131558333074 1547554.371214839999648
11098818.486712287499611 1547549.295253902500396
11098818.486712287499611 1547549.593839840000352
11098818.486712287499611 1547549.892425777500308
11098818.486712287499611 1547550.191011715000264
11098818.486712287499611 1547550.489597652500220
11098818.486712287499611 1547550.788183590000176
11098818.486712287499611 1547551.086769527500132
11098818.486712287499611 1547551.385355465000088
11098818.486712287499611 1547551.683941402500044
11098818.486712287499611 1547551.982527340000000
11098818.486712287499611 1547552.281113277499956
11098818.486712287499611 1547552.579699214999912
11098818.486712287499611 1547552.878285152499868
11098818.486712287499611 1547553.176871089999824
11098818.486712287499611 1547553.475457027499780
11098818.486712287499611 1547553.774042964999736
11098818.486712287499611 1547554.072628902499692
11098818.486712287499611 1547554.371214839999648
11098818.785293016666148 1547549.295253902500396
11098818.785293016666148 1547549.593839840000352
11098818.785293016666148 1547549.892425777500308
11098818.785293016666148 1547550.191011715000264
11098818.785293016666148 1547550.489597652500220
11098818.785293016666148 1547550.788183590000176
11098818.785293016666148 1547551.086769527500132
11098818.785293016666148 1547551.385355465000088
11098818.785293016666148 1547551.683941402500044
11098818.785293016666148 1547551.982527340000000
11098818.785293016666148 1547552.281113277499956
11098818.785293016666148 1547552.579699214999912
11098818.785293016666148 1547552.878285152499868
11098818.785293016666148 1547553.176871089999824
11098818.785293016666148 1547553.475457027499780
11098818.785293016666148 1547553.774042964999736
11098818.785293016666148 1547554.072628902499692
11098818.785293016666148 1547554.371214839999648
11098819.083873745832685 1547549.295253902500396
11098819.083873745832685 1547549.593839840000352
11098819.083873745832685 1547549.892425777500308
11098819.083873745832685 1547550.191011715000264
11098819.083873745832685 1547550.489597652500220
11098819.083873745832685 1547550.788183590000176
11098819.083873745832685 1547551.086769527500132
11098819.083873745832685 1547551.385355465000088
11098819.083873745832685 1547551.683941402500044
11098819.083873745832685 1547551.982527340000000
11098819.083873745832685 1547552.281113277499956
11098819.083873745832685 1547552.579699214999912
11098819.083873745832685 1547552.878285152499868
11098819.083873745832685 1547553.176871089999824
11098819.083873745832685 1547553.475457027499780
11098819.083873745832685 1547553.774042964999736
11098819.083873745832685 1547554.072628902499692
11098819.083873745832685 1547554.371214839999648
11098819.382454474999222 1547549.295253902500396
11098819.382454474999222 1547549.593839840000352
11098819.382454474999222 1547549.892425777500308
11098819.382454474999222 1547550.191011715000264
11098819.382454474999222 1547550.489597652500220
11098819.382454474999222 1547550.788183590000176
11098819.382454474999222 1547551.086769527500132
11098819.382454474999222 1547551.385355465000088
11098819.382454474999222 1547551.683941402500044
11098819.382454474999222 1547551.982527340000000
11098819.382454474999222 1547552.281113277499956
11098819.382454474999222 1547552.579699214999912
11098819.382454474999222 1547552.878285152499868
11098819.382454474999222 1547553.176871089999824
11098819.382454474999222 1547553.475457027499780
11098819.382454474999222 1547553.774042964999736
11098819.382454474999222 1547554.072628902499692
11098819.382454474999222 1547554.371214839999648
11098819.681035204165759 1547549.295253902500396
11098819.681035204165759 1547549.593839840000352
11098819.681035204165759 1547549.892425777500308
11098819.681035204165759 1547550.191011715000264
11098819.681035204165759 1547550.489597652500220
11098819.681035204165759 1547550.788183590000176
11098819.681035204165759 1547551.086769527500132
11098819.681035204165759 1547551.385355465000088
11098819.681035204165759 1547551.683941402500044
11098819.681035204165759 1547551.982527340000000
11098819.681035204165759 1547552.281113277499956
11098819.681035204165759 1547552.579699214999912
11098819.681035204165759 1547552.878285152499868
11098819.681035204165759 1547553.176871089999824
11098819.681035204165759 1547553.475457027499780
11098819.681035204165759 1547553.774042964999736
11098819.681035204165759 1547554.072628902499692
11098819.681035204165759 1547554.371214839999648
11098819.979615933332296 1547549.295253902500396
11098819.979615933332296 1547549.593839840000352
11098819.979615933332296 1547549.892425777500308
11098819.979615933332296 1547550.191011715000264
11098819.979615933332296 1547550.489597652500220
11098819.979615933332296 1547550.788183590000176
11098819.979615933332296 1547551.086769527500132
11098819.979615933332296 1547551.385355465000088
11098819.979615933332296 1547551.683941402500044
11098819.979615933332296 1547551.982527340000000
11098819.979615933332296 1547552.281113277499956
11098819.979615933332296 1547552.579699214999912
11098819.979615933332296 1547552.878285152499868
11098819.979615933332296 1547553.176871089999824
11098819.979615933332296 1547553.475457027499780
11098819.979615933332296 1547553.774042964999736
11098819.979615933332296 1547554.072628902499692
11098819.979615933332296 1547554.371214839999648
