11099123.636217437501167 1547825.487246092500396
11099123.636217437501167 1547825.785832030000352
11099123.636217437501167 1547826.084417967500308
11099123.636217437501167 1547826.383003905000264
11099123.636217437501167 1547826.681589842500220
11099123.636217437501167 1547826.980175780000176
11099123.636217437501167 1547827.278761717500132
11099123.636217437501167 1547827.577347655000088
11099123.636217437501167 1547827.875933592500044
11099123.636217437501167 1547828.174519530000000
11099123.636217437501167 1547828.473105467499956
11099123.636217437501167 1547828.771691404999912
11099123.636217437501167 1547829.070277342499868
11099123.636217437501167 1547829.368863279999824
11099123.636217437501167 1547829.667449217499780
11099123.636217437501167 1547829.966035154999736
11099123.636217437501167 1547830.264621092499692
11099123.636217437501167 1547830.563207029999648
11099123.934798166667704 1547825.487246092500396
11099123.934798166667704 1547825.785832030000352
11099123.934798166667704 1547826.084417967500308
11099123.934798166667704 1547826.383003905000264
11099123.934798166667704 1547826.681589842500220
11099123.934798166667704 1547826.980175780000176
11099123.934798166667704 1547827.278761717500132
11099123.934798166667704 1547827.577347655000088
11099123.934798166667704 1547827.875933592500044
11099123.934798166667704 1547828.174519530000000
11099123.934798166667704 1547828.473105467499956
11099123.934798166667704 1547828.771691404999912
11099123.934798166667704 1547829.070277342499868
11099123.934798166667704 1547829.368863279999824
11099123.934798166667704 1547829.667449217499780
11099123.934798166667704 1547829.966035154999736
11099123.934798166667704 1547830.264621092499692
11099123.934798166667704 1547830.563207029999648
11099124.233378895834241 1547825.487246092500396
11099124.233378895834241 1547825.785832030000352
11099124.233378895834241 1547826.084417967500308
11099124.233378895834241 1547826.383003905000264
11099124.233378895834241 1547826.681589842500220
11099124.233378895834241 1547826.980175780000176
11099124.233378895834241 1547827.278761717500132
11099124.233378895834241 1547827.577347655000088
11099124.233378895834241 1547827.875933592500044
11099124.233378895834241 1547828.174519530000000
11099124.233378895834241 1547828.473105467499956
11099124.233378895834241 1547828.771691404999912
11099124.233378895834241 1547829.070277342499868
11099124.233378895834241 1547829.368863279999824
11099124.233378895834241 1547829.667449217499780
11099124.233378895834241 1547829.966035154999736
11099124.233378895834241 1547830.264621092499692
11099124.233378895834241 1547830.563207029999648
11099124.531959625000778 1547825.487246092500396
11099124.531959625000778 1547825.785832030000352
11099124.531959625000778 1547826.084417967500308
11099124.531959625000778 1547826.383003905000264
11099124.531959625000778 1547826.681589842500220
11099124.531959625000778 1547826.980175780000176
11099124.531959625000778 1547827.278761717500132
11099124.531959625000778 1547827.577347655000088
11099124.531959625000778 1547827.875933592500044
11099124.531959625000778 1547828.174519530000000
11099124.531959625000778 1547828.473105467499956
11099124.531959625000778 1547828.771691404999912
11099124.531959625000778 1547829.070277342499868
11099124.531959625000778 1547829.368863279999824
11099124.531959625000778 1547829.667449217499780
11099124.531959625000778 1547829.966035154999736
11099124.531959625000778 1547830.264621092499692
11099124.531959625000778 1547830.563207029999648
11099124.830540354167315 1547825.487246092500396
11099124.830540354167315 1547825.785832030000352
11099124.830540354167315 1547826.084417967500308
11099124.830540354167315 1547826.383003905000264
11099124.830540354167315 1547826.681589842500220
11099124.830540354167315 1547826.980175780000176
11099124.830540354167315 1547827.278761717500132
11099124.830540354167315 1547827.577347655000088
11099124.830540354167315 1547827.875933592500044
11099124.830540354167315 1547828.174519530000000
11099124.830540354167315 1547828.473105467499956
11099124.830540354167315 1547828.771691404999912
11099124.830540354167315 1547829.070277342499868
11099124.830540354167315 1547829.368863279999824
11099124.830540354167315 1547829.667449217499780
11099124.830540354167315 1547829.966035154999736
11099124.830540354167315 1547830.264621092499692
11099124.830540354167315 1547830.563207029999648
11099125.129121083333852 1547825.487246092500396
11099125.129121083333852 1547825.785832030000352
11099125.129121083333852 1547826.084417967500308
11099125.129121083333852 1547826.383003905000264
11099125.129121083333852 1547826.681589842500220
11099125.129121083333852 1547826.980175780000176
11099125.129121083333852 1547827.278761717500132
11099125.129121083333852 1547827.577347655000088
11099125.129121083333852 1547827.875933592500044
11099125.129121083333852 1547828.174519530000000
11099125.129121083333852 1547828.473105467499956
11099125.129121083333852 1547828.771691404999912
11099125.129121083333852 1547829.070277342499868
11099125.129121083333852 1547829.368863279999824
11099125.129121083333852 1547829.667449217499780
11099125.129121083333852 1547829.966035154999736
11099125.129121083333852 1547830.264621092499692
11099125.129121083333852 1547830.563207029999648
11099125.427701812500389 1547825.487246092500396
11099125.427701812500389 1547825.785832030000352
11099125.427701812500389 1547826.084417967500308
11099125.427701812500389 1547826.383003905000264
11099125.427701812500389 1547826.681589842500220
11099125.427701812500389 1547826.980175780000176
11099125.427701812500389 1547827.278761717500132
11099125.427701812500389 1547827.577347655000088
11099125.427701812500389 1547827.875933592500044
11099125.427701812500389 1547828.174519530000000
11099125.427701812500389 1547828.473105467499956
11099125.427701812500389 1547828.771691404999912
11099125.427701812500389 1547829.070277342499868
11099125.427701812500389 1547829.368863279999824
11099125.427701812500389 1547829.667449217499780
11099125.427701812500389 1547829.966035154999736
11099125.427701812500389 1547830.264621092499692
11099125.427701812500389 1547830.563207029999648
11099125.726282541666926 1547825.487246092500396
11099125.726282541666926 1547825.785832030000352
11099125.726282541666926 1547826.084417967500308
11099125.726282541666926 1547826.383003905000264
11099125.726282541666926 1547826.681589842500220
11099125.726282541666926 1547826.980175780000176
11099125.726282541666926 1547827.278761717500132
11099125.726282541666926 1547827.577347655000088
11099125.726282541666926 1547827.875933592500044
11099125.726282541666926 1547828.174519530000000
11099125.726282541666926 1547828.473105467499956
11099125.726282541666926 1547828.771691404999912
11099125.726282541666926 1547829.070277342499868
11099125.726282541666926 1547829.368863279999824
11099125.726282541666926 1547829.667449217499780
11099125.726282541666926 1547829.966035154999736
11099125.726282541666926 1547830.264621092499692
11099125.726282541666926 1547830.563207029999648
11099126.024863270833463 1547825.487246092500396
11099126.024863270833463 1547825.785832030000352
11099126.024863270833463 1547826.084417967500308
11099126.024863270833463 1547826.383003905000264
11099126.024863270833463 1547826.681589842500220
11099126.024863270833463 1547826.980175780000176
11099126.024863270833463 1547827.278761717500132
11099126.024863270833463 1547827.577347655000088
11099126.024863270833463 1547827.875933592500044
11099126.024863270833463 1547828.174519530000000
11099126.024863270833463 1547828.473105467499956
11099126.024863270833463 1547828.771691404999912
11099126.024863270833463 1547829.070277342499868
11099126.024863270833463 1547829.368863279999824
11099126.024863270833463 1547829.667449217499780
11099126.024863270833463 1547829.966035154999736
11099126.024863270833463 1547830.264621092499692
11099126.024863270833463 1547830.563207029999648
11099126.323444000000000 1547825.487246092500396
11099126.323444000000000 1547825.785832030000352
11099126.323444000000000 1547826.084417967500308
11099126.323444000000000 1547826.383003905000264
11099126.323444000000000 1547826.681589842500220
11099126.323444000000000 1547826.980175780000176
11099126.323444000000000 1547827.278761717500132
11099126.323444000000000 1547827.577347655000088
11099126.323444000000000 1547827.875933592500044
11099126.323444000000000 1547828.174519530000000
11099126.323444000000000 1547828.473105467499956
11099126.323444000000000 1547828.771691404999912
11099126.323444000000000 1547829.070277342499868
11099126.323444000000000 1547829.368863279999824
11099126.323444000000000 1547829.667449217499780
11099126.323444000000000 1547829.966035154999736
11099126.323444000000000 1547830.264621092499692
11099126.323444000000000 1547830.563207029999648
11099126.622024729166537 1547825.487246092500396
11099126.622024729166537 1547825.785832030000352
11099126.622024729166537 1547826.084417967500308
11099126.622024729166537 1547826.383003905000264
11099126.622024729166537 1547826.681589842500220
11099126.622024729166537 1547826.980175780000176
11099126.622024729166537 1547827.278761717500132
11099126.622024729166537 1547827.577347655000088
11099126.622024729166537 1547827.875933592500044
11099126.622024729166537 1547828.174519530000000
11099126.622024729166537 1547828.473105467499956
11099126.622024729166537 1547828.771691404999912
11099126.622024729166537 1547829.070277342499868
11099126.622024729166537 1547829.368863279999824
11099126.622024729166537 1547829.667449217499780
11099126.622024729166537 1547829.966035154999736
11099126.622024729166537 1547830.264621092499692
11099126.622024729166537 1547830.563207029999648
11099126.920605458333074 1547825.487246092500396
11099126.920605458333074 1547825.785832030000352
11099126.920605458333074 1547826.084417967500308
11099126.920605458333074 1547826.383003905000264
11099126.920605458333074 1547826.681589842500220
11099126.920605458333074 1547826.980175780000176
11099126.920605458333074 1547827.278761717500132
11099126.920605458333074 1547827.577347655000088
11099126.920605458333074 1547827.875933592500044
11099126.920605458333074 1547828.174519530000000
11099126.920605458333074 1547828.473105467499956
11099126.920605458333074 1547828.771691404999912
11099126.920605458333074 1547829.070277342499868
11099126.920605458333074 1547829.368863279999824
11099126.920605458333074 1547829.667449217499780
11099126.920605458333074 1547829.966035154999736
11099126.920605458333074 1547830.264621092499692
11099126.920605458333074 1547830.563207029999648
11099127.219186187499611 1547825.487246092500396
11099127.219186187499611 1547825.785832030000352
11099127.219186187499611 1547826.084417967500308
11099127.219186187499611 1547826.383003905000264
11099127.219186187499611 1547826.681589842500220
11099127.219186187499611 1547826.980175780000176
11099127.219186187499611 1547827.278761717500132
11099127.219186187499611 1547827.577347655000088
11099127.219186187499611 1547827.875933592500044
11099127.219186187499611 1547828.174519530000000
11099127.219186187499611 1547828.473105467499956
11099127.219186187499611 1547828.771691404999912
11099127.219186187499611 1547829.070277342499868
11099127.219186187499611 1547829.368863279999824
11099127.219186187499611 1547829.667449217499780
11099127.219186187499611 1547829.966035154999736
11099127.219186187499611 1547830.264621092499692
11099127.219186187499611 1547830.563207029999648
11099127.517766916666148 1547825.487246092500396
11099127.517766916666148 1547825.785832030000352
11099127.517766916666148 1547826.084417967500308
11099127.517766916666148 1547826.383003905000264
11099127.517766916666148 1547826.681589842500220
11099127.517766916666148 1547826.980175780000176
11099127.517766916666148 1547827.278761717500132
11099127.517766916666148 1547827.577347655000088
11099127.517766916666148 1547827.875933592500044
11099127.517766916666148 1547828.174519530000000
11099127.517766916666148 1547828.473105467499956
11099127.517766916666148 1547828.771691404999912
11099127.517766916666148 1547829.070277342499868
11099127.517766916666148 1547829.368863279999824
11099127.517766916666148 1547829.667449217499780
11099127.517766916666148 1547829.966035154999736
11099127.517766916666148 1547830.264621092499692
11099127.517766916666148 1547830.563207029999648
11099127.816347645832685 1547825.487246092500396
11099127.816347645832685 1547825.785832030000352
11099127.816347645832685 1547826.084417967500308
11099127.816347645832685 1547826.383003905000264
11099127.816347645832685 1547826.681589842500220
11099127.816347645832685 1547826.980175780000176
11099127.816347645832685 1547827.278761717500132
11099127.816347645832685 1547827.577347655000088
11099127.816347645832685 1547827.875933592500044
11099127.816347645832685 1547828.174519530000000
11099127.816347645832685 1547828.473105467499956
11099127.816347645832685 1547828.771691404999912
11099127.816347645832685 1547829.070277342499868
11099127.816347645832685 1547829.368863279999824
11099127.816347645832685 1547829.667449217499780
11099127.816347645832685 1547829.966035154999736
11099127.816347645832685 1547830.264621092499692
11099127.816347645832685 1547830.563207029999648
11099128.114928374999222 1547825.487246092500396
11099128.114928374999222 1547825.785832030000352
11099128.114928374999222 1547826.084417967500308
11099128.114928374999222 1547826.383003905000264
11099128.114928374999222 1547826.681589842500220
11099128.114928374999222 1547826.980175780000176
11099128.114928374999222 1547827.278761717500132
11099128.114928374999222 1547827.577347655000088
11099128.114928374999222 1547827.875933592500044
11099128.114928374999222 1547828.174519530000000
11099128.114928374999222 1547828.473105467499956
11099128.114928374999222 1547828.771691404999912
11099128.114928374999222 1547829.070277342499868
11099128.114928374999222 1547829.368863279999824
11099128.114928374999222 1547829.667449217499780
11099128.114928374999222 1547829.966035154999736
11099128.114928374999222 1547830.264621092499692
11099128.114928374999222 1547830.563207029999648
11099128.413509104165759 1547825.487246092500396
11099128.413509104165759 1547825.785832030000352
11099128.413509104165759 1547826.084417967500308
11099128.413509104165759 1547826.383003905000264
11099128.413509104165759 1547826.681589842500220
11099128.413509104165759 1547826.980175780000176
11099128.413509104165759 1547827.278761717500132
11099128.413509104165759 1547827.577347655000088
11099128.413509104165759 1547827.875933592500044
11099128.413509104165759 1547828.174519530000000
11099128.413509104165759 1547828.473105467499956
11099128.413509104165759 1547828.771691404999912
11099128.413509104165759 1547829.070277342499868
11099128.413509104165759 1547829.368863279999824
11099128.413509104165759 1547829.667449217499780
11099128.413509104165759 1547829.966035154999736
11099128.413509104165759 1547830.264621092499692
11099128.413509104165759 1547830.563207029999648
11099128.712089833332296 1547825.487246092500396
11099128.712089833332296 1547825.785832030000352
11099128.712089833332296 1547826.084417967500308
11099128.712089833332296 1547826.383003905000264
11099128.712089833332296 1547826.681589842500220
11099128.712089833332296 1547826.980175780000176
11099128.712089833332296 1547827.278761717500132
11099128.712089833332296 1547827.577347655000088
11099128.712089833332296 1547827.875933592500044
11099128.712089833332296 1547828.174519530000000
11099128.712089833332296 1547828.473105467499956
11099128.712089833332296 1547828.771691404999912
11099128.712089833332296 1547829.070277342499868
11099128.712089833332296 1547829.368863279999824
11099128.712089833332296 1547829.667449217499780
11099128.712089833332296 1547829.966035154999736
11099128.712089833332296 1547830.264621092499692
11099128.712089833332296 1547830.563207029999648
