11099155.285774737501167 1547813.245222652500396
11099155.285774737501167 1547813.543808590000352
11099155.285774737501167 1547813.842394527500308
11099155.285774737501167 1547814.140980465000264
11099155.285774737501167 1547814.439566402500220
11099155.285774737501167 1547814.738152340000176
11099155.285774737501167 1547815.036738277500132
11099155.285774737501167 1547815.335324215000088
11099155.285774737501167 1547815.633910152500044
11099155.285774737501167 1547815.932496090000000
11099155.285774737501167 1547816.231082027499956
11099155.285774737501167 1547816.529667964999912
11099155.285774737501167 1547816.828253902499868
11099155.285774737501167 1547817.126839839999824
11099155.285774737501167 1547817.425425777499780
11099155.285774737501167 1547817.724011714999736
11099155.285774737501167 1547818.022597652499692
11099155.285774737501167 1547818.321183589999648
11099155.584355466667704 1547813.245222652500396
11099155.584355466667704 1547813.543808590000352
11099155.584355466667704 1547813.842394527500308
11099155.584355466667704 1547814.140980465000264
11099155.584355466667704 1547814.439566402500220
11099155.584355466667704 1547814.738152340000176
11099155.584355466667704 1547815.036738277500132
11099155.584355466667704 1547815.335324215000088
11099155.584355466667704 1547815.633910152500044
11099155.584355466667704 1547815.932496090000000
11099155.584355466667704 1547816.231082027499956
11099155.584355466667704 1547816.529667964999912
11099155.584355466667704 1547816.828253902499868
11099155.584355466667704 1547817.126839839999824
11099155.584355466667704 1547817.425425777499780
11099155.584355466667704 1547817.724011714999736
11099155.584355466667704 1547818.022597652499692
11099155.584355466667704 1547818.321183589999648
11099155.882936195834241 1547813.245222652500396
11099155.882936195834241 1547813.543808590000352
11099155.882936195834241 1547813.842394527500308
11099155.882936195834241 1547814.140980465000264
11099155.882936195834241 1547814.439566402500220
11099155.882936195834241 1547814.738152340000176
11099155.882936195834241 1547815.036738277500132
11099155.882936195834241 1547815.335324215000088
11099155.882936195834241 1547815.633910152500044
11099155.882936195834241 1547815.932496090000000
11099155.882936195834241 1547816.231082027499956
11099155.882936195834241 1547816.529667964999912
11099155.882936195834241 1547816.828253902499868
11099155.882936195834241 1547817.126839839999824
11099155.882936195834241 1547817.425425777499780
11099155.882936195834241 1547817.724011714999736
11099155.882936195834241 1547818.022597652499692
11099155.882936195834241 1547818.321183589999648
11099156.181516925000778 1547813.245222652500396
11099156.181516925000778 1547813.543808590000352
11099156.181516925000778 1547813.842394527500308
11099156.181516925000778 1547814.140980465000264
11099156.181516925000778 1547814.439566402500220
11099156.181516925000778 1547814.738152340000176
11099156.181516925000778 1547815.036738277500132
11099156.181516925000778 1547815.335324215000088
11099156.181516925000778 1547815.633910152500044
11099156.181516925000778 1547815.932496090000000
11099156.181516925000778 1547816.231082027499956
11099156.181516925000778 1547816.529667964999912
11099156.181516925000778 1547816.828253902499868
11099156.181516925000778 1547817.126839839999824
11099156.181516925000778 1547817.425425777499780
11099156.181516925000778 1547817.724011714999736
11099156.181516925000778 1547818.022597652499692
11099156.181516925000778 1547818.321183589999648
11099156.480097654167315 1547813.245222652500396
11099156.480097654167315 1547813.543808590000352
11099156.480097654167315 1547813.842394527500308
11099156.480097654167315 1547814.140980465000264
11099156.480097654167315 1547814.439566402500220
11099156.480097654167315 1547814.738152340000176
11099156.480097654167315 1547815.036738277500132
11099156.480097654167315 1547815.335324215000088
11099156.480097654167315 1547815.633910152500044
11099156.480097654167315 1547815.932496090000000
11099156.480097654167315 1547816.231082027499956
11099156.480097654167315 1547816.529667964999912
11099156.480097654167315 1547816.828253902499868
11099156.480097654167315 1547817.126839839999824
11099156.480097654167315 1547817.425425777499780
11099156.480097654167315 1547817.724011714999736
11099156.480097654167315 1547818.022597652499692
11099156.480097654167315 1547818.321183589999648
11099156.778678383333852 1547813.245222652500396
11099156.778678383333852 1547813.543808590000352
11099156.778678383333852 1547813.842394527500308
11099156.778678383333852 1547814.140980465000264
11099156.778678383333852 1547814.439566402500220
11099156.778678383333852 1547814.738152340000176
11099156.778678383333852 1547815.036738277500132
11099156.778678383333852 1547815.335324215000088
11099156.778678383333852 1547815.633910152500044
11099156.778678383333852 1547815.932496090000000
11099156.778678383333852 1547816.231082027499956
11099156.778678383333852 1547816.529667964999912
11099156.778678383333852 1547816.828253902499868
11099156.778678383333852 1547817.126839839999824
11099156.778678383333852 1547817.425425777499780
11099156.778678383333852 1547817.724011714999736
11099156.778678383333852 1547818.022597652499692
11099156.778678383333852 1547818.321183589999648
11099157.077259112500389 1547813.245222652500396
11099157.077259112500389 1547813.543808590000352
11099157.077259112500389 1547813.842394527500308
11099157.077259112500389 1547814.140980465000264
11099157.077259112500389 1547814.439566402500220
11099157.077259112500389 1547814.738152340000176
11099157.077259112500389 1547815.036738277500132
11099157.077259112500389 1547815.335324215000088
11099157.077259112500389 1547815.633910152500044
11099157.077259112500389 1547815.932496090000000
11099157.077259112500389 1547816.231082027499956
11099157.077259112500389 1547816.529667964999912
11099157.077259112500389 1547816.828253902499868
11099157.077259112500389 1547817.126839839999824
11099157.077259112500389 1547817.425425777499780
11099157.077259112500389 1547817.724011714999736
11099157.077259112500389 1547818.022597652499692
11099157.077259112500389 1547818.321183589999648
11099157.375839841666926 1547813.245222652500396
11099157.375839841666926 1547813.543808590000352
11099157.375839841666926 1547813.842394527500308
11099157.375839841666926 1547814.140980465000264
11099157.375839841666926 1547814.439566402500220
11099157.375839841666926 1547814.738152340000176
11099157.375839841666926 1547815.036738277500132
11099157.375839841666926 1547815.335324215000088
11099157.375839841666926 1547815.633910152500044
11099157.375839841666926 1547815.932496090000000
11099157.375839841666926 1547816.231082027499956
11099157.375839841666926 1547816.529667964999912
11099157.375839841666926 1547816.828253902499868
11099157.375839841666926 1547817.126839839999824
11099157.375839841666926 1547817.425425777499780
11099157.375839841666926 1547817.724011714999736
11099157.375839841666926 1547818.022597652499692
11099157.375839841666926 1547818.321183589999648
11099157.674420570833463 1547813.245222652500396
11099157.674420570833463 1547813.543808590000352
11099157.674420570833463 1547813.842394527500308
11099157.674420570833463 1547814.140980465000264
11099157.674420570833463 1547814.439566402500220
11099157.674420570833463 1547814.738152340000176
11099157.674420570833463 1547815.036738277500132
11099157.674420570833463 1547815.335324215000088
11099157.674420570833463 1547815.633910152500044
11099157.674420570833463 1547815.932496090000000
11099157.674420570833463 1547816.231082027499956
11099157.674420570833463 1547816.529667964999912
11099157.674420570833463 1547816.828253902499868
11099157.674420570833463 1547817.126839839999824
11099157.674420570833463 1547817.425425777499780
11099157.674420570833463 1547817.724011714999736
11099157.674420570833463 1547818.022597652499692
11099157.674420570833463 1547818.321183589999648
11099157.973001300000000 1547813.245222652500396
11099157.973001300000000 1547813.543808590000352
11099157.973001300000000 1547813.842394527500308
11099157.973001300000000 1547814.140980465000264
11099157.973001300000000 1547814.439566402500220
11099157.973001300000000 1547814.738152340000176
11099157.973001300000000 1547815.036738277500132
11099157.973001300000000 1547815.335324215000088
11099157.973001300000000 1547815.633910152500044
11099157.973001300000000 1547815.932496090000000
11099157.973001300000000 1547816.231082027499956
11099157.973001300000000 1547816.529667964999912
11099157.973001300000000 1547816.828253902499868
11099157.973001300000000 1547817.126839839999824
11099157.973001300000000 1547817.425425777499780
11099157.973001300000000 1547817.724011714999736
11099157.973001300000000 1547818.022597652499692
11099157.973001300000000 1547818.321183589999648
11099158.271582029166537 1547813.245222652500396
11099158.271582029166537 1547813.543808590000352
11099158.271582029166537 1547813.842394527500308
11099158.271582029166537 1547814.140980465000264
11099158.271582029166537 1547814.439566402500220
11099158.271582029166537 1547814.738152340000176
11099158.271582029166537 1547815.036738277500132
11099158.271582029166537 1547815.335324215000088
11099158.271582029166537 1547815.633910152500044
11099158.271582029166537 1547815.932496090000000
11099158.271582029166537 1547816.231082027499956
11099158.271582029166537 1547816.529667964999912
11099158.271582029166537 1547816.828253902499868
11099158.271582029166537 1547817.126839839999824
11099158.271582029166537 1547817.425425777499780
11099158.271582029166537 1547817.724011714999736
11099158.271582029166537 1547818.022597652499692
11099158.271582029166537 1547818.321183589999648
11099158.570162758333074 1547813.245222652500396
11099158.570162758333074 1547813.543808590000352
11099158.570162758333074 1547813.842394527500308
11099158.570162758333074 1547814.140980465000264
11099158.570162758333074 1547814.439566402500220
11099158.570162758333074 1547814.738152340000176
11099158.570162758333074 1547815.036738277500132
11099158.570162758333074 1547815.335324215000088
11099158.570162758333074 1547815.633910152500044
11099158.570162758333074 1547815.932496090000000
11099158.570162758333074 1547816.231082027499956
11099158.570162758333074 1547816.529667964999912
11099158.570162758333074 1547816.828253902499868
11099158.570162758333074 1547817.126839839999824
11099158.570162758333074 1547817.425425777499780
11099158.570162758333074 1547817.724011714999736
11099158.570162758333074 1547818.022597652499692
11099158.570162758333074 1547818.321183589999648
11099158.868743487499611 1547813.245222652500396
11099158.868743487499611 1547813.543808590000352
11099158.868743487499611 1547813.842394527500308
11099158.868743487499611 1547814.140980465000264
11099158.868743487499611 1547814.439566402500220
11099158.868743487499611 1547814.738152340000176
11099158.868743487499611 1547815.036738277500132
11099158.868743487499611 1547815.335324215000088
11099158.868743487499611 1547815.633910152500044
11099158.868743487499611 1547815.932496090000000
11099158.868743487499611 1547816.231082027499956
11099158.868743487499611 1547816.529667964999912
11099158.868743487499611 1547816.828253902499868
11099158.868743487499611 1547817.126839839999824
11099158.868743487499611 1547817.425425777499780
11099158.868743487499611 1547817.724011714999736
11099158.868743487499611 1547818.022597652499692
11099158.868743487499611 1547818.321183589999648
11099159.167324216666148 1547813.245222652500396
11099159.167324216666148 1547813.543808590000352
11099159.167324216666148 1547813.842394527500308
11099159.167324216666148 1547814.140980465000264
11099159.167324216666148 1547814.439566402500220
11099159.167324216666148 1547814.738152340000176
11099159.167324216666148 1547815.036738277500132
11099159.167324216666148 1547815.335324215000088
11099159.167324216666148 1547815.633910152500044
11099159.167324216666148 1547815.932496090000000
11099159.167324216666148 1547816.231082027499956
11099159.167324216666148 1547816.529667964999912
11099159.167324216666148 1547816.828253902499868
11099159.167324216666148 1547817.126839839999824
11099159.167324216666148 1547817.425425777499780
11099159.167324216666148 1547817.724011714999736
11099159.167324216666148 1547818.022597652499692
11099159.167324216666148 1547818.321183589999648
11099159.465904945832685 1547813.245222652500396
11099159.465904945832685 1547813.543808590000352
11099159.465904945832685 1547813.842394527500308
11099159.465904945832685 1547814.140980465000264
11099159.465904945832685 1547814.439566402500220
11099159.465904945832685 1547814.738152340000176
11099159.465904945832685 1547815.036738277500132
11099159.465904945832685 1547815.335324215000088
11099159.465904945832685 1547815.633910152500044
11099159.465904945832685 1547815.932496090000000
11099159.465904945832685 1547816.231082027499956
11099159.465904945832685 1547816.529667964999912
11099159.465904945832685 1547816.828253902499868
11099159.465904945832685 1547817.126839839999824
11099159.465904945832685 1547817.425425777499780
11099159.465904945832685 1547817.724011714999736
11099159.465904945832685 1547818.022597652499692
11099159.465904945832685 1547818.321183589999648
11099159.764485674999222 1547813.245222652500396
11099159.764485674999222 1547813.543808590000352
11099159.764485674999222 1547813.842394527500308
11099159.764485674999222 1547814.140980465000264
11099159.764485674999222 1547814.439566402500220
11099159.764485674999222 1547814.738152340000176
11099159.764485674999222 1547815.036738277500132
11099159.764485674999222 1547815.335324215000088
11099159.764485674999222 1547815.633910152500044
11099159.764485674999222 1547815.932496090000000
11099159.764485674999222 1547816.231082027499956
11099159.764485674999222 1547816.529667964999912
11099159.764485674999222 1547816.828253902499868
11099159.764485674999222 1547817.126839839999824
11099159.764485674999222 1547817.425425777499780
11099159.764485674999222 1547817.724011714999736
11099159.764485674999222 1547818.022597652499692
11099159.764485674999222 1547818.321183589999648
11099160.063066404165759 1547813.245222652500396
11099160.063066404165759 1547813.543808590000352
11099160.063066404165759 1547813.842394527500308
11099160.063066404165759 1547814.140980465000264
11099160.063066404165759 1547814.439566402500220
11099160.063066404165759 1547814.738152340000176
11099160.063066404165759 1547815.036738277500132
11099160.063066404165759 1547815.335324215000088
11099160.063066404165759 1547815.633910152500044
11099160.063066404165759 1547815.932496090000000
11099160.063066404165759 1547816.231082027499956
11099160.063066404165759 1547816.529667964999912
11099160.063066404165759 1547816.828253902499868
11099160.063066404165759 1547817.126839839999824
11099160.063066404165759 1547817.425425777499780
11099160.063066404165759 1547817.724011714999736
11099160.063066404165759 1547818.022597652499692
11099160.063066404165759 1547818.321183589999648
11099160.361647133332296 1547813.245222652500396
11099160.361647133332296 1547813.543808590000352
11099160.361647133332296 1547813.842394527500308
11099160.361647133332296 1547814.140980465000264
11099160.361647133332296 1547814.439566402500220
11099160.361647133332296 1547814.738152340000176
11099160.361647133332296 1547815.036738277500132
11099160.361647133332296 1547815.335324215000088
11099160.361647133332296 1547815.633910152500044
11099160.361647133332296 1547815.932496090000000
11099160.361647133332296 1547816.231082027499956
11099160.361647133332296 1547816.529667964999912
11099160.361647133332296 1547816.828253902499868
11099160.361647133332296 1547817.126839839999824
11099160.361647133332296 1547817.425425777499780
11099160.361647133332296 1547817.724011714999736
11099160.361647133332296 1547818.022597652499692
11099160.361647133332296 1547818.321183589999648
