11099153.195709637501167 1547810.557949222500396
11099153.195709637501167 1547810.856535160000352
11099153.195709637501167 1547811.155121097500308
11099153.195709637501167 1547811.453707035000264
11099153.195709637501167 1547811.752292972500220
11099153.195709637501167 1547812.050878910000176
11099153.195709637501167 1547812.349464847500132
11099153.195709637501167 1547812.648050785000088
11099153.195709637501167 1547812.946636722500044
11099153.195709637501167 1547813.245222660000000
11099153.195709637501167 1547813.543808597499956
11099153.195709637501167 1547813.842394534999912
11099153.195709637501167 1547814.140980472499868
11099153.195709637501167 1547814.439566409999824
11099153.195709637501167 1547814.738152347499780
11099153.195709637501167 1547815.036738284999736
11099153.195709637501167 1547815.335324222499692
11099153.195709637501167 1547815.633910159999648
11099153.494290366667704 1547810.557949222500396
11099153.494290366667704 1547810.856535160000352
11099153.494290366667704 1547811.155121097500308
11099153.494290366667704 1547811.453707035000264
11099153.494290366667704 1547811.752292972500220
11099153.494290366667704 1547812.050878910000176
11099153.494290366667704 1547812.349464847500132
11099153.494290366667704 1547812.648050785000088
11099153.494290366667704 1547812.946636722500044
11099153.494290366667704 1547813.245222660000000
11099153.494290366667704 1547813.543808597499956
11099153.494290366667704 1547813.842394534999912
11099153.494290366667704 1547814.140980472499868
11099153.494290366667704 1547814.439566409999824
11099153.494290366667704 1547814.738152347499780
11099153.494290366667704 1547815.036738284999736
11099153.494290366667704 1547815.335324222499692
11099153.494290366667704 1547815.633910159999648
11099153.792871095834241 1547810.557949222500396
11099153.792871095834241 1547810.856535160000352
11099153.792871095834241 1547811.155121097500308
11099153.792871095834241 1547811.453707035000264
11099153.792871095834241 1547811.752292972500220
11099153.792871095834241 1547812.050878910000176
11099153.792871095834241 1547812.349464847500132
11099153.792871095834241 1547812.648050785000088
11099153.792871095834241 1547812.946636722500044
11099153.792871095834241 1547813.245222660000000
11099153.792871095834241 1547813.543808597499956
11099153.792871095834241 1547813.842394534999912
11099153.792871095834241 1547814.140980472499868
11099153.792871095834241 1547814.439566409999824
11099153.792871095834241 1547814.738152347499780
11099153.792871095834241 1547815.036738284999736
11099153.792871095834241 1547815.335324222499692
11099153.792871095834241 1547815.633910159999648
11099154.091451825000778 1547810.557949222500396
11099154.091451825000778 1547810.856535160000352
11099154.091451825000778 1547811.155121097500308
11099154.091451825000778 1547811.453707035000264
11099154.091451825000778 1547811.752292972500220
11099154.091451825000778 1547812.050878910000176
11099154.091451825000778 1547812.349464847500132
11099154.091451825000778 1547812.648050785000088
11099154.091451825000778 1547812.946636722500044
11099154.091451825000778 1547813.245222660000000
11099154.091451825000778 1547813.543808597499956
11099154.091451825000778 1547813.842394534999912
11099154.091451825000778 1547814.140980472499868
11099154.091451825000778 1547814.439566409999824
11099154.091451825000778 1547814.738152347499780
11099154.091451825000778 1547815.036738284999736
11099154.091451825000778 1547815.335324222499692
11099154.091451825000778 1547815.633910159999648
11099154.390032554167315 1547810.557949222500396
11099154.390032554167315 1547810.856535160000352
11099154.390032554167315 1547811.155121097500308
11099154.390032554167315 1547811.453707035000264
11099154.390032554167315 1547811.752292972500220
11099154.390032554167315 1547812.050878910000176
11099154.390032554167315 1547812.349464847500132
11099154.390032554167315 1547812.648050785000088
11099154.390032554167315 1547812.946636722500044
11099154.390032554167315 1547813.245222660000000
11099154.390032554167315 1547813.543808597499956
11099154.390032554167315 1547813.842394534999912
11099154.390032554167315 1547814.140980472499868
11099154.390032554167315 1547814.439566409999824
11099154.390032554167315 1547814.738152347499780
11099154.390032554167315 1547815.036738284999736
11099154.390032554167315 1547815.335324222499692
11099154.390032554167315 1547815.633910159999648
11099154.688613283333852 1547810.557949222500396
11099154.688613283333852 1547810.856535160000352
11099154.688613283333852 1547811.155121097500308
11099154.688613283333852 1547811.453707035000264
11099154.688613283333852 1547811.752292972500220
11099154.688613283333852 1547812.050878910000176
11099154.688613283333852 1547812.349464847500132
11099154.688613283333852 1547812.648050785000088
11099154.688613283333852 1547812.946636722500044
11099154.688613283333852 1547813.245222660000000
11099154.688613283333852 1547813.543808597499956
11099154.688613283333852 1547813.842394534999912
11099154.688613283333852 1547814.140980472499868
11099154.688613283333852 1547814.439566409999824
11099154.688613283333852 1547814.738152347499780
11099154.688613283333852 1547815.036738284999736
11099154.688613283333852 1547815.335324222499692
11099154.688613283333852 1547815.633910159999648
11099154.987194012500389 1547810.557949222500396
11099154.987194012500389 1547810.856535160000352
11099154.987194012500389 1547811.155121097500308
11099154.987194012500389 1547811.453707035000264
11099154.987194012500389 1547811.752292972500220
11099154.987194012500389 1547812.050878910000176
11099154.987194012500389 1547812.349464847500132
11099154.987194012500389 1547812.648050785000088
11099154.987194012500389 1547812.946636722500044
11099154.987194012500389 1547813.245222660000000
11099154.987194012500389 1547813.543808597499956
11099154.987194012500389 1547813.842394534999912
11099154.987194012500389 1547814.140980472499868
11099154.987194012500389 1547814.439566409999824
11099154.987194012500389 1547814.738152347499780
11099154.987194012500389 1547815.036738284999736
11099154.987194012500389 1547815.335324222499692
11099154.987194012500389 1547815.633910159999648
11099155.285774741666926 1547810.557949222500396
11099155.285774741666926 1547810.856535160000352
11099155.285774741666926 1547811.155121097500308
11099155.285774741666926 1547811.453707035000264
11099155.285774741666926 1547811.752292972500220
11099155.285774741666926 1547812.050878910000176
11099155.285774741666926 1547812.349464847500132
11099155.285774741666926 1547812.648050785000088
11099155.285774741666926 1547812.946636722500044
11099155.285774741666926 1547813.245222660000000
11099155.285774741666926 1547813.543808597499956
11099155.285774741666926 1547813.842394534999912
11099155.285774741666926 1547814.140980472499868
11099155.285774741666926 1547814.439566409999824
11099155.285774741666926 1547814.738152347499780
11099155.285774741666926 1547815.036738284999736
11099155.285774741666926 1547815.335324222499692
11099155.285774741666926 1547815.633910159999648
11099155.584355470833463 1547810.557949222500396
11099155.584355470833463 1547810.856535160000352
11099155.584355470833463 1547811.155121097500308
11099155.584355470833463 1547811.453707035000264
11099155.584355470833463 1547811.752292972500220
11099155.584355470833463 1547812.050878910000176
11099155.584355470833463 1547812.349464847500132
11099155.584355470833463 1547812.648050785000088
11099155.584355470833463 1547812.946636722500044
11099155.584355470833463 1547813.245222660000000
11099155.584355470833463 1547813.543808597499956
11099155.584355470833463 1547813.842394534999912
11099155.584355470833463 1547814.140980472499868
11099155.584355470833463 1547814.439566409999824
11099155.584355470833463 1547814.738152347499780
11099155.584355470833463 1547815.036738284999736
11099155.584355470833463 1547815.335324222499692
11099155.584355470833463 1547815.633910159999648
11099155.882936200000000 1547810.557949222500396
11099155.882936200000000 1547810.856535160000352
11099155.882936200000000 1547811.155121097500308
11099155.882936200000000 1547811.453707035000264
11099155.882936200000000 1547811.752292972500220
11099155.882936200000000 1547812.050878910000176
11099155.882936200000000 1547812.349464847500132
11099155.882936200000000 1547812.648050785000088
11099155.882936200000000 1547812.946636722500044
11099155.882936200000000 1547813.245222660000000
11099155.882936200000000 1547813.543808597499956
11099155.882936200000000 1547813.842394534999912
11099155.882936200000000 1547814.140980472499868
11099155.882936200000000 1547814.439566409999824
11099155.882936200000000 1547814.738152347499780
11099155.882936200000000 1547815.036738284999736
11099155.882936200000000 1547815.335324222499692
11099155.882936200000000 1547815.633910159999648
11099156.181516929166537 1547810.557949222500396
11099156.181516929166537 1547810.856535160000352
11099156.181516929166537 1547811.155121097500308
11099156.181516929166537 1547811.453707035000264
11099156.181516929166537 1547811.752292972500220
11099156.181516929166537 1547812.050878910000176
11099156.181516929166537 1547812.349464847500132
11099156.181516929166537 1547812.648050785000088
11099156.181516929166537 1547812.946636722500044
11099156.181516929166537 1547813.245222660000000
11099156.181516929166537 1547813.543808597499956
11099156.181516929166537 1547813.842394534999912
11099156.181516929166537 1547814.140980472499868
11099156.181516929166537 1547814.439566409999824
11099156.181516929166537 1547814.738152347499780
11099156.181516929166537 1547815.036738284999736
11099156.181516929166537 1547815.335324222499692
11099156.181516929166537 1547815.633910159999648
11099156.480097658333074 1547810.557949222500396
11099156.480097658333074 1547810.856535160000352
11099156.480097658333074 1547811.155121097500308
11099156.480097658333074 1547811.453707035000264
11099156.480097658333074 1547811.752292972500220
11099156.480097658333074 1547812.050878910000176
11099156.480097658333074 1547812.349464847500132
11099156.480097658333074 1547812.648050785000088
11099156.480097658333074 1547812.946636722500044
11099156.480097658333074 1547813.245222660000000
11099156.480097658333074 1547813.543808597499956
11099156.480097658333074 1547813.842394534999912
11099156.480097658333074 1547814.140980472499868
11099156.480097658333074 1547814.439566409999824
11099156.480097658333074 1547814.738152347499780
11099156.480097658333074 1547815.036738284999736
11099156.480097658333074 1547815.335324222499692
11099156.480097658333074 1547815.633910159999648
11099156.778678387499611 1547810.557949222500396
11099156.778678387499611 1547810.856535160000352
11099156.778678387499611 1547811.155121097500308
11099156.778678387499611 1547811.453707035000264
11099156.778678387499611 1547811.752292972500220
11099156.778678387499611 1547812.050878910000176
11099156.778678387499611 1547812.349464847500132
11099156.778678387499611 1547812.648050785000088
11099156.778678387499611 1547812.946636722500044
11099156.778678387499611 1547813.245222660000000
11099156.778678387499611 1547813.543808597499956
11099156.778678387499611 1547813.842394534999912
11099156.778678387499611 1547814.140980472499868
11099156.778678387499611 1547814.439566409999824
11099156.778678387499611 1547814.738152347499780
11099156.778678387499611 1547815.036738284999736
11099156.778678387499611 1547815.335324222499692
11099156.778678387499611 1547815.633910159999648
11099157.077259116666148 1547810.557949222500396
11099157.077259116666148 1547810.856535160000352
11099157.077259116666148 1547811.155121097500308
11099157.077259116666148 1547811.453707035000264
11099157.077259116666148 1547811.752292972500220
11099157.077259116666148 1547812.050878910000176
11099157.077259116666148 1547812.349464847500132
11099157.077259116666148 1547812.648050785000088
11099157.077259116666148 1547812.946636722500044
11099157.077259116666148 1547813.245222660000000
11099157.077259116666148 1547813.543808597499956
11099157.077259116666148 1547813.842394534999912
11099157.077259116666148 1547814.140980472499868
11099157.077259116666148 1547814.439566409999824
11099157.077259116666148 1547814.738152347499780
11099157.077259116666148 1547815.036738284999736
11099157.077259116666148 1547815.335324222499692
11099157.077259116666148 1547815.633910159999648
11099157.375839845832685 1547810.557949222500396
11099157.375839845832685 1547810.856535160000352
11099157.375839845832685 1547811.155121097500308
11099157.375839845832685 1547811.453707035000264
11099157.375839845832685 1547811.752292972500220
11099157.375839845832685 1547812.050878910000176
11099157.375839845832685 1547812.349464847500132
11099157.375839845832685 1547812.648050785000088
11099157.375839845832685 1547812.946636722500044
11099157.375839845832685 1547813.245222660000000
11099157.375839845832685 1547813.543808597499956
11099157.375839845832685 1547813.842394534999912
11099157.375839845832685 1547814.140980472499868
11099157.375839845832685 1547814.439566409999824
11099157.375839845832685 1547814.738152347499780
11099157.375839845832685 1547815.036738284999736
11099157.375839845832685 1547815.335324222499692
11099157.375839845832685 1547815.633910159999648
11099157.674420574999222 1547810.557949222500396
11099157.674420574999222 1547810.856535160000352
11099157.674420574999222 1547811.155121097500308
11099157.674420574999222 1547811.453707035000264
11099157.674420574999222 1547811.752292972500220
11099157.674420574999222 1547812.050878910000176
11099157.674420574999222 1547812.349464847500132
11099157.674420574999222 1547812.648050785000088
11099157.674420574999222 1547812.946636722500044
11099157.674420574999222 1547813.245222660000000
11099157.674420574999222 1547813.543808597499956
11099157.674420574999222 1547813.842394534999912
11099157.674420574999222 1547814.140980472499868
11099157.674420574999222 1547814.439566409999824
11099157.674420574999222 1547814.738152347499780
11099157.674420574999222 1547815.036738284999736
11099157.674420574999222 1547815.335324222499692
11099157.674420574999222 1547815.633910159999648
11099157.973001304165759 1547810.557949222500396
11099157.973001304165759 1547810.856535160000352
11099157.973001304165759 1547811.155121097500308
11099157.973001304165759 1547811.453707035000264
11099157.973001304165759 1547811.752292972500220
11099157.973001304165759 1547812.050878910000176
11099157.973001304165759 1547812.349464847500132
11099157.973001304165759 1547812.648050785000088
11099157.973001304165759 1547812.946636722500044
11099157.973001304165759 1547813.245222660000000
11099157.973001304165759 1547813.543808597499956
11099157.973001304165759 1547813.842394534999912
11099157.973001304165759 1547814.140980472499868
11099157.973001304165759 1547814.439566409999824
11099157.973001304165759 1547814.738152347499780
11099157.973001304165759 1547815.036738284999736
11099157.973001304165759 1547815.335324222499692
11099157.973001304165759 1547815.633910159999648
11099158.271582033332296 1547810.557949222500396
11099158.271582033332296 1547810.856535160000352
11099158.271582033332296 1547811.155121097500308
11099158.271582033332296 1547811.453707035000264
11099158.271582033332296 1547811.752292972500220
11099158.271582033332296 1547812.050878910000176
11099158.271582033332296 1547812.349464847500132
11099158.271582033332296 1547812.648050785000088
11099158.271582033332296 1547812.946636722500044
11099158.271582033332296 1547813.245222660000000
11099158.271582033332296 1547813.543808597499956
11099158.271582033332296 1547813.842394534999912
11099158.271582033332296 1547814.140980472499868
11099158.271582033332296 1547814.439566409999824
11099158.271582033332296 1547814.738152347499780
11099158.271582033332296 1547815.036738284999736
11099158.271582033332296 1547815.335324222499692
11099158.271582033332296 1547815.633910159999648
