11099028.687545537501167 1547871.170894532500396
11099028.687545537501167 1547871.469480470000352
11099028.687545537501167 1547871.768066407500308
11099028.687545537501167 1547872.066652345000264
11099028.687545537501167 1547872.365238282500220
11099028.687545537501167 1547872.663824220000176
11099028.687545537501167 1547872.962410157500132
11099028.687545537501167 1547873.260996095000088
11099028.687545537501167 1547873.559582032500044
11099028.687545537501167 1547873.858167970000000
11099028.687545537501167 1547874.156753907499956
11099028.687545537501167 1547874.455339844999912
11099028.687545537501167 1547874.753925782499868
11099028.687545537501167 1547875.052511719999824
11099028.687545537501167 1547875.351097657499780
11099028.687545537501167 1547875.649683594999736
11099028.687545537501167 1547875.948269532499692
11099028.687545537501167 1547876.246855469999648
11099028.986126266667704 1547871.170894532500396
11099028.986126266667704 1547871.469480470000352
11099028.986126266667704 1547871.768066407500308
11099028.986126266667704 1547872.066652345000264
11099028.986126266667704 1547872.365238282500220
11099028.986126266667704 1547872.663824220000176
11099028.986126266667704 1547872.962410157500132
11099028.986126266667704 1547873.260996095000088
11099028.986126266667704 1547873.559582032500044
11099028.986126266667704 1547873.858167970000000
11099028.986126266667704 1547874.156753907499956
11099028.986126266667704 1547874.455339844999912
11099028.986126266667704 1547874.753925782499868
11099028.986126266667704 1547875.052511719999824
11099028.986126266667704 1547875.351097657499780
11099028.986126266667704 1547875.649683594999736
11099028.986126266667704 1547875.948269532499692
11099028.986126266667704 1547876.246855469999648
11099029.284706995834241 1547871.170894532500396
11099029.284706995834241 1547871.469480470000352
11099029.284706995834241 1547871.768066407500308
11099029.284706995834241 1547872.066652345000264
11099029.284706995834241 1547872.365238282500220
11099029.284706995834241 1547872.663824220000176
11099029.284706995834241 1547872.962410157500132
11099029.284706995834241 1547873.260996095000088
11099029.284706995834241 1547873.559582032500044
11099029.284706995834241 1547873.858167970000000
11099029.284706995834241 1547874.156753907499956
11099029.284706995834241 1547874.455339844999912
11099029.284706995834241 1547874.753925782499868
11099029.284706995834241 1547875.052511719999824
11099029.284706995834241 1547875.351097657499780
11099029.284706995834241 1547875.649683594999736
11099029.284706995834241 1547875.948269532499692
11099029.284706995834241 1547876.246855469999648
11099029.583287725000778 1547871.170894532500396
11099029.583287725000778 1547871.469480470000352
11099029.583287725000778 1547871.768066407500308
11099029.583287725000778 1547872.066652345000264
11099029.583287725000778 1547872.365238282500220
11099029.583287725000778 1547872.663824220000176
11099029.583287725000778 1547872.962410157500132
11099029.583287725000778 1547873.260996095000088
11099029.583287725000778 1547873.559582032500044
11099029.583287725000778 1547873.858167970000000
11099029.583287725000778 1547874.156753907499956
11099029.583287725000778 1547874.455339844999912
11099029.583287725000778 1547874.753925782499868
11099029.583287725000778 1547875.052511719999824
11099029.583287725000778 1547875.351097657499780
11099029.583287725000778 1547875.649683594999736
11099029.583287725000778 1547875.948269532499692
11099029.583287725000778 1547876.246855469999648
11099029.881868454167315 1547871.170894532500396
11099029.881868454167315 1547871.469480470000352
11099029.881868454167315 1547871.768066407500308
11099029.881868454167315 1547872.066652345000264
11099029.881868454167315 1547872.365238282500220
11099029.881868454167315 1547872.663824220000176
11099029.881868454167315 1547872.962410157500132
11099029.881868454167315 1547873.260996095000088
11099029.881868454167315 1547873.559582032500044
11099029.881868454167315 1547873.858167970000000
11099029.881868454167315 1547874.156753907499956
11099029.881868454167315 1547874.455339844999912
11099029.881868454167315 1547874.753925782499868
11099029.881868454167315 1547875.052511719999824
11099029.881868454167315 1547875.351097657499780
11099029.881868454167315 1547875.649683594999736
11099029.881868454167315 1547875.948269532499692
11099029.881868454167315 1547876.246855469999648
11099030.180449183333852 1547871.170894532500396
11099030.180449183333852 1547871.469480470000352
11099030.180449183333852 1547871.768066407500308
11099030.180449183333852 1547872.066652345000264
11099030.180449183333852 1547872.365238282500220
11099030.180449183333852 1547872.663824220000176
11099030.180449183333852 1547872.962410157500132
11099030.180449183333852 1547873.260996095000088
11099030.180449183333852 1547873.559582032500044
11099030.180449183333852 1547873.858167970000000
11099030.180449183333852 1547874.156753907499956
11099030.180449183333852 1547874.455339844999912
11099030.180449183333852 1547874.753925782499868
11099030.180449183333852 1547875.052511719999824
11099030.180449183333852 1547875.351097657499780
11099030.180449183333852 1547875.649683594999736
11099030.180449183333852 1547875.948269532499692
11099030.180449183333852 1547876.246855469999648
11099030.479029912500389 1547871.170894532500396
11099030.479029912500389 1547871.469480470000352
11099030.479029912500389 1547871.768066407500308
11099030.479029912500389 1547872.066652345000264
11099030.479029912500389 1547872.365238282500220
11099030.479029912500389 1547872.663824220000176
11099030.479029912500389 1547872.962410157500132
11099030.479029912500389 1547873.260996095000088
11099030.479029912500389 1547873.559582032500044
11099030.479029912500389 1547873.858167970000000
11099030.479029912500389 1547874.156753907499956
11099030.479029912500389 1547874.455339844999912
11099030.479029912500389 1547874.753925782499868
11099030.479029912500389 1547875.052511719999824
11099030.479029912500389 1547875.351097657499780
11099030.479029912500389 1547875.649683594999736
11099030.479029912500389 1547875.948269532499692
11099030.479029912500389 1547876.246855469999648
11099030.777610641666926 1547871.170894532500396
11099030.777610641666926 1547871.469480470000352
11099030.777610641666926 1547871.768066407500308
11099030.777610641666926 1547872.066652345000264
11099030.777610641666926 1547872.365238282500220
11099030.777610641666926 1547872.663824220000176
11099030.777610641666926 1547872.962410157500132
11099030.777610641666926 1547873.260996095000088
11099030.777610641666926 1547873.559582032500044
11099030.777610641666926 1547873.858167970000000
11099030.777610641666926 1547874.156753907499956
11099030.777610641666926 1547874.455339844999912
11099030.777610641666926 1547874.753925782499868
11099030.777610641666926 1547875.052511719999824
11099030.777610641666926 1547875.351097657499780
11099030.777610641666926 1547875.649683594999736
11099030.777610641666926 1547875.948269532499692
11099030.777610641666926 1547876.246855469999648
11099031.076191370833463 1547871.170894532500396
11099031.076191370833463 1547871.469480470000352
11099031.076191370833463 1547871.768066407500308
11099031.076191370833463 1547872.066652345000264
11099031.076191370833463 1547872.365238282500220
11099031.076191370833463 1547872.663824220000176
11099031.076191370833463 1547872.962410157500132
11099031.076191370833463 1547873.260996095000088
11099031.076191370833463 1547873.559582032500044
11099031.076191370833463 1547873.858167970000000
11099031.076191370833463 1547874.156753907499956
11099031.076191370833463 1547874.455339844999912
11099031.076191370833463 1547874.753925782499868
11099031.076191370833463 1547875.052511719999824
11099031.076191370833463 1547875.351097657499780
11099031.076191370833463 1547875.649683594999736
11099031.076191370833463 1547875.948269532499692
11099031.076191370833463 1547876.246855469999648
11099031.374772100000000 1547871.170894532500396
11099031.374772100000000 1547871.469480470000352
11099031.374772100000000 1547871.768066407500308
11099031.374772100000000 1547872.066652345000264
11099031.374772100000000 1547872.365238282500220
11099031.374772100000000 1547872.663824220000176
11099031.374772100000000 1547872.962410157500132
11099031.374772100000000 1547873.260996095000088
11099031.374772100000000 1547873.559582032500044
11099031.374772100000000 1547873.858167970000000
11099031.374772100000000 1547874.156753907499956
11099031.374772100000000 1547874.455339844999912
11099031.374772100000000 1547874.753925782499868
11099031.374772100000000 1547875.052511719999824
11099031.374772100000000 1547875.351097657499780
11099031.374772100000000 1547875.649683594999736
11099031.374772100000000 1547875.948269532499692
11099031.374772100000000 1547876.246855469999648
11099031.673352829166537 1547871.170894532500396
11099031.673352829166537 1547871.469480470000352
11099031.673352829166537 1547871.768066407500308
11099031.673352829166537 1547872.066652345000264
11099031.673352829166537 1547872.365238282500220
11099031.673352829166537 1547872.663824220000176
11099031.673352829166537 1547872.962410157500132
11099031.673352829166537 1547873.260996095000088
11099031.673352829166537 1547873.559582032500044
11099031.673352829166537 1547873.858167970000000
11099031.673352829166537 1547874.156753907499956
11099031.673352829166537 1547874.455339844999912
11099031.673352829166537 1547874.753925782499868
11099031.673352829166537 1547875.052511719999824
11099031.673352829166537 1547875.351097657499780
11099031.673352829166537 1547875.649683594999736
11099031.673352829166537 1547875.948269532499692
11099031.673352829166537 1547876.246855469999648
11099031.971933558333074 1547871.170894532500396
11099031.971933558333074 1547871.469480470000352
11099031.971933558333074 1547871.768066407500308
11099031.971933558333074 1547872.066652345000264
11099031.971933558333074 1547872.365238282500220
11099031.971933558333074 1547872.663824220000176
11099031.971933558333074 1547872.962410157500132
11099031.971933558333074 1547873.260996095000088
11099031.971933558333074 1547873.559582032500044
11099031.971933558333074 1547873.858167970000000
11099031.971933558333074 1547874.156753907499956
11099031.971933558333074 1547874.455339844999912
11099031.971933558333074 1547874.753925782499868
11099031.971933558333074 1547875.052511719999824
11099031.971933558333074 1547875.351097657499780
11099031.971933558333074 1547875.649683594999736
11099031.971933558333074 1547875.948269532499692
11099031.971933558333074 1547876.246855469999648
11099032.270514287499611 1547871.170894532500396
11099032.270514287499611 1547871.469480470000352
11099032.270514287499611 1547871.768066407500308
11099032.270514287499611 1547872.066652345000264
11099032.270514287499611 1547872.365238282500220
11099032.270514287499611 1547872.663824220000176
11099032.270514287499611 1547872.962410157500132
11099032.270514287499611 1547873.260996095000088
11099032.270514287499611 1547873.559582032500044
11099032.270514287499611 1547873.858167970000000
11099032.270514287499611 1547874.156753907499956
11099032.270514287499611 1547874.455339844999912
11099032.270514287499611 1547874.753925782499868
11099032.270514287499611 1547875.052511719999824
11099032.270514287499611 1547875.351097657499780
11099032.270514287499611 1547875.649683594999736
11099032.270514287499611 1547875.948269532499692
11099032.270514287499611 1547876.246855469999648
11099032.569095016666148 1547871.170894532500396
11099032.569095016666148 1547871.469480470000352
11099032.569095016666148 1547871.768066407500308
11099032.569095016666148 1547872.066652345000264
11099032.569095016666148 1547872.365238282500220
11099032.569095016666148 1547872.663824220000176
11099032.569095016666148 1547872.962410157500132
11099032.569095016666148 1547873.260996095000088
11099032.569095016666148 1547873.559582032500044
11099032.569095016666148 1547873.858167970000000
11099032.569095016666148 1547874.156753907499956
11099032.569095016666148 1547874.455339844999912
11099032.569095016666148 1547874.753925782499868
11099032.569095016666148 1547875.052511719999824
11099032.569095016666148 1547875.351097657499780
11099032.569095016666148 1547875.649683594999736
11099032.569095016666148 1547875.948269532499692
11099032.569095016666148 1547876.246855469999648
11099032.867675745832685 1547871.170894532500396
11099032.867675745832685 1547871.469480470000352
11099032.867675745832685 1547871.768066407500308
11099032.867675745832685 1547872.066652345000264
11099032.867675745832685 1547872.365238282500220
11099032.867675745832685 1547872.663824220000176
11099032.867675745832685 1547872.962410157500132
11099032.867675745832685 1547873.260996095000088
11099032.867675745832685 1547873.559582032500044
11099032.867675745832685 1547873.858167970000000
11099032.867675745832685 1547874.156753907499956
11099032.867675745832685 1547874.455339844999912
11099032.867675745832685 1547874.753925782499868
11099032.867675745832685 1547875.052511719999824
11099032.867675745832685 1547875.351097657499780
11099032.867675745832685 1547875.649683594999736
11099032.867675745832685 1547875.948269532499692
11099032.867675745832685 1547876.246855469999648
11099033.166256474999222 1547871.170894532500396
11099033.166256474999222 1547871.469480470000352
11099033.166256474999222 1547871.768066407500308
11099033.166256474999222 1547872.066652345000264
11099033.166256474999222 1547872.365238282500220
11099033.166256474999222 1547872.663824220000176
11099033.166256474999222 1547872.962410157500132
11099033.166256474999222 1547873.260996095000088
11099033.166256474999222 1547873.559582032500044
11099033.166256474999222 1547873.858167970000000
11099033.166256474999222 1547874.156753907499956
11099033.166256474999222 1547874.455339844999912
11099033.166256474999222 1547874.753925782499868
11099033.166256474999222 1547875.052511719999824
11099033.166256474999222 1547875.351097657499780
11099033.166256474999222 1547875.649683594999736
11099033.166256474999222 1547875.948269532499692
11099033.166256474999222 1547876.246855469999648
11099033.464837204165759 1547871.170894532500396
11099033.464837204165759 1547871.469480470000352
11099033.464837204165759 1547871.768066407500308
11099033.464837204165759 1547872.066652345000264
11099033.464837204165759 1547872.365238282500220
11099033.464837204165759 1547872.663824220000176
11099033.464837204165759 1547872.962410157500132
11099033.464837204165759 1547873.260996095000088
11099033.464837204165759 1547873.559582032500044
11099033.464837204165759 1547873.858167970000000
11099033.464837204165759 1547874.156753907499956
11099033.464837204165759 1547874.455339844999912
11099033.464837204165759 1547874.753925782499868
11099033.464837204165759 1547875.052511719999824
11099033.464837204165759 1547875.351097657499780
11099033.464837204165759 1547875.649683594999736
11099033.464837204165759 1547875.948269532499692
11099033.464837204165759 1547876.246855469999648
11099033.763417933332296 1547871.170894532500396
11099033.763417933332296 1547871.469480470000352
11099033.763417933332296 1547871.768066407500308
11099033.763417933332296 1547872.066652345000264
11099033.763417933332296 1547872.365238282500220
11099033.763417933332296 1547872.663824220000176
11099033.763417933332296 1547872.962410157500132
11099033.763417933332296 1547873.260996095000088
11099033.763417933332296 1547873.559582032500044
11099033.763417933332296 1547873.858167970000000
11099033.763417933332296 1547874.156753907499956
11099033.763417933332296 1547874.455339844999912
11099033.763417933332296 1547874.753925782499868
11099033.763417933332296 1547875.052511719999824
11099033.763417933332296 1547875.351097657499780
11099033.763417933332296 1547875.649683594999736
11099033.763417933332296 1547875.948269532499692
11099033.763417933332296 1547876.246855469999648
