11098994.350761737501167 1547738.300152342500396
11098994.350761737501167 1547738.598738280000352
11098994.350761737501167 1547738.897324217500308
11098994.350761737501167 1547739.195910155000264
11098994.350761737501167 1547739.494496092500220
11098994.350761737501167 1547739.793082030000176
11098994.350761737501167 1547740.091667967500132
11098994.350761737501167 1547740.390253905000088
11098994.350761737501167 1547740.688839842500044
11098994.350761737501167 1547740.987425780000000
11098994.350761737501167 1547741.286011717499956
11098994.350761737501167 1547741.584597654999912
11098994.350761737501167 1547741.883183592499868
11098994.350761737501167 1547742.181769529999824
11098994.350761737501167 1547742.480355467499780
11098994.350761737501167 1547742.778941404999736
11098994.350761737501167 1547743.077527342499692
11098994.350761737501167 1547743.376113279999648
11098994.649342466667704 1547738.300152342500396
11098994.649342466667704 1547738.598738280000352
11098994.649342466667704 1547738.897324217500308
11098994.649342466667704 1547739.195910155000264
11098994.649342466667704 1547739.494496092500220
11098994.649342466667704 1547739.793082030000176
11098994.649342466667704 1547740.091667967500132
11098994.649342466667704 1547740.390253905000088
11098994.649342466667704 1547740.688839842500044
11098994.649342466667704 1547740.987425780000000
11098994.649342466667704 1547741.286011717499956
11098994.649342466667704 1547741.584597654999912
11098994.649342466667704 1547741.883183592499868
11098994.649342466667704 1547742.181769529999824
11098994.649342466667704 1547742.480355467499780
11098994.649342466667704 1547742.778941404999736
11098994.649342466667704 1547743.077527342499692
11098994.649342466667704 1547743.376113279999648
11098994.947923195834241 1547738.300152342500396
11098994.947923195834241 1547738.598738280000352
11098994.947923195834241 1547738.897324217500308
11098994.947923195834241 1547739.195910155000264
11098994.947923195834241 1547739.494496092500220
11098994.947923195834241 1547739.793082030000176
11098994.947923195834241 1547740.091667967500132
11098994.947923195834241 1547740.390253905000088
11098994.947923195834241 1547740.688839842500044
11098994.947923195834241 1547740.987425780000000
11098994.947923195834241 1547741.286011717499956
11098994.947923195834241 1547741.584597654999912
11098994.947923195834241 1547741.883183592499868
11098994.947923195834241 1547742.181769529999824
11098994.947923195834241 1547742.480355467499780
11098994.947923195834241 1547742.778941404999736
11098994.947923195834241 1547743.077527342499692
11098994.947923195834241 1547743.376113279999648
11098995.246503925000778 1547738.300152342500396
11098995.246503925000778 1547738.598738280000352
11098995.246503925000778 1547738.897324217500308
11098995.246503925000778 1547739.195910155000264
11098995.246503925000778 1547739.494496092500220
11098995.246503925000778 1547739.793082030000176
11098995.246503925000778 1547740.091667967500132
11098995.246503925000778 1547740.390253905000088
11098995.246503925000778 1547740.688839842500044
11098995.246503925000778 1547740.987425780000000
11098995.246503925000778 1547741.286011717499956
11098995.246503925000778 1547741.584597654999912
11098995.246503925000778 1547741.883183592499868
11098995.246503925000778 1547742.181769529999824
11098995.246503925000778 1547742.480355467499780
11098995.246503925000778 1547742.778941404999736
11098995.246503925000778 1547743.077527342499692
11098995.246503925000778 1547743.376113279999648
11098995.545084654167315 1547738.300152342500396
11098995.545084654167315 1547738.598738280000352
11098995.545084654167315 1547738.897324217500308
11098995.545084654167315 1547739.195910155000264
11098995.545084654167315 1547739.494496092500220
11098995.545084654167315 1547739.793082030000176
11098995.545084654167315 1547740.091667967500132
11098995.545084654167315 1547740.390253905000088
11098995.545084654167315 1547740.688839842500044
11098995.545084654167315 1547740.987425780000000
11098995.545084654167315 1547741.286011717499956
11098995.545084654167315 1547741.584597654999912
11098995.545084654167315 1547741.883183592499868
11098995.545084654167315 1547742.181769529999824
11098995.545084654167315 1547742.480355467499780
11098995.545084654167315 1547742.778941404999736
11098995.545084654167315 1547743.077527342499692
11098995.545084654167315 1547743.376113279999648
11098995.843665383333852 1547738.300152342500396
11098995.843665383333852 1547738.598738280000352
11098995.843665383333852 1547738.897324217500308
11098995.843665383333852 1547739.195910155000264
11098995.843665383333852 1547739.494496092500220
11098995.843665383333852 1547739.793082030000176
11098995.843665383333852 1547740.091667967500132
11098995.843665383333852 1547740.390253905000088
11098995.843665383333852 1547740.688839842500044
11098995.843665383333852 1547740.987425780000000
11098995.843665383333852 1547741.286011717499956
11098995.843665383333852 1547741.584597654999912
11098995.843665383333852 1547741.883183592499868
11098995.843665383333852 1547742.181769529999824
11098995.843665383333852 1547742.480355467499780
11098995.843665383333852 1547742.778941404999736
11098995.843665383333852 1547743.077527342499692
11098995.843665383333852 1547743.376113279999648
11098996.142246112500389 1547738.300152342500396
11098996.142246112500389 1547738.598738280000352
11098996.142246112500389 1547738.897324217500308
11098996.142246112500389 1547739.195910155000264
11098996.142246112500389 1547739.494496092500220
11098996.142246112500389 1547739.793082030000176
11098996.142246112500389 1547740.091667967500132
11098996.142246112500389 1547740.390253905000088
11098996.142246112500389 1547740.688839842500044
11098996.142246112500389 1547740.987425780000000
11098996.142246112500389 1547741.286011717499956
11098996.142246112500389 1547741.584597654999912
11098996.142246112500389 1547741.883183592499868
11098996.142246112500389 1547742.181769529999824
11098996.142246112500389 1547742.480355467499780
11098996.142246112500389 1547742.778941404999736
11098996.142246112500389 1547743.077527342499692
11098996.142246112500389 1547743.376113279999648
11098996.440826841666926 1547738.300152342500396
11098996.440826841666926 1547738.598738280000352
11098996.440826841666926 1547738.897324217500308
11098996.440826841666926 1547739.195910155000264
11098996.440826841666926 1547739.494496092500220
11098996.440826841666926 1547739.793082030000176
11098996.440826841666926 1547740.091667967500132
11098996.440826841666926 1547740.390253905000088
11098996.440826841666926 1547740.688839842500044
11098996.440826841666926 1547740.987425780000000
11098996.440826841666926 1547741.286011717499956
11098996.440826841666926 1547741.584597654999912
11098996.440826841666926 1547741.883183592499868
11098996.440826841666926 1547742.181769529999824
11098996.440826841666926 1547742.480355467499780
11098996.440826841666926 1547742.778941404999736
11098996.440826841666926 1547743.077527342499692
11098996.440826841666926 1547743.376113279999648
11098996.739407570833463 1547738.300152342500396
11098996.739407570833463 1547738.598738280000352
11098996.739407570833463 1547738.897324217500308
11098996.739407570833463 1547739.195910155000264
11098996.739407570833463 1547739.494496092500220
11098996.739407570833463 1547739.793082030000176
11098996.739407570833463 1547740.091667967500132
11098996.739407570833463 1547740.390253905000088
11098996.739407570833463 1547740.688839842500044
11098996.739407570833463 1547740.987425780000000
11098996.739407570833463 1547741.286011717499956
11098996.739407570833463 1547741.584597654999912
11098996.739407570833463 1547741.883183592499868
11098996.739407570833463 1547742.181769529999824
11098996.739407570833463 1547742.480355467499780
11098996.739407570833463 1547742.778941404999736
11098996.739407570833463 1547743.077527342499692
11098996.739407570833463 1547743.376113279999648
11098997.037988300000000 1547738.300152342500396
11098997.037988300000000 1547738.598738280000352
11098997.037988300000000 1547738.897324217500308
11098997.037988300000000 1547739.195910155000264
11098997.037988300000000 1547739.494496092500220
11098997.037988300000000 1547739.793082030000176
11098997.037988300000000 1547740.091667967500132
11098997.037988300000000 1547740.390253905000088
11098997.037988300000000 1547740.688839842500044
11098997.037988300000000 1547740.987425780000000
11098997.037988300000000 1547741.286011717499956
11098997.037988300000000 1547741.584597654999912
11098997.037988300000000 1547741.883183592499868
11098997.037988300000000 1547742.181769529999824
11098997.037988300000000 1547742.480355467499780
11098997.037988300000000 1547742.778941404999736
11098997.037988300000000 1547743.077527342499692
11098997.037988300000000 1547743.376113279999648
11098997.336569029166537 1547738.300152342500396
11098997.336569029166537 1547738.598738280000352
11098997.336569029166537 1547738.897324217500308
11098997.336569029166537 1547739.195910155000264
11098997.336569029166537 1547739.494496092500220
11098997.336569029166537 1547739.793082030000176
11098997.336569029166537 1547740.091667967500132
11098997.336569029166537 1547740.390253905000088
11098997.336569029166537 1547740.688839842500044
11098997.336569029166537 1547740.987425780000000
11098997.336569029166537 1547741.286011717499956
11098997.336569029166537 1547741.584597654999912
11098997.336569029166537 1547741.883183592499868
11098997.336569029166537 1547742.181769529999824
11098997.336569029166537 1547742.480355467499780
11098997.336569029166537 1547742.778941404999736
11098997.336569029166537 1547743.077527342499692
11098997.336569029166537 1547743.376113279999648
11098997.635149758333074 1547738.300152342500396
11098997.635149758333074 1547738.598738280000352
11098997.635149758333074 1547738.897324217500308
11098997.635149758333074 1547739.195910155000264
11098997.635149758333074 1547739.494496092500220
11098997.635149758333074 1547739.793082030000176
11098997.635149758333074 1547740.091667967500132
11098997.635149758333074 1547740.390253905000088
11098997.635149758333074 1547740.688839842500044
11098997.635149758333074 1547740.987425780000000
11098997.635149758333074 1547741.286011717499956
11098997.635149758333074 1547741.584597654999912
11098997.635149758333074 1547741.883183592499868
11098997.635149758333074 1547742.181769529999824
11098997.635149758333074 1547742.480355467499780
11098997.635149758333074 1547742.778941404999736
11098997.635149758333074 1547743.077527342499692
11098997.635149758333074 1547743.376113279999648
11098997.933730487499611 1547738.300152342500396
11098997.933730487499611 1547738.598738280000352
11098997.933730487499611 1547738.897324217500308
11098997.933730487499611 1547739.195910155000264
11098997.933730487499611 1547739.494496092500220
11098997.933730487499611 1547739.793082030000176
11098997.933730487499611 1547740.091667967500132
11098997.933730487499611 1547740.390253905000088
11098997.933730487499611 1547740.688839842500044
11098997.933730487499611 1547740.987425780000000
11098997.933730487499611 1547741.286011717499956
11098997.933730487499611 1547741.584597654999912
11098997.933730487499611 1547741.883183592499868
11098997.933730487499611 1547742.181769529999824
11098997.933730487499611 1547742.480355467499780
11098997.933730487499611 1547742.778941404999736
11098997.933730487499611 1547743.077527342499692
11098997.933730487499611 1547743.376113279999648
11098998.232311216666148 1547738.300152342500396
11098998.232311216666148 1547738.598738280000352
11098998.232311216666148 1547738.897324217500308
11098998.232311216666148 1547739.195910155000264
11098998.232311216666148 1547739.494496092500220
11098998.232311216666148 1547739.793082030000176
11098998.232311216666148 1547740.091667967500132
11098998.232311216666148 1547740.390253905000088
11098998.232311216666148 1547740.688839842500044
11098998.232311216666148 1547740.987425780000000
11098998.232311216666148 1547741.286011717499956
11098998.232311216666148 1547741.584597654999912
11098998.232311216666148 1547741.883183592499868
11098998.232311216666148 1547742.181769529999824
11098998.232311216666148 1547742.480355467499780
11098998.232311216666148 1547742.778941404999736
11098998.232311216666148 1547743.077527342499692
11098998.232311216666148 1547743.376113279999648
11098998.530891945832685 1547738.300152342500396
11098998.530891945832685 1547738.598738280000352
11098998.530891945832685 1547738.897324217500308
11098998.530891945832685 1547739.195910155000264
11098998.530891945832685 1547739.494496092500220
11098998.530891945832685 1547739.793082030000176
11098998.530891945832685 1547740.091667967500132
11098998.530891945832685 1547740.390253905000088
11098998.530891945832685 1547740.688839842500044
11098998.530891945832685 1547740.987425780000000
11098998.530891945832685 1547741.286011717499956
11098998.530891945832685 1547741.584597654999912
11098998.530891945832685 1547741.883183592499868
11098998.530891945832685 1547742.181769529999824
11098998.530891945832685 1547742.480355467499780
11098998.530891945832685 1547742.778941404999736
11098998.530891945832685 1547743.077527342499692
11098998.530891945832685 1547743.376113279999648
11098998.829472674999222 1547738.300152342500396
11098998.829472674999222 1547738.598738280000352
11098998.829472674999222 1547738.897324217500308
11098998.829472674999222 1547739.195910155000264
11098998.829472674999222 1547739.494496092500220
11098998.829472674999222 1547739.793082030000176
11098998.829472674999222 1547740.091667967500132
11098998.829472674999222 1547740.390253905000088
11098998.829472674999222 1547740.688839842500044
11098998.829472674999222 1547740.987425780000000
11098998.829472674999222 1547741.286011717499956
11098998.829472674999222 1547741.584597654999912
11098998.829472674999222 1547741.883183592499868
11098998.829472674999222 1547742.181769529999824
11098998.829472674999222 1547742.480355467499780
11098998.829472674999222 1547742.778941404999736
11098998.829472674999222 1547743.077527342499692
11098998.829472674999222 1547743.376113279999648
11098999.128053404165759 1547738.300152342500396
11098999.128053404165759 1547738.598738280000352
11098999.128053404165759 1547738.897324217500308
11098999.128053404165759 1547739.195910155000264
11098999.128053404165759 1547739.494496092500220
11098999.128053404165759 1547739.793082030000176
11098999.128053404165759 1547740.091667967500132
11098999.128053404165759 1547740.390253905000088
11098999.128053404165759 1547740.688839842500044
11098999.128053404165759 1547740.987425780000000
11098999.128053404165759 1547741.286011717499956
11098999.128053404165759 1547741.584597654999912
11098999.128053404165759 1547741.883183592499868
11098999.128053404165759 1547742.181769529999824
11098999.128053404165759 1547742.480355467499780
11098999.128053404165759 1547742.778941404999736
11098999.128053404165759 1547743.077527342499692
11098999.128053404165759 1547743.376113279999648
11098999.426634133332296 1547738.300152342500396
11098999.426634133332296 1547738.598738280000352
11098999.426634133332296 1547738.897324217500308
11098999.426634133332296 1547739.195910155000264
11098999.426634133332296 1547739.494496092500220
11098999.426634133332296 1547739.793082030000176
11098999.426634133332296 1547740.091667967500132
11098999.426634133332296 1547740.390253905000088
11098999.426634133332296 1547740.688839842500044
11098999.426634133332296 1547740.987425780000000
11098999.426634133332296 1547741.286011717499956
11098999.426634133332296 1547741.584597654999912
11098999.426634133332296 1547741.883183592499868
11098999.426634133332296 1547742.181769529999824
11098999.426634133332296 1547742.480355467499780
11098999.426634133332296 1547742.778941404999736
11098999.426634133332296 1547743.077527342499692
11098999.426634133332296 1547743.376113279999648
