11098825.652649737501167 1547793.837136722500396
11098825.652649737501167 1547794.135722660000352
11098825.652649737501167 1547794.434308597500308
11098825.652649737501167 1547794.732894535000264
11098825.652649737501167 1547795.031480472500220
11098825.652649737501167 1547795.330066410000176
11098825.652649737501167 1547795.628652347500132
11098825.652649737501167 1547795.927238285000088
11098825.652649737501167 1547796.225824222500044
11098825.652649737501167 1547796.524410160000000
11098825.652649737501167 1547796.822996097499956
11098825.652649737501167 1547797.121582034999912
11098825.652649737501167 1547797.420167972499868
11098825.652649737501167 1547797.718753909999824
11098825.652649737501167 1547798.017339847499780
11098825.652649737501167 1547798.315925784999736
11098825.652649737501167 1547798.614511722499692
11098825.652649737501167 1547798.913097659999648
11098825.951230466667704 1547793.837136722500396
11098825.951230466667704 1547794.135722660000352
11098825.951230466667704 1547794.434308597500308
11098825.951230466667704 1547794.732894535000264
11098825.951230466667704 1547795.031480472500220
11098825.951230466667704 1547795.330066410000176
11098825.951230466667704 1547795.628652347500132
11098825.951230466667704 1547795.927238285000088
11098825.951230466667704 1547796.225824222500044
11098825.951230466667704 1547796.524410160000000
11098825.951230466667704 1547796.822996097499956
11098825.951230466667704 1547797.121582034999912
11098825.951230466667704 1547797.420167972499868
11098825.951230466667704 1547797.718753909999824
11098825.951230466667704 1547798.017339847499780
11098825.951230466667704 1547798.315925784999736
11098825.951230466667704 1547798.614511722499692
11098825.951230466667704 1547798.913097659999648
11098826.249811195834241 1547793.837136722500396
11098826.249811195834241 1547794.135722660000352
11098826.249811195834241 1547794.434308597500308
11098826.249811195834241 1547794.732894535000264
11098826.249811195834241 1547795.031480472500220
11098826.249811195834241 1547795.330066410000176
11098826.249811195834241 1547795.628652347500132
11098826.249811195834241 1547795.927238285000088
11098826.249811195834241 1547796.225824222500044
11098826.249811195834241 1547796.524410160000000
11098826.249811195834241 1547796.822996097499956
11098826.249811195834241 1547797.121582034999912
11098826.249811195834241 1547797.420167972499868
11098826.249811195834241 1547797.718753909999824
11098826.249811195834241 1547798.017339847499780
11098826.249811195834241 1547798.315925784999736
11098826.249811195834241 1547798.614511722499692
11098826.249811195834241 1547798.913097659999648
11098826.548391925000778 1547793.837136722500396
11098826.548391925000778 1547794.135722660000352
11098826.548391925000778 1547794.434308597500308
11098826.548391925000778 1547794.732894535000264
11098826.548391925000778 1547795.031480472500220
11098826.548391925000778 1547795.330066410000176
11098826.548391925000778 1547795.628652347500132
11098826.548391925000778 1547795.927238285000088
11098826.548391925000778 1547796.225824222500044
11098826.548391925000778 1547796.524410160000000
11098826.548391925000778 1547796.822996097499956
11098826.548391925000778 1547797.121582034999912
11098826.548391925000778 1547797.420167972499868
11098826.548391925000778 1547797.718753909999824
11098826.548391925000778 1547798.017339847499780
11098826.548391925000778 1547798.315925784999736
11098826.548391925000778 1547798.614511722499692
11098826.548391925000778 1547798.913097659999648
11098826.846972654167315 1547793.837136722500396
11098826.846972654167315 1547794.135722660000352
11098826.846972654167315 1547794.434308597500308
11098826.846972654167315 1547794.732894535000264
11098826.846972654167315 1547795.031480472500220
11098826.846972654167315 1547795.330066410000176
11098826.846972654167315 1547795.628652347500132
11098826.846972654167315 1547795.927238285000088
11098826.846972654167315 1547796.225824222500044
11098826.846972654167315 1547796.524410160000000
11098826.846972654167315 1547796.822996097499956
11098826.846972654167315 1547797.121582034999912
11098826.846972654167315 1547797.420167972499868
11098826.846972654167315 1547797.718753909999824
11098826.846972654167315 1547798.017339847499780
11098826.846972654167315 1547798.315925784999736
11098826.846972654167315 1547798.614511722499692
11098826.846972654167315 1547798.913097659999648
11098827.145553383333852 1547793.837136722500396
11098827.145553383333852 1547794.135722660000352
11098827.145553383333852 1547794.434308597500308
11098827.145553383333852 1547794.732894535000264
11098827.145553383333852 1547795.031480472500220
11098827.145553383333852 1547795.330066410000176
11098827.145553383333852 1547795.628652347500132
11098827.145553383333852 1547795.927238285000088
11098827.145553383333852 1547796.225824222500044
11098827.145553383333852 1547796.524410160000000
11098827.145553383333852 1547796.822996097499956
11098827.145553383333852 1547797.121582034999912
11098827.145553383333852 1547797.420167972499868
11098827.145553383333852 1547797.718753909999824
11098827.145553383333852 1547798.017339847499780
11098827.145553383333852 1547798.315925784999736
11098827.145553383333852 1547798.614511722499692
11098827.145553383333852 1547798.913097659999648
11098827.444134112500389 1547793.837136722500396
11098827.444134112500389 1547794.135722660000352
11098827.444134112500389 1547794.434308597500308
11098827.444134112500389 1547794.732894535000264
11098827.444134112500389 1547795.031480472500220
11098827.444134112500389 1547795.330066410000176
11098827.444134112500389 1547795.628652347500132
11098827.444134112500389 1547795.927238285000088
11098827.444134112500389 1547796.225824222500044
11098827.444134112500389 1547796.524410160000000
11098827.444134112500389 1547796.822996097499956
11098827.444134112500389 1547797.121582034999912
11098827.444134112500389 1547797.420167972499868
11098827.444134112500389 1547797.718753909999824
11098827.444134112500389 1547798.017339847499780
11098827.444134112500389 1547798.315925784999736
11098827.444134112500389 1547798.614511722499692
11098827.444134112500389 1547798.913097659999648
11098827.742714841666926 1547793.837136722500396
11098827.742714841666926 1547794.135722660000352
11098827.742714841666926 1547794.434308597500308
11098827.742714841666926 1547794.732894535000264
11098827.742714841666926 1547795.031480472500220
11098827.742714841666926 1547795.330066410000176
11098827.742714841666926 1547795.628652347500132
11098827.742714841666926 1547795.927238285000088
11098827.742714841666926 1547796.225824222500044
11098827.742714841666926 1547796.524410160000000
11098827.742714841666926 1547796.822996097499956
11098827.742714841666926 1547797.121582034999912
11098827.742714841666926 1547797.420167972499868
11098827.742714841666926 1547797.718753909999824
11098827.742714841666926 1547798.017339847499780
11098827.742714841666926 1547798.315925784999736
11098827.742714841666926 1547798.614511722499692
11098827.742714841666926 1547798.913097659999648
11098828.041295570833463 1547793.837136722500396
11098828.041295570833463 1547794.135722660000352
11098828.041295570833463 1547794.434308597500308
11098828.041295570833463 1547794.732894535000264
11098828.041295570833463 1547795.031480472500220
11098828.041295570833463 1547795.330066410000176
11098828.041295570833463 1547795.628652347500132
11098828.041295570833463 1547795.927238285000088
11098828.041295570833463 1547796.225824222500044
11098828.041295570833463 1547796.524410160000000
11098828.041295570833463 1547796.822996097499956
11098828.041295570833463 1547797.121582034999912
11098828.041295570833463 1547797.420167972499868
11098828.041295570833463 1547797.718753909999824
11098828.041295570833463 1547798.017339847499780
11098828.041295570833463 1547798.315925784999736
11098828.041295570833463 1547798.614511722499692
11098828.041295570833463 1547798.913097659999648
11098828.339876300000000 1547793.837136722500396
11098828.339876300000000 1547794.135722660000352
11098828.339876300000000 1547794.434308597500308
11098828.339876300000000 1547794.732894535000264
11098828.339876300000000 1547795.031480472500220
11098828.339876300000000 1547795.330066410000176
11098828.339876300000000 1547795.628652347500132
11098828.339876300000000 1547795.927238285000088
11098828.339876300000000 1547796.225824222500044
11098828.339876300000000 1547796.524410160000000
11098828.339876300000000 1547796.822996097499956
11098828.339876300000000 1547797.121582034999912
11098828.339876300000000 1547797.420167972499868
11098828.339876300000000 1547797.718753909999824
11098828.339876300000000 1547798.017339847499780
11098828.339876300000000 1547798.315925784999736
11098828.339876300000000 1547798.614511722499692
11098828.339876300000000 1547798.913097659999648
11098828.638457029166537 1547793.837136722500396
11098828.638457029166537 1547794.135722660000352
11098828.638457029166537 1547794.434308597500308
11098828.638457029166537 1547794.732894535000264
11098828.638457029166537 1547795.031480472500220
11098828.638457029166537 1547795.330066410000176
11098828.638457029166537 1547795.628652347500132
11098828.638457029166537 1547795.927238285000088
11098828.638457029166537 1547796.225824222500044
11098828.638457029166537 1547796.524410160000000
11098828.638457029166537 1547796.822996097499956
11098828.638457029166537 1547797.121582034999912
11098828.638457029166537 1547797.420167972499868
11098828.638457029166537 1547797.718753909999824
11098828.638457029166537 1547798.017339847499780
11098828.638457029166537 1547798.315925784999736
11098828.638457029166537 1547798.614511722499692
11098828.638457029166537 1547798.913097659999648
11098828.937037758333074 1547793.837136722500396
11098828.937037758333074 1547794.135722660000352
11098828.937037758333074 1547794.434308597500308
11098828.937037758333074 1547794.732894535000264
11098828.937037758333074 1547795.031480472500220
11098828.937037758333074 1547795.330066410000176
11098828.937037758333074 1547795.628652347500132
11098828.937037758333074 1547795.927238285000088
11098828.937037758333074 1547796.225824222500044
11098828.937037758333074 1547796.524410160000000
11098828.937037758333074 1547796.822996097499956
11098828.937037758333074 1547797.121582034999912
11098828.937037758333074 1547797.420167972499868
11098828.937037758333074 1547797.718753909999824
11098828.937037758333074 1547798.017339847499780
11098828.937037758333074 1547798.315925784999736
11098828.937037758333074 1547798.614511722499692
11098828.937037758333074 1547798.913097659999648
11098829.235618487499611 1547793.837136722500396
11098829.235618487499611 1547794.135722660000352
11098829.235618487499611 1547794.434308597500308
11098829.235618487499611 1547794.732894535000264
11098829.235618487499611 1547795.031480472500220
11098829.235618487499611 1547795.330066410000176
11098829.235618487499611 1547795.628652347500132
11098829.235618487499611 1547795.927238285000088
11098829.235618487499611 1547796.225824222500044
11098829.235618487499611 1547796.524410160000000
11098829.235618487499611 1547796.822996097499956
11098829.235618487499611 1547797.121582034999912
11098829.235618487499611 1547797.420167972499868
11098829.235618487499611 1547797.718753909999824
11098829.235618487499611 1547798.017339847499780
11098829.235618487499611 1547798.315925784999736
11098829.235618487499611 1547798.614511722499692
11098829.235618487499611 1547798.913097659999648
11098829.534199216666148 1547793.837136722500396
11098829.534199216666148 1547794.135722660000352
11098829.534199216666148 1547794.434308597500308
11098829.534199216666148 1547794.732894535000264
11098829.534199216666148 1547795.031480472500220
11098829.534199216666148 1547795.330066410000176
11098829.534199216666148 1547795.628652347500132
11098829.534199216666148 1547795.927238285000088
11098829.534199216666148 1547796.225824222500044
11098829.534199216666148 1547796.524410160000000
11098829.534199216666148 1547796.822996097499956
11098829.534199216666148 1547797.121582034999912
11098829.534199216666148 1547797.420167972499868
11098829.534199216666148 1547797.718753909999824
11098829.534199216666148 1547798.017339847499780
11098829.534199216666148 1547798.315925784999736
11098829.534199216666148 1547798.614511722499692
11098829.534199216666148 1547798.913097659999648
11098829.832779945832685 1547793.837136722500396
11098829.832779945832685 1547794.135722660000352
11098829.832779945832685 1547794.434308597500308
11098829.832779945832685 1547794.732894535000264
11098829.832779945832685 1547795.031480472500220
11098829.832779945832685 1547795.330066410000176
11098829.832779945832685 1547795.628652347500132
11098829.832779945832685 1547795.927238285000088
11098829.832779945832685 1547796.225824222500044
11098829.832779945832685 1547796.524410160000000
11098829.832779945832685 1547796.822996097499956
11098829.832779945832685 1547797.121582034999912
11098829.832779945832685 1547797.420167972499868
11098829.832779945832685 1547797.718753909999824
11098829.832779945832685 1547798.017339847499780
11098829.832779945832685 1547798.315925784999736
11098829.832779945832685 1547798.614511722499692
11098829.832779945832685 1547798.913097659999648
11098830.131360674999222 1547793.837136722500396
11098830.131360674999222 1547794.135722660000352
11098830.131360674999222 1547794.434308597500308
11098830.131360674999222 1547794.732894535000264
11098830.131360674999222 1547795.031480472500220
11098830.131360674999222 1547795.330066410000176
11098830.131360674999222 1547795.628652347500132
11098830.131360674999222 1547795.927238285000088
11098830.131360674999222 1547796.225824222500044
11098830.131360674999222 1547796.524410160000000
11098830.131360674999222 1547796.822996097499956
11098830.131360674999222 1547797.121582034999912
11098830.131360674999222 1547797.420167972499868
11098830.131360674999222 1547797.718753909999824
11098830.131360674999222 1547798.017339847499780
11098830.131360674999222 1547798.315925784999736
11098830.131360674999222 1547798.614511722499692
11098830.131360674999222 1547798.913097659999648
11098830.429941404165759 1547793.837136722500396
11098830.429941404165759 1547794.135722660000352
11098830.429941404165759 1547794.434308597500308
11098830.429941404165759 1547794.732894535000264
11098830.429941404165759 1547795.031480472500220
11098830.429941404165759 1547795.330066410000176
11098830.429941404165759 1547795.628652347500132
11098830.429941404165759 1547795.927238285000088
11098830.429941404165759 1547796.225824222500044
11098830.429941404165759 1547796.524410160000000
11098830.429941404165759 1547796.822996097499956
11098830.429941404165759 1547797.121582034999912
11098830.429941404165759 1547797.420167972499868
11098830.429941404165759 1547797.718753909999824
11098830.429941404165759 1547798.017339847499780
11098830.429941404165759 1547798.315925784999736
11098830.429941404165759 1547798.614511722499692
11098830.429941404165759 1547798.913097659999648
11098830.728522133332296 1547793.837136722500396
11098830.728522133332296 1547794.135722660000352
11098830.728522133332296 1547794.434308597500308
11098830.728522133332296 1547794.732894535000264
11098830.728522133332296 1547795.031480472500220
11098830.728522133332296 1547795.330066410000176
11098830.728522133332296 1547795.628652347500132
11098830.728522133332296 1547795.927238285000088
11098830.728522133332296 1547796.225824222500044
11098830.728522133332296 1547796.524410160000000
11098830.728522133332296 1547796.822996097499956
11098830.728522133332296 1547797.121582034999912
11098830.728522133332296 1547797.420167972499868
11098830.728522133332296 1547797.718753909999824
11098830.728522133332296 1547798.017339847499780
11098830.728522133332296 1547798.315925784999736
11098830.728522133332296 1547798.614511722499692
11098830.728522133332296 1547798.913097659999648
