11099318.609433637501167 1547880.128472652500396
11099318.609433637501167 1547880.427058590000352
11099318.609433637501167 1547880.725644527500308
11099318.609433637501167 1547881.024230465000264
11099318.609433637501167 1547881.322816402500220
11099318.609433637501167 1547881.621402340000176
11099318.609433637501167 1547881.919988277500132
11099318.609433637501167 1547882.218574215000088
11099318.609433637501167 1547882.517160152500044
11099318.609433637501167 1547882.815746090000000
11099318.609433637501167 1547883.114332027499956
11099318.609433637501167 1547883.412917964999912
11099318.609433637501167 1547883.711503902499868
11099318.609433637501167 1547884.010089839999824
11099318.609433637501167 1547884.308675777499780
11099318.609433637501167 1547884.607261714999736
11099318.609433637501167 1547884.905847652499692
11099318.609433637501167 1547885.204433589999648
11099318.908014366667704 1547880.128472652500396
11099318.908014366667704 1547880.427058590000352
11099318.908014366667704 1547880.725644527500308
11099318.908014366667704 1547881.024230465000264
11099318.908014366667704 1547881.322816402500220
11099318.908014366667704 1547881.621402340000176
11099318.908014366667704 1547881.919988277500132
11099318.908014366667704 1547882.218574215000088
11099318.908014366667704 1547882.517160152500044
11099318.908014366667704 1547882.815746090000000
11099318.908014366667704 1547883.114332027499956
11099318.908014366667704 1547883.412917964999912
11099318.908014366667704 1547883.711503902499868
11099318.908014366667704 1547884.010089839999824
11099318.908014366667704 1547884.308675777499780
11099318.908014366667704 1547884.607261714999736
11099318.908014366667704 1547884.905847652499692
11099318.908014366667704 1547885.204433589999648
11099319.206595095834241 1547880.128472652500396
11099319.206595095834241 1547880.427058590000352
11099319.206595095834241 1547880.725644527500308
11099319.206595095834241 1547881.024230465000264
11099319.206595095834241 1547881.322816402500220
11099319.206595095834241 1547881.621402340000176
11099319.206595095834241 1547881.919988277500132
11099319.206595095834241 1547882.218574215000088
11099319.206595095834241 1547882.517160152500044
11099319.206595095834241 1547882.815746090000000
11099319.206595095834241 1547883.114332027499956
11099319.206595095834241 1547883.412917964999912
11099319.206595095834241 1547883.711503902499868
11099319.206595095834241 1547884.010089839999824
11099319.206595095834241 1547884.308675777499780
11099319.206595095834241 1547884.607261714999736
11099319.206595095834241 1547884.905847652499692
11099319.206595095834241 1547885.204433589999648
11099319.505175825000778 1547880.128472652500396
11099319.505175825000778 1547880.427058590000352
11099319.505175825000778 1547880.725644527500308
11099319.505175825000778 1547881.024230465000264
11099319.505175825000778 1547881.322816402500220
11099319.505175825000778 1547881.621402340000176
11099319.505175825000778 1547881.919988277500132
11099319.505175825000778 1547882.218574215000088
11099319.505175825000778 1547882.517160152500044
11099319.505175825000778 1547882.815746090000000
11099319.505175825000778 1547883.114332027499956
11099319.505175825000778 1547883.412917964999912
11099319.505175825000778 1547883.711503902499868
11099319.505175825000778 1547884.010089839999824
11099319.505175825000778 1547884.308675777499780
11099319.505175825000778 1547884.607261714999736
11099319.505175825000778 1547884.905847652499692
11099319.505175825000778 1547885.204433589999648
11099319.803756554167315 1547880.128472652500396
11099319.803756554167315 1547880.427058590000352
11099319.803756554167315 1547880.725644527500308
11099319.803756554167315 1547881.024230465000264
11099319.803756554167315 1547881.322816402500220
11099319.803756554167315 1547881.621402340000176
11099319.803756554167315 1547881.919988277500132
11099319.803756554167315 1547882.218574215000088
11099319.803756554167315 1547882.517160152500044
11099319.803756554167315 1547882.815746090000000
11099319.803756554167315 1547883.114332027499956
11099319.803756554167315 1547883.412917964999912
11099319.803756554167315 1547883.711503902499868
11099319.803756554167315 1547884.010089839999824
11099319.803756554167315 1547884.308675777499780
11099319.803756554167315 1547884.607261714999736
11099319.803756554167315 1547884.905847652499692
11099319.803756554167315 1547885.204433589999648
11099320.102337283333852 1547880.128472652500396
11099320.102337283333852 1547880.427058590000352
11099320.102337283333852 1547880.725644527500308
11099320.102337283333852 1547881.024230465000264
11099320.102337283333852 1547881.322816402500220
11099320.102337283333852 1547881.621402340000176
11099320.102337283333852 1547881.919988277500132
11099320.102337283333852 1547882.218574215000088
11099320.102337283333852 1547882.517160152500044
11099320.102337283333852 1547882.815746090000000
11099320.102337283333852 1547883.114332027499956
11099320.102337283333852 1547883.412917964999912
11099320.102337283333852 1547883.711503902499868
11099320.102337283333852 1547884.010089839999824
11099320.102337283333852 1547884.308675777499780
11099320.102337283333852 1547884.607261714999736
11099320.102337283333852 1547884.905847652499692
11099320.102337283333852 1547885.204433589999648
11099320.400918012500389 1547880.128472652500396
11099320.400918012500389 1547880.427058590000352
11099320.400918012500389 1547880.725644527500308
11099320.400918012500389 1547881.024230465000264
11099320.400918012500389 1547881.322816402500220
11099320.400918012500389 1547881.621402340000176
11099320.400918012500389 1547881.919988277500132
11099320.400918012500389 1547882.218574215000088
11099320.400918012500389 1547882.517160152500044
11099320.400918012500389 1547882.815746090000000
11099320.400918012500389 1547883.114332027499956
11099320.400918012500389 1547883.412917964999912
11099320.400918012500389 1547883.711503902499868
11099320.400918012500389 1547884.010089839999824
11099320.400918012500389 1547884.308675777499780
11099320.400918012500389 1547884.607261714999736
11099320.400918012500389 1547884.905847652499692
11099320.400918012500389 1547885.204433589999648
11099320.699498741666926 1547880.128472652500396
11099320.699498741666926 1547880.427058590000352
11099320.699498741666926 1547880.725644527500308
11099320.699498741666926 1547881.024230465000264
11099320.699498741666926 1547881.322816402500220
11099320.699498741666926 1547881.621402340000176
11099320.699498741666926 1547881.919988277500132
11099320.699498741666926 1547882.218574215000088
11099320.699498741666926 1547882.517160152500044
11099320.699498741666926 1547882.815746090000000
11099320.699498741666926 1547883.114332027499956
11099320.699498741666926 1547883.412917964999912
11099320.699498741666926 1547883.711503902499868
11099320.699498741666926 1547884.010089839999824
11099320.699498741666926 1547884.308675777499780
11099320.699498741666926 1547884.607261714999736
11099320.699498741666926 1547884.905847652499692
11099320.699498741666926 1547885.204433589999648
11099320.998079470833463 1547880.128472652500396
11099320.998079470833463 1547880.427058590000352
11099320.998079470833463 1547880.725644527500308
11099320.998079470833463 1547881.024230465000264
11099320.998079470833463 1547881.322816402500220
11099320.998079470833463 1547881.621402340000176
11099320.998079470833463 1547881.919988277500132
11099320.998079470833463 1547882.218574215000088
11099320.998079470833463 1547882.517160152500044
11099320.998079470833463 1547882.815746090000000
11099320.998079470833463 1547883.114332027499956
11099320.998079470833463 1547883.412917964999912
11099320.998079470833463 1547883.711503902499868
11099320.998079470833463 1547884.010089839999824
11099320.998079470833463 1547884.308675777499780
11099320.998079470833463 1547884.607261714999736
11099320.998079470833463 1547884.905847652499692
11099320.998079470833463 1547885.204433589999648
11099321.296660200000000 1547880.128472652500396
11099321.296660200000000 1547880.427058590000352
11099321.296660200000000 1547880.725644527500308
11099321.296660200000000 1547881.024230465000264
11099321.296660200000000 1547881.322816402500220
11099321.296660200000000 1547881.621402340000176
11099321.296660200000000 1547881.919988277500132
11099321.296660200000000 1547882.218574215000088
11099321.296660200000000 1547882.517160152500044
11099321.296660200000000 1547882.815746090000000
11099321.296660200000000 1547883.114332027499956
11099321.296660200000000 1547883.412917964999912
11099321.296660200000000 1547883.711503902499868
11099321.296660200000000 1547884.010089839999824
11099321.296660200000000 1547884.308675777499780
11099321.296660200000000 1547884.607261714999736
11099321.296660200000000 1547884.905847652499692
11099321.296660200000000 1547885.204433589999648
11099321.595240929166537 1547880.128472652500396
11099321.595240929166537 1547880.427058590000352
11099321.595240929166537 1547880.725644527500308
11099321.595240929166537 1547881.024230465000264
11099321.595240929166537 1547881.322816402500220
11099321.595240929166537 1547881.621402340000176
11099321.595240929166537 1547881.919988277500132
11099321.595240929166537 1547882.218574215000088
11099321.595240929166537 1547882.517160152500044
11099321.595240929166537 1547882.815746090000000
11099321.595240929166537 1547883.114332027499956
11099321.595240929166537 1547883.412917964999912
11099321.595240929166537 1547883.711503902499868
11099321.595240929166537 1547884.010089839999824
11099321.595240929166537 1547884.308675777499780
11099321.595240929166537 1547884.607261714999736
11099321.595240929166537 1547884.905847652499692
11099321.595240929166537 1547885.204433589999648
11099321.893821658333074 1547880.128472652500396
11099321.893821658333074 1547880.427058590000352
11099321.893821658333074 1547880.725644527500308
11099321.893821658333074 1547881.024230465000264
11099321.893821658333074 1547881.322816402500220
11099321.893821658333074 1547881.621402340000176
11099321.893821658333074 1547881.919988277500132
11099321.893821658333074 1547882.218574215000088
11099321.893821658333074 1547882.517160152500044
11099321.893821658333074 1547882.815746090000000
11099321.893821658333074 1547883.114332027499956
11099321.893821658333074 1547883.412917964999912
11099321.893821658333074 1547883.711503902499868
11099321.893821658333074 1547884.010089839999824
11099321.893821658333074 1547884.308675777499780
11099321.893821658333074 1547884.607261714999736
11099321.893821658333074 1547884.905847652499692
11099321.893821658333074 1547885.204433589999648
11099322.192402387499611 1547880.128472652500396
11099322.192402387499611 1547880.427058590000352
11099322.192402387499611 1547880.725644527500308
11099322.192402387499611 1547881.024230465000264
11099322.192402387499611 1547881.322816402500220
11099322.192402387499611 1547881.621402340000176
11099322.192402387499611 1547881.919988277500132
11099322.192402387499611 1547882.218574215000088
11099322.192402387499611 1547882.517160152500044
11099322.192402387499611 1547882.815746090000000
11099322.192402387499611 1547883.114332027499956
11099322.192402387499611 1547883.412917964999912
11099322.192402387499611 1547883.711503902499868
11099322.192402387499611 1547884.010089839999824
11099322.192402387499611 1547884.308675777499780
11099322.192402387499611 1547884.607261714999736
11099322.192402387499611 1547884.905847652499692
11099322.192402387499611 1547885.204433589999648
11099322.490983116666148 1547880.128472652500396
11099322.490983116666148 1547880.427058590000352
11099322.490983116666148 1547880.725644527500308
11099322.490983116666148 1547881.024230465000264
11099322.490983116666148 1547881.322816402500220
11099322.490983116666148 1547881.621402340000176
11099322.490983116666148 1547881.919988277500132
11099322.490983116666148 1547882.218574215000088
11099322.490983116666148 1547882.517160152500044
11099322.490983116666148 1547882.815746090000000
11099322.490983116666148 1547883.114332027499956
11099322.490983116666148 1547883.412917964999912
11099322.490983116666148 1547883.711503902499868
11099322.490983116666148 1547884.010089839999824
11099322.490983116666148 1547884.308675777499780
11099322.490983116666148 1547884.607261714999736
11099322.490983116666148 1547884.905847652499692
11099322.490983116666148 1547885.204433589999648
11099322.789563845832685 1547880.128472652500396
11099322.789563845832685 1547880.427058590000352
11099322.789563845832685 1547880.725644527500308
11099322.789563845832685 1547881.024230465000264
11099322.789563845832685 1547881.322816402500220
11099322.789563845832685 1547881.621402340000176
11099322.789563845832685 1547881.919988277500132
11099322.789563845832685 1547882.218574215000088
11099322.789563845832685 1547882.517160152500044
11099322.789563845832685 1547882.815746090000000
11099322.789563845832685 1547883.114332027499956
11099322.789563845832685 1547883.412917964999912
11099322.789563845832685 1547883.711503902499868
11099322.789563845832685 1547884.010089839999824
11099322.789563845832685 1547884.308675777499780
11099322.789563845832685 1547884.607261714999736
11099322.789563845832685 1547884.905847652499692
11099322.789563845832685 1547885.204433589999648
11099323.088144574999222 1547880.128472652500396
11099323.088144574999222 1547880.427058590000352
11099323.088144574999222 1547880.725644527500308
11099323.088144574999222 1547881.024230465000264
11099323.088144574999222 1547881.322816402500220
11099323.088144574999222 1547881.621402340000176
11099323.088144574999222 1547881.919988277500132
11099323.088144574999222 1547882.218574215000088
11099323.088144574999222 1547882.517160152500044
11099323.088144574999222 1547882.815746090000000
11099323.088144574999222 1547883.114332027499956
11099323.088144574999222 1547883.412917964999912
11099323.088144574999222 1547883.711503902499868
11099323.088144574999222 1547884.010089839999824
11099323.088144574999222 1547884.308675777499780
11099323.088144574999222 1547884.607261714999736
11099323.088144574999222 1547884.905847652499692
11099323.088144574999222 1547885.204433589999648
11099323.386725304165759 1547880.128472652500396
11099323.386725304165759 1547880.427058590000352
11099323.386725304165759 1547880.725644527500308
11099323.386725304165759 1547881.024230465000264
11099323.386725304165759 1547881.322816402500220
11099323.386725304165759 1547881.621402340000176
11099323.386725304165759 1547881.919988277500132
11099323.386725304165759 1547882.218574215000088
11099323.386725304165759 1547882.517160152500044
11099323.386725304165759 1547882.815746090000000
11099323.386725304165759 1547883.114332027499956
11099323.386725304165759 1547883.412917964999912
11099323.386725304165759 1547883.711503902499868
11099323.386725304165759 1547884.010089839999824
11099323.386725304165759 1547884.308675777499780
11099323.386725304165759 1547884.607261714999736
11099323.386725304165759 1547884.905847652499692
11099323.386725304165759 1547885.204433589999648
11099323.685306033332296 1547880.128472652500396
11099323.685306033332296 1547880.427058590000352
11099323.685306033332296 1547880.725644527500308
11099323.685306033332296 1547881.024230465000264
11099323.685306033332296 1547881.322816402500220
11099323.685306033332296 1547881.621402340000176
11099323.685306033332296 1547881.919988277500132
11099323.685306033332296 1547882.218574215000088
11099323.685306033332296 1547882.517160152500044
11099323.685306033332296 1547882.815746090000000
11099323.685306033332296 1547883.114332027499956
11099323.685306033332296 1547883.412917964999912
11099323.685306033332296 1547883.711503902499868
11099323.685306033332296 1547884.010089839999824
11099323.685306033332296 1547884.308675777499780
11099323.685306033332296 1547884.607261714999736
11099323.685306033332296 1547884.905847652499692
11099323.685306033332296 1547885.204433589999648
