11098912.838222637501167 1547685.749027342500396
11098912.838222637501167 1547686.047613280000352
11098912.838222637501167 1547686.346199217500308
11098912.838222637501167 1547686.644785155000264
11098912.838222637501167 1547686.943371092500220
11098912.838222637501167 1547687.241957030000176
11098912.838222637501167 1547687.540542967500132
11098912.838222637501167 1547687.839128905000088
11098912.838222637501167 1547688.137714842500044
11098912.838222637501167 1547688.436300780000000
11098912.838222637501167 1547688.734886717499956
11098912.838222637501167 1547689.033472654999912
11098912.838222637501167 1547689.332058592499868
11098912.838222637501167 1547689.630644529999824
11098912.838222637501167 1547689.929230467499780
11098912.838222637501167 1547690.227816404999736
11098912.838222637501167 1547690.526402342499692
11098912.838222637501167 1547690.824988279999648
11098913.136803366667704 1547685.749027342500396
11098913.136803366667704 1547686.047613280000352
11098913.136803366667704 1547686.346199217500308
11098913.136803366667704 1547686.644785155000264
11098913.136803366667704 1547686.943371092500220
11098913.136803366667704 1547687.241957030000176
11098913.136803366667704 1547687.540542967500132
11098913.136803366667704 1547687.839128905000088
11098913.136803366667704 1547688.137714842500044
11098913.136803366667704 1547688.436300780000000
11098913.136803366667704 1547688.734886717499956
11098913.136803366667704 1547689.033472654999912
11098913.136803366667704 1547689.332058592499868
11098913.136803366667704 1547689.630644529999824
11098913.136803366667704 1547689.929230467499780
11098913.136803366667704 1547690.227816404999736
11098913.136803366667704 1547690.526402342499692
11098913.136803366667704 1547690.824988279999648
11098913.435384095834241 1547685.749027342500396
11098913.435384095834241 1547686.047613280000352
11098913.435384095834241 1547686.346199217500308
11098913.435384095834241 1547686.644785155000264
11098913.435384095834241 1547686.943371092500220
11098913.435384095834241 1547687.241957030000176
11098913.435384095834241 1547687.540542967500132
11098913.435384095834241 1547687.839128905000088
11098913.435384095834241 1547688.137714842500044
11098913.435384095834241 1547688.436300780000000
11098913.435384095834241 1547688.734886717499956
11098913.435384095834241 1547689.033472654999912
11098913.435384095834241 1547689.332058592499868
11098913.435384095834241 1547689.630644529999824
11098913.435384095834241 1547689.929230467499780
11098913.435384095834241 1547690.227816404999736
11098913.435384095834241 1547690.526402342499692
11098913.435384095834241 1547690.824988279999648
11098913.733964825000778 1547685.749027342500396
11098913.733964825000778 1547686.047613280000352
11098913.733964825000778 1547686.346199217500308
11098913.733964825000778 1547686.644785155000264
11098913.733964825000778 1547686.943371092500220
11098913.733964825000778 1547687.241957030000176
11098913.733964825000778 1547687.540542967500132
11098913.733964825000778 1547687.839128905000088
11098913.733964825000778 1547688.137714842500044
11098913.733964825000778 1547688.436300780000000
11098913.733964825000778 1547688.734886717499956
11098913.733964825000778 1547689.033472654999912
11098913.733964825000778 1547689.332058592499868
11098913.733964825000778 1547689.630644529999824
11098913.733964825000778 1547689.929230467499780
11098913.733964825000778 1547690.227816404999736
11098913.733964825000778 1547690.526402342499692
11098913.733964825000778 1547690.824988279999648
11098914.032545554167315 1547685.749027342500396
11098914.032545554167315 1547686.047613280000352
11098914.032545554167315 1547686.346199217500308
11098914.032545554167315 1547686.644785155000264
11098914.032545554167315 1547686.943371092500220
11098914.032545554167315 1547687.241957030000176
11098914.032545554167315 1547687.540542967500132
11098914.032545554167315 1547687.839128905000088
11098914.032545554167315 1547688.137714842500044
11098914.032545554167315 1547688.436300780000000
11098914.032545554167315 1547688.734886717499956
11098914.032545554167315 1547689.033472654999912
11098914.032545554167315 1547689.332058592499868
11098914.032545554167315 1547689.630644529999824
11098914.032545554167315 1547689.929230467499780
11098914.032545554167315 1547690.227816404999736
11098914.032545554167315 1547690.526402342499692
11098914.032545554167315 1547690.824988279999648
11098914.331126283333852 1547685.749027342500396
11098914.331126283333852 1547686.047613280000352
11098914.331126283333852 1547686.346199217500308
11098914.331126283333852 1547686.644785155000264
11098914.331126283333852 1547686.943371092500220
11098914.331126283333852 1547687.241957030000176
11098914.331126283333852 1547687.540542967500132
11098914.331126283333852 1547687.839128905000088
11098914.331126283333852 1547688.137714842500044
11098914.331126283333852 1547688.436300780000000
11098914.331126283333852 1547688.734886717499956
11098914.331126283333852 1547689.033472654999912
11098914.331126283333852 1547689.332058592499868
11098914.331126283333852 1547689.630644529999824
11098914.331126283333852 1547689.929230467499780
11098914.331126283333852 1547690.227816404999736
11098914.331126283333852 1547690.526402342499692
11098914.331126283333852 1547690.824988279999648
11098914.629707012500389 1547685.749027342500396
11098914.629707012500389 1547686.047613280000352
11098914.629707012500389 1547686.346199217500308
11098914.629707012500389 1547686.644785155000264
11098914.629707012500389 1547686.943371092500220
11098914.629707012500389 1547687.241957030000176
11098914.629707012500389 1547687.540542967500132
11098914.629707012500389 1547687.839128905000088
11098914.629707012500389 1547688.137714842500044
11098914.629707012500389 1547688.436300780000000
11098914.629707012500389 1547688.734886717499956
11098914.629707012500389 1547689.033472654999912
11098914.629707012500389 1547689.332058592499868
11098914.629707012500389 1547689.630644529999824
11098914.629707012500389 1547689.929230467499780
11098914.629707012500389 1547690.227816404999736
11098914.629707012500389 1547690.526402342499692
11098914.629707012500389 1547690.824988279999648
11098914.928287741666926 1547685.749027342500396
11098914.928287741666926 1547686.047613280000352
11098914.928287741666926 1547686.346199217500308
11098914.928287741666926 1547686.644785155000264
11098914.928287741666926 1547686.943371092500220
11098914.928287741666926 1547687.241957030000176
11098914.928287741666926 1547687.540542967500132
11098914.928287741666926 1547687.839128905000088
11098914.928287741666926 1547688.137714842500044
11098914.928287741666926 1547688.436300780000000
11098914.928287741666926 1547688.734886717499956
11098914.928287741666926 1547689.033472654999912
11098914.928287741666926 1547689.332058592499868
11098914.928287741666926 1547689.630644529999824
11098914.928287741666926 1547689.929230467499780
11098914.928287741666926 1547690.227816404999736
11098914.928287741666926 1547690.526402342499692
11098914.928287741666926 1547690.824988279999648
11098915.226868470833463 1547685.749027342500396
11098915.226868470833463 1547686.047613280000352
11098915.226868470833463 1547686.346199217500308
11098915.226868470833463 1547686.644785155000264
11098915.226868470833463 1547686.943371092500220
11098915.226868470833463 1547687.241957030000176
11098915.226868470833463 1547687.540542967500132
11098915.226868470833463 1547687.839128905000088
11098915.226868470833463 1547688.137714842500044
11098915.226868470833463 1547688.436300780000000
11098915.226868470833463 1547688.734886717499956
11098915.226868470833463 1547689.033472654999912
11098915.226868470833463 1547689.332058592499868
11098915.226868470833463 1547689.630644529999824
11098915.226868470833463 1547689.929230467499780
11098915.226868470833463 1547690.227816404999736
11098915.226868470833463 1547690.526402342499692
11098915.226868470833463 1547690.824988279999648
11098915.525449200000000 1547685.749027342500396
11098915.525449200000000 1547686.047613280000352
11098915.525449200000000 1547686.346199217500308
11098915.525449200000000 1547686.644785155000264
11098915.525449200000000 1547686.943371092500220
11098915.525449200000000 1547687.241957030000176
11098915.525449200000000 1547687.540542967500132
11098915.525449200000000 1547687.839128905000088
11098915.525449200000000 1547688.137714842500044
11098915.525449200000000 1547688.436300780000000
11098915.525449200000000 1547688.734886717499956
11098915.525449200000000 1547689.033472654999912
11098915.525449200000000 1547689.332058592499868
11098915.525449200000000 1547689.630644529999824
11098915.525449200000000 1547689.929230467499780
11098915.525449200000000 1547690.227816404999736
11098915.525449200000000 1547690.526402342499692
11098915.525449200000000 1547690.824988279999648
11098915.824029929166537 1547685.749027342500396
11098915.824029929166537 1547686.047613280000352
11098915.824029929166537 1547686.346199217500308
11098915.824029929166537 1547686.644785155000264
11098915.824029929166537 1547686.943371092500220
11098915.824029929166537 1547687.241957030000176
11098915.824029929166537 1547687.540542967500132
11098915.824029929166537 1547687.839128905000088
11098915.824029929166537 1547688.137714842500044
11098915.824029929166537 1547688.436300780000000
11098915.824029929166537 1547688.734886717499956
11098915.824029929166537 1547689.033472654999912
11098915.824029929166537 1547689.332058592499868
11098915.824029929166537 1547689.630644529999824
11098915.824029929166537 1547689.929230467499780
11098915.824029929166537 1547690.227816404999736
11098915.824029929166537 1547690.526402342499692
11098915.824029929166537 1547690.824988279999648
11098916.122610658333074 1547685.749027342500396
11098916.122610658333074 1547686.047613280000352
11098916.122610658333074 1547686.346199217500308
11098916.122610658333074 1547686.644785155000264
11098916.122610658333074 1547686.943371092500220
11098916.122610658333074 1547687.241957030000176
11098916.122610658333074 1547687.540542967500132
11098916.122610658333074 1547687.839128905000088
11098916.122610658333074 1547688.137714842500044
11098916.122610658333074 1547688.436300780000000
11098916.122610658333074 1547688.734886717499956
11098916.122610658333074 1547689.033472654999912
11098916.122610658333074 1547689.332058592499868
11098916.122610658333074 1547689.630644529999824
11098916.122610658333074 1547689.929230467499780
11098916.122610658333074 1547690.227816404999736
11098916.122610658333074 1547690.526402342499692
11098916.122610658333074 1547690.824988279999648
11098916.421191387499611 1547685.749027342500396
11098916.421191387499611 1547686.047613280000352
11098916.421191387499611 1547686.346199217500308
11098916.421191387499611 1547686.644785155000264
11098916.421191387499611 1547686.943371092500220
11098916.421191387499611 1547687.241957030000176
11098916.421191387499611 1547687.540542967500132
11098916.421191387499611 1547687.839128905000088
11098916.421191387499611 1547688.137714842500044
11098916.421191387499611 1547688.436300780000000
11098916.421191387499611 1547688.734886717499956
11098916.421191387499611 1547689.033472654999912
11098916.421191387499611 1547689.332058592499868
11098916.421191387499611 1547689.630644529999824
11098916.421191387499611 1547689.929230467499780
11098916.421191387499611 1547690.227816404999736
11098916.421191387499611 1547690.526402342499692
11098916.421191387499611 1547690.824988279999648
11098916.719772116666148 1547685.749027342500396
11098916.719772116666148 1547686.047613280000352
11098916.719772116666148 1547686.346199217500308
11098916.719772116666148 1547686.644785155000264
11098916.719772116666148 1547686.943371092500220
11098916.719772116666148 1547687.241957030000176
11098916.719772116666148 1547687.540542967500132
11098916.719772116666148 1547687.839128905000088
11098916.719772116666148 1547688.137714842500044
11098916.719772116666148 1547688.436300780000000
11098916.719772116666148 1547688.734886717499956
11098916.719772116666148 1547689.033472654999912
11098916.719772116666148 1547689.332058592499868
11098916.719772116666148 1547689.630644529999824
11098916.719772116666148 1547689.929230467499780
11098916.719772116666148 1547690.227816404999736
11098916.719772116666148 1547690.526402342499692
11098916.719772116666148 1547690.824988279999648
11098917.018352845832685 1547685.749027342500396
11098917.018352845832685 1547686.047613280000352
11098917.018352845832685 1547686.346199217500308
11098917.018352845832685 1547686.644785155000264
11098917.018352845832685 1547686.943371092500220
11098917.018352845832685 1547687.241957030000176
11098917.018352845832685 1547687.540542967500132
11098917.018352845832685 1547687.839128905000088
11098917.018352845832685 1547688.137714842500044
11098917.018352845832685 1547688.436300780000000
11098917.018352845832685 1547688.734886717499956
11098917.018352845832685 1547689.033472654999912
11098917.018352845832685 1547689.332058592499868
11098917.018352845832685 1547689.630644529999824
11098917.018352845832685 1547689.929230467499780
11098917.018352845832685 1547690.227816404999736
11098917.018352845832685 1547690.526402342499692
11098917.018352845832685 1547690.824988279999648
11098917.316933574999222 1547685.749027342500396
11098917.316933574999222 1547686.047613280000352
11098917.316933574999222 1547686.346199217500308
11098917.316933574999222 1547686.644785155000264
11098917.316933574999222 1547686.943371092500220
11098917.316933574999222 1547687.241957030000176
11098917.316933574999222 1547687.540542967500132
11098917.316933574999222 1547687.839128905000088
11098917.316933574999222 1547688.137714842500044
11098917.316933574999222 1547688.436300780000000
11098917.316933574999222 1547688.734886717499956
11098917.316933574999222 1547689.033472654999912
11098917.316933574999222 1547689.332058592499868
11098917.316933574999222 1547689.630644529999824
11098917.316933574999222 1547689.929230467499780
11098917.316933574999222 1547690.227816404999736
11098917.316933574999222 1547690.526402342499692
11098917.316933574999222 1547690.824988279999648
11098917.615514304165759 1547685.749027342500396
11098917.615514304165759 1547686.047613280000352
11098917.615514304165759 1547686.346199217500308
11098917.615514304165759 1547686.644785155000264
11098917.615514304165759 1547686.943371092500220
11098917.615514304165759 1547687.241957030000176
11098917.615514304165759 1547687.540542967500132
11098917.615514304165759 1547687.839128905000088
11098917.615514304165759 1547688.137714842500044
11098917.615514304165759 1547688.436300780000000
11098917.615514304165759 1547688.734886717499956
11098917.615514304165759 1547689.033472654999912
11098917.615514304165759 1547689.332058592499868
11098917.615514304165759 1547689.630644529999824
11098917.615514304165759 1547689.929230467499780
11098917.615514304165759 1547690.227816404999736
11098917.615514304165759 1547690.526402342499692
11098917.615514304165759 1547690.824988279999648
11098917.914095033332296 1547685.749027342500396
11098917.914095033332296 1547686.047613280000352
11098917.914095033332296 1547686.346199217500308
11098917.914095033332296 1547686.644785155000264
11098917.914095033332296 1547686.943371092500220
11098917.914095033332296 1547687.241957030000176
11098917.914095033332296 1547687.540542967500132
11098917.914095033332296 1547687.839128905000088
11098917.914095033332296 1547688.137714842500044
11098917.914095033332296 1547688.436300780000000
11098917.914095033332296 1547688.734886717499956
11098917.914095033332296 1547689.033472654999912
11098917.914095033332296 1547689.332058592499868
11098917.914095033332296 1547689.630644529999824
11098917.914095033332296 1547689.929230467499780
11098917.914095033332296 1547690.227816404999736
11098917.914095033332296 1547690.526402342499692
11098917.914095033332296 1547690.824988279999648
