11099309.054850237501167 1547662.459324222500396
11099309.054850237501167 1547662.757910160000352
11099309.054850237501167 1547663.056496097500308
11099309.054850237501167 1547663.355082035000264
11099309.054850237501167 1547663.653667972500220
11099309.054850237501167 1547663.952253910000176
11099309.054850237501167 1547664.250839847500132
11099309.054850237501167 1547664.549425785000088
11099309.054850237501167 1547664.848011722500044
11099309.054850237501167 1547665.146597660000000
11099309.054850237501167 1547665.445183597499956
11099309.054850237501167 1547665.743769534999912
11099309.054850237501167 1547666.042355472499868
11099309.054850237501167 1547666.340941409999824
11099309.054850237501167 1547666.639527347499780
11099309.054850237501167 1547666.938113284999736
11099309.054850237501167 1547667.236699222499692
11099309.054850237501167 1547667.535285159999648
11099309.353430966667704 1547662.459324222500396
11099309.353430966667704 1547662.757910160000352
11099309.353430966667704 1547663.056496097500308
11099309.353430966667704 1547663.355082035000264
11099309.353430966667704 1547663.653667972500220
11099309.353430966667704 1547663.952253910000176
11099309.353430966667704 1547664.250839847500132
11099309.353430966667704 1547664.549425785000088
11099309.353430966667704 1547664.848011722500044
11099309.353430966667704 1547665.146597660000000
11099309.353430966667704 1547665.445183597499956
11099309.353430966667704 1547665.743769534999912
11099309.353430966667704 1547666.042355472499868
11099309.353430966667704 1547666.340941409999824
11099309.353430966667704 1547666.639527347499780
11099309.353430966667704 1547666.938113284999736
11099309.353430966667704 1547667.236699222499692
11099309.353430966667704 1547667.535285159999648
11099309.652011695834241 1547662.459324222500396
11099309.652011695834241 1547662.757910160000352
11099309.652011695834241 1547663.056496097500308
11099309.652011695834241 1547663.355082035000264
11099309.652011695834241 1547663.653667972500220
11099309.652011695834241 1547663.952253910000176
11099309.652011695834241 1547664.250839847500132
11099309.652011695834241 1547664.549425785000088
11099309.652011695834241 1547664.848011722500044
11099309.652011695834241 1547665.146597660000000
11099309.652011695834241 1547665.445183597499956
11099309.652011695834241 1547665.743769534999912
11099309.652011695834241 1547666.042355472499868
11099309.652011695834241 1547666.340941409999824
11099309.652011695834241 1547666.639527347499780
11099309.652011695834241 1547666.938113284999736
11099309.652011695834241 1547667.236699222499692
11099309.652011695834241 1547667.535285159999648
11099309.950592425000778 1547662.459324222500396
11099309.950592425000778 1547662.757910160000352
11099309.950592425000778 1547663.056496097500308
11099309.950592425000778 1547663.355082035000264
11099309.950592425000778 1547663.653667972500220
11099309.950592425000778 1547663.952253910000176
11099309.950592425000778 1547664.250839847500132
11099309.950592425000778 1547664.549425785000088
11099309.950592425000778 1547664.848011722500044
11099309.950592425000778 1547665.146597660000000
11099309.950592425000778 1547665.445183597499956
11099309.950592425000778 1547665.743769534999912
11099309.950592425000778 1547666.042355472499868
11099309.950592425000778 1547666.340941409999824
11099309.950592425000778 1547666.639527347499780
11099309.950592425000778 1547666.938113284999736
11099309.950592425000778 1547667.236699222499692
11099309.950592425000778 1547667.535285159999648
11099310.249173154167315 1547662.459324222500396
11099310.249173154167315 1547662.757910160000352
11099310.249173154167315 1547663.056496097500308
11099310.249173154167315 1547663.355082035000264
11099310.249173154167315 1547663.653667972500220
11099310.249173154167315 1547663.952253910000176
11099310.249173154167315 1547664.250839847500132
11099310.249173154167315 1547664.549425785000088
11099310.249173154167315 1547664.848011722500044
11099310.249173154167315 1547665.146597660000000
11099310.249173154167315 1547665.445183597499956
11099310.249173154167315 1547665.743769534999912
11099310.249173154167315 1547666.042355472499868
11099310.249173154167315 1547666.340941409999824
11099310.249173154167315 1547666.639527347499780
11099310.249173154167315 1547666.938113284999736
11099310.249173154167315 1547667.236699222499692
11099310.249173154167315 1547667.535285159999648
11099310.547753883333852 1547662.459324222500396
11099310.547753883333852 1547662.757910160000352
11099310.547753883333852 1547663.056496097500308
11099310.547753883333852 1547663.355082035000264
11099310.547753883333852 1547663.653667972500220
11099310.547753883333852 1547663.952253910000176
11099310.547753883333852 1547664.250839847500132
11099310.547753883333852 1547664.549425785000088
11099310.547753883333852 1547664.848011722500044
11099310.547753883333852 1547665.146597660000000
11099310.547753883333852 1547665.445183597499956
11099310.547753883333852 1547665.743769534999912
11099310.547753883333852 1547666.042355472499868
11099310.547753883333852 1547666.340941409999824
11099310.547753883333852 1547666.639527347499780
11099310.547753883333852 1547666.938113284999736
11099310.547753883333852 1547667.236699222499692
11099310.547753883333852 1547667.535285159999648
11099310.846334612500389 1547662.459324222500396
11099310.846334612500389 1547662.757910160000352
11099310.846334612500389 1547663.056496097500308
11099310.846334612500389 1547663.355082035000264
11099310.846334612500389 1547663.653667972500220
11099310.846334612500389 1547663.952253910000176
11099310.846334612500389 1547664.250839847500132
11099310.846334612500389 1547664.549425785000088
11099310.846334612500389 1547664.848011722500044
11099310.846334612500389 1547665.146597660000000
11099310.846334612500389 1547665.445183597499956
11099310.846334612500389 1547665.743769534999912
11099310.846334612500389 1547666.042355472499868
11099310.846334612500389 1547666.340941409999824
11099310.846334612500389 1547666.639527347499780
11099310.846334612500389 1547666.938113284999736
11099310.846334612500389 1547667.236699222499692
11099310.846334612500389 1547667.535285159999648
11099311.144915341666926 1547662.459324222500396
11099311.144915341666926 1547662.757910160000352
11099311.144915341666926 1547663.056496097500308
11099311.144915341666926 1547663.355082035000264
11099311.144915341666926 1547663.653667972500220
11099311.144915341666926 1547663.952253910000176
11099311.144915341666926 1547664.250839847500132
11099311.144915341666926 1547664.549425785000088
11099311.144915341666926 1547664.848011722500044
11099311.144915341666926 1547665.146597660000000
11099311.144915341666926 1547665.445183597499956
11099311.144915341666926 1547665.743769534999912
11099311.144915341666926 1547666.042355472499868
11099311.144915341666926 1547666.340941409999824
11099311.144915341666926 1547666.639527347499780
11099311.144915341666926 1547666.938113284999736
11099311.144915341666926 1547667.236699222499692
11099311.144915341666926 1547667.535285159999648
11099311.443496070833463 1547662.459324222500396
11099311.443496070833463 1547662.757910160000352
11099311.443496070833463 1547663.056496097500308
11099311.443496070833463 1547663.355082035000264
11099311.443496070833463 1547663.653667972500220
11099311.443496070833463 1547663.952253910000176
11099311.443496070833463 1547664.250839847500132
11099311.443496070833463 1547664.549425785000088
11099311.443496070833463 1547664.848011722500044
11099311.443496070833463 1547665.146597660000000
11099311.443496070833463 1547665.445183597499956
11099311.443496070833463 1547665.743769534999912
11099311.443496070833463 1547666.042355472499868
11099311.443496070833463 1547666.340941409999824
11099311.443496070833463 1547666.639527347499780
11099311.443496070833463 1547666.938113284999736
11099311.443496070833463 1547667.236699222499692
11099311.443496070833463 1547667.535285159999648
11099311.742076800000000 1547662.459324222500396
11099311.742076800000000 1547662.757910160000352
11099311.742076800000000 1547663.056496097500308
11099311.742076800000000 1547663.355082035000264
11099311.742076800000000 1547663.653667972500220
11099311.742076800000000 1547663.952253910000176
11099311.742076800000000 1547664.250839847500132
11099311.742076800000000 1547664.549425785000088
11099311.742076800000000 1547664.848011722500044
11099311.742076800000000 1547665.146597660000000
11099311.742076800000000 1547665.445183597499956
11099311.742076800000000 1547665.743769534999912
11099311.742076800000000 1547666.042355472499868
11099311.742076800000000 1547666.340941409999824
11099311.742076800000000 1547666.639527347499780
11099311.742076800000000 1547666.938113284999736
11099311.742076800000000 1547667.236699222499692
11099311.742076800000000 1547667.535285159999648
11099312.040657529166537 1547662.459324222500396
11099312.040657529166537 1547662.757910160000352
11099312.040657529166537 1547663.056496097500308
11099312.040657529166537 1547663.355082035000264
11099312.040657529166537 1547663.653667972500220
11099312.040657529166537 1547663.952253910000176
11099312.040657529166537 1547664.250839847500132
11099312.040657529166537 1547664.549425785000088
11099312.040657529166537 1547664.848011722500044
11099312.040657529166537 1547665.146597660000000
11099312.040657529166537 1547665.445183597499956
11099312.040657529166537 1547665.743769534999912
11099312.040657529166537 1547666.042355472499868
11099312.040657529166537 1547666.340941409999824
11099312.040657529166537 1547666.639527347499780
11099312.040657529166537 1547666.938113284999736
11099312.040657529166537 1547667.236699222499692
11099312.040657529166537 1547667.535285159999648
11099312.339238258333074 1547662.459324222500396
11099312.339238258333074 1547662.757910160000352
11099312.339238258333074 1547663.056496097500308
11099312.339238258333074 1547663.355082035000264
11099312.339238258333074 1547663.653667972500220
11099312.339238258333074 1547663.952253910000176
11099312.339238258333074 1547664.250839847500132
11099312.339238258333074 1547664.549425785000088
11099312.339238258333074 1547664.848011722500044
11099312.339238258333074 1547665.146597660000000
11099312.339238258333074 1547665.445183597499956
11099312.339238258333074 1547665.743769534999912
11099312.339238258333074 1547666.042355472499868
11099312.339238258333074 1547666.340941409999824
11099312.339238258333074 1547666.639527347499780
11099312.339238258333074 1547666.938113284999736
11099312.339238258333074 1547667.236699222499692
11099312.339238258333074 1547667.535285159999648
11099312.637818987499611 1547662.459324222500396
11099312.637818987499611 1547662.757910160000352
11099312.637818987499611 1547663.056496097500308
11099312.637818987499611 1547663.355082035000264
11099312.637818987499611 1547663.653667972500220
11099312.637818987499611 1547663.952253910000176
11099312.637818987499611 1547664.250839847500132
11099312.637818987499611 1547664.549425785000088
11099312.637818987499611 1547664.848011722500044
11099312.637818987499611 1547665.146597660000000
11099312.637818987499611 1547665.445183597499956
11099312.637818987499611 1547665.743769534999912
11099312.637818987499611 1547666.042355472499868
11099312.637818987499611 1547666.340941409999824
11099312.637818987499611 1547666.639527347499780
11099312.637818987499611 1547666.938113284999736
11099312.637818987499611 1547667.236699222499692
11099312.637818987499611 1547667.535285159999648
11099312.936399716666148 1547662.459324222500396
11099312.936399716666148 1547662.757910160000352
11099312.936399716666148 1547663.056496097500308
11099312.936399716666148 1547663.355082035000264
11099312.936399716666148 1547663.653667972500220
11099312.936399716666148 1547663.952253910000176
11099312.936399716666148 1547664.250839847500132
11099312.936399716666148 1547664.549425785000088
11099312.936399716666148 1547664.848011722500044
11099312.936399716666148 1547665.146597660000000
11099312.936399716666148 1547665.445183597499956
11099312.936399716666148 1547665.743769534999912
11099312.936399716666148 1547666.042355472499868
11099312.936399716666148 1547666.340941409999824
11099312.936399716666148 1547666.639527347499780
11099312.936399716666148 1547666.938113284999736
11099312.936399716666148 1547667.236699222499692
11099312.936399716666148 1547667.535285159999648
11099313.234980445832685 1547662.459324222500396
11099313.234980445832685 1547662.757910160000352
11099313.234980445832685 1547663.056496097500308
11099313.234980445832685 1547663.355082035000264
11099313.234980445832685 1547663.653667972500220
11099313.234980445832685 1547663.952253910000176
11099313.234980445832685 1547664.250839847500132
11099313.234980445832685 1547664.549425785000088
11099313.234980445832685 1547664.848011722500044
11099313.234980445832685 1547665.146597660000000
11099313.234980445832685 1547665.445183597499956
11099313.234980445832685 1547665.743769534999912
11099313.234980445832685 1547666.042355472499868
11099313.234980445832685 1547666.340941409999824
11099313.234980445832685 1547666.639527347499780
11099313.234980445832685 1547666.938113284999736
11099313.234980445832685 1547667.236699222499692
11099313.234980445832685 1547667.535285159999648
11099313.533561174999222 1547662.459324222500396
11099313.533561174999222 1547662.757910160000352
11099313.533561174999222 1547663.056496097500308
11099313.533561174999222 1547663.355082035000264
11099313.533561174999222 1547663.653667972500220
11099313.533561174999222 1547663.952253910000176
11099313.533561174999222 1547664.250839847500132
11099313.533561174999222 1547664.549425785000088
11099313.533561174999222 1547664.848011722500044
11099313.533561174999222 1547665.146597660000000
11099313.533561174999222 1547665.445183597499956
11099313.533561174999222 1547665.743769534999912
11099313.533561174999222 1547666.042355472499868
11099313.533561174999222 1547666.340941409999824
11099313.533561174999222 1547666.639527347499780
11099313.533561174999222 1547666.938113284999736
11099313.533561174999222 1547667.236699222499692
11099313.533561174999222 1547667.535285159999648
11099313.832141904165759 1547662.459324222500396
11099313.832141904165759 1547662.757910160000352
11099313.832141904165759 1547663.056496097500308
11099313.832141904165759 1547663.355082035000264
11099313.832141904165759 1547663.653667972500220
11099313.832141904165759 1547663.952253910000176
11099313.832141904165759 1547664.250839847500132
11099313.832141904165759 1547664.549425785000088
11099313.832141904165759 1547664.848011722500044
11099313.832141904165759 1547665.146597660000000
11099313.832141904165759 1547665.445183597499956
11099313.832141904165759 1547665.743769534999912
11099313.832141904165759 1547666.042355472499868
11099313.832141904165759 1547666.340941409999824
11099313.832141904165759 1547666.639527347499780
11099313.832141904165759 1547666.938113284999736
11099313.832141904165759 1547667.236699222499692
11099313.832141904165759 1547667.535285159999648
11099314.130722633332296 1547662.459324222500396
11099314.130722633332296 1547662.757910160000352
11099314.130722633332296 1547663.056496097500308
11099314.130722633332296 1547663.355082035000264
11099314.130722633332296 1547663.653667972500220
11099314.130722633332296 1547663.952253910000176
11099314.130722633332296 1547664.250839847500132
11099314.130722633332296 1547664.549425785000088
11099314.130722633332296 1547664.848011722500044
11099314.130722633332296 1547665.146597660000000
11099314.130722633332296 1547665.445183597499956
11099314.130722633332296 1547665.743769534999912
11099314.130722633332296 1547666.042355472499868
11099314.130722633332296 1547666.340941409999824
11099314.130722633332296 1547666.639527347499780
11099314.130722633332296 1547666.938113284999736
11099314.130722633332296 1547667.236699222499692
11099314.130722633332296 1547667.535285159999648
