11099219.480631537501167 1547665.146597652500396
11099219.480631537501167 1547665.445183590000352
11099219.480631537501167 1547665.743769527500308
11099219.480631537501167 1547666.042355465000264
11099219.480631537501167 1547666.340941402500220
11099219.480631537501167 1547666.639527340000176
11099219.480631537501167 1547666.938113277500132
11099219.480631537501167 1547667.236699215000088
11099219.480631537501167 1547667.535285152500044
11099219.480631537501167 1547667.833871090000000
11099219.480631537501167 1547668.132457027499956
11099219.480631537501167 1547668.431042964999912
11099219.480631537501167 1547668.729628902499868
11099219.480631537501167 1547669.028214839999824
11099219.480631537501167 1547669.326800777499780
11099219.480631537501167 1547669.625386714999736
11099219.480631537501167 1547669.923972652499692
11099219.480631537501167 1547670.222558589999648
11099219.779212266667704 1547665.146597652500396
11099219.779212266667704 1547665.445183590000352
11099219.779212266667704 1547665.743769527500308
11099219.779212266667704 1547666.042355465000264
11099219.779212266667704 1547666.340941402500220
11099219.779212266667704 1547666.639527340000176
11099219.779212266667704 1547666.938113277500132
11099219.779212266667704 1547667.236699215000088
11099219.779212266667704 1547667.535285152500044
11099219.779212266667704 1547667.833871090000000
11099219.779212266667704 1547668.132457027499956
11099219.779212266667704 1547668.431042964999912
11099219.779212266667704 1547668.729628902499868
11099219.779212266667704 1547669.028214839999824
11099219.779212266667704 1547669.326800777499780
11099219.779212266667704 1547669.625386714999736
11099219.779212266667704 1547669.923972652499692
11099219.779212266667704 1547670.222558589999648
11099220.077792995834241 1547665.146597652500396
11099220.077792995834241 1547665.445183590000352
11099220.077792995834241 1547665.743769527500308
11099220.077792995834241 1547666.042355465000264
11099220.077792995834241 1547666.340941402500220
11099220.077792995834241 1547666.639527340000176
11099220.077792995834241 1547666.938113277500132
11099220.077792995834241 1547667.236699215000088
11099220.077792995834241 1547667.535285152500044
11099220.077792995834241 1547667.833871090000000
11099220.077792995834241 1547668.132457027499956
11099220.077792995834241 1547668.431042964999912
11099220.077792995834241 1547668.729628902499868
11099220.077792995834241 1547669.028214839999824
11099220.077792995834241 1547669.326800777499780
11099220.077792995834241 1547669.625386714999736
11099220.077792995834241 1547669.923972652499692
11099220.077792995834241 1547670.222558589999648
11099220.376373725000778 1547665.146597652500396
11099220.376373725000778 1547665.445183590000352
11099220.376373725000778 1547665.743769527500308
11099220.376373725000778 1547666.042355465000264
11099220.376373725000778 1547666.340941402500220
11099220.376373725000778 1547666.639527340000176
11099220.376373725000778 1547666.938113277500132
11099220.376373725000778 1547667.236699215000088
11099220.376373725000778 1547667.535285152500044
11099220.376373725000778 1547667.833871090000000
11099220.376373725000778 1547668.132457027499956
11099220.376373725000778 1547668.431042964999912
11099220.376373725000778 1547668.729628902499868
11099220.376373725000778 1547669.028214839999824
11099220.376373725000778 1547669.326800777499780
11099220.376373725000778 1547669.625386714999736
11099220.376373725000778 1547669.923972652499692
11099220.376373725000778 1547670.222558589999648
11099220.674954454167315 1547665.146597652500396
11099220.674954454167315 1547665.445183590000352
11099220.674954454167315 1547665.743769527500308
11099220.674954454167315 1547666.042355465000264
11099220.674954454167315 1547666.340941402500220
11099220.674954454167315 1547666.639527340000176
11099220.674954454167315 1547666.938113277500132
11099220.674954454167315 1547667.236699215000088
11099220.674954454167315 1547667.535285152500044
11099220.674954454167315 1547667.833871090000000
11099220.674954454167315 1547668.132457027499956
11099220.674954454167315 1547668.431042964999912
11099220.674954454167315 1547668.729628902499868
11099220.674954454167315 1547669.028214839999824
11099220.674954454167315 1547669.326800777499780
11099220.674954454167315 1547669.625386714999736
11099220.674954454167315 1547669.923972652499692
11099220.674954454167315 1547670.222558589999648
11099220.973535183333852 1547665.146597652500396
11099220.973535183333852 1547665.445183590000352
11099220.973535183333852 1547665.743769527500308
11099220.973535183333852 1547666.042355465000264
11099220.973535183333852 1547666.340941402500220
11099220.973535183333852 1547666.639527340000176
11099220.973535183333852 1547666.938113277500132
11099220.973535183333852 1547667.236699215000088
11099220.973535183333852 1547667.535285152500044
11099220.973535183333852 1547667.833871090000000
11099220.973535183333852 1547668.132457027499956
11099220.973535183333852 1547668.431042964999912
11099220.973535183333852 1547668.729628902499868
11099220.973535183333852 1547669.028214839999824
11099220.973535183333852 1547669.326800777499780
11099220.973535183333852 1547669.625386714999736
11099220.973535183333852 1547669.923972652499692
11099220.973535183333852 1547670.222558589999648
11099221.272115912500389 1547665.146597652500396
11099221.272115912500389 1547665.445183590000352
11099221.272115912500389 1547665.743769527500308
11099221.272115912500389 1547666.042355465000264
11099221.272115912500389 1547666.340941402500220
11099221.272115912500389 1547666.639527340000176
11099221.272115912500389 1547666.938113277500132
11099221.272115912500389 1547667.236699215000088
11099221.272115912500389 1547667.535285152500044
11099221.272115912500389 1547667.833871090000000
11099221.272115912500389 1547668.132457027499956
11099221.272115912500389 1547668.431042964999912
11099221.272115912500389 1547668.729628902499868
11099221.272115912500389 1547669.028214839999824
11099221.272115912500389 1547669.326800777499780
11099221.272115912500389 1547669.625386714999736
11099221.272115912500389 1547669.923972652499692
11099221.272115912500389 1547670.222558589999648
11099221.570696641666926 1547665.146597652500396
11099221.570696641666926 1547665.445183590000352
11099221.570696641666926 1547665.743769527500308
11099221.570696641666926 1547666.042355465000264
11099221.570696641666926 1547666.340941402500220
11099221.570696641666926 1547666.639527340000176
11099221.570696641666926 1547666.938113277500132
11099221.570696641666926 1547667.236699215000088
11099221.570696641666926 1547667.535285152500044
11099221.570696641666926 1547667.833871090000000
11099221.570696641666926 1547668.132457027499956
11099221.570696641666926 1547668.431042964999912
11099221.570696641666926 1547668.729628902499868
11099221.570696641666926 1547669.028214839999824
11099221.570696641666926 1547669.326800777499780
11099221.570696641666926 1547669.625386714999736
11099221.570696641666926 1547669.923972652499692
11099221.570696641666926 1547670.222558589999648
11099221.869277370833463 1547665.146597652500396
11099221.869277370833463 1547665.445183590000352
11099221.869277370833463 1547665.743769527500308
11099221.869277370833463 1547666.042355465000264
11099221.869277370833463 1547666.340941402500220
11099221.869277370833463 1547666.639527340000176
11099221.869277370833463 1547666.938113277500132
11099221.869277370833463 1547667.236699215000088
11099221.869277370833463 1547667.535285152500044
11099221.869277370833463 1547667.833871090000000
11099221.869277370833463 1547668.132457027499956
11099221.869277370833463 1547668.431042964999912
11099221.869277370833463 1547668.729628902499868
11099221.869277370833463 1547669.028214839999824
11099221.869277370833463 1547669.326800777499780
11099221.869277370833463 1547669.625386714999736
11099221.869277370833463 1547669.923972652499692
11099221.869277370833463 1547670.222558589999648
11099222.167858100000000 1547665.146597652500396
11099222.167858100000000 1547665.445183590000352
11099222.167858100000000 1547665.743769527500308
11099222.167858100000000 1547666.042355465000264
11099222.167858100000000 1547666.340941402500220
11099222.167858100000000 1547666.639527340000176
11099222.167858100000000 1547666.938113277500132
11099222.167858100000000 1547667.236699215000088
11099222.167858100000000 1547667.535285152500044
11099222.167858100000000 1547667.833871090000000
11099222.167858100000000 1547668.132457027499956
11099222.167858100000000 1547668.431042964999912
11099222.167858100000000 1547668.729628902499868
11099222.167858100000000 1547669.028214839999824
11099222.167858100000000 1547669.326800777499780
11099222.167858100000000 1547669.625386714999736
11099222.167858100000000 1547669.923972652499692
11099222.167858100000000 1547670.222558589999648
11099222.466438829166537 1547665.146597652500396
11099222.466438829166537 1547665.445183590000352
11099222.466438829166537 1547665.743769527500308
11099222.466438829166537 1547666.042355465000264
11099222.466438829166537 1547666.340941402500220
11099222.466438829166537 1547666.639527340000176
11099222.466438829166537 1547666.938113277500132
11099222.466438829166537 1547667.236699215000088
11099222.466438829166537 1547667.535285152500044
11099222.466438829166537 1547667.833871090000000
11099222.466438829166537 1547668.132457027499956
11099222.466438829166537 1547668.431042964999912
11099222.466438829166537 1547668.729628902499868
11099222.466438829166537 1547669.028214839999824
11099222.466438829166537 1547669.326800777499780
11099222.466438829166537 1547669.625386714999736
11099222.466438829166537 1547669.923972652499692
11099222.466438829166537 1547670.222558589999648
11099222.765019558333074 1547665.146597652500396
11099222.765019558333074 1547665.445183590000352
11099222.765019558333074 1547665.743769527500308
11099222.765019558333074 1547666.042355465000264
11099222.765019558333074 1547666.340941402500220
11099222.765019558333074 1547666.639527340000176
11099222.765019558333074 1547666.938113277500132
11099222.765019558333074 1547667.236699215000088
11099222.765019558333074 1547667.535285152500044
11099222.765019558333074 1547667.833871090000000
11099222.765019558333074 1547668.132457027499956
11099222.765019558333074 1547668.431042964999912
11099222.765019558333074 1547668.729628902499868
11099222.765019558333074 1547669.028214839999824
11099222.765019558333074 1547669.326800777499780
11099222.765019558333074 1547669.625386714999736
11099222.765019558333074 1547669.923972652499692
11099222.765019558333074 1547670.222558589999648
11099223.063600287499611 1547665.146597652500396
11099223.063600287499611 1547665.445183590000352
11099223.063600287499611 1547665.743769527500308
11099223.063600287499611 1547666.042355465000264
11099223.063600287499611 1547666.340941402500220
11099223.063600287499611 1547666.639527340000176
11099223.063600287499611 1547666.938113277500132
11099223.063600287499611 1547667.236699215000088
11099223.063600287499611 1547667.535285152500044
11099223.063600287499611 1547667.833871090000000
11099223.063600287499611 1547668.132457027499956
11099223.063600287499611 1547668.431042964999912
11099223.063600287499611 1547668.729628902499868
11099223.063600287499611 1547669.028214839999824
11099223.063600287499611 1547669.326800777499780
11099223.063600287499611 1547669.625386714999736
11099223.063600287499611 1547669.923972652499692
11099223.063600287499611 1547670.222558589999648
11099223.362181016666148 1547665.146597652500396
11099223.362181016666148 1547665.445183590000352
11099223.362181016666148 1547665.743769527500308
11099223.362181016666148 1547666.042355465000264
11099223.362181016666148 1547666.340941402500220
11099223.362181016666148 1547666.639527340000176
11099223.362181016666148 1547666.938113277500132
11099223.362181016666148 1547667.236699215000088
11099223.362181016666148 1547667.535285152500044
11099223.362181016666148 1547667.833871090000000
11099223.362181016666148 1547668.132457027499956
11099223.362181016666148 1547668.431042964999912
11099223.362181016666148 1547668.729628902499868
11099223.362181016666148 1547669.028214839999824
11099223.362181016666148 1547669.326800777499780
11099223.362181016666148 1547669.625386714999736
11099223.362181016666148 1547669.923972652499692
11099223.362181016666148 1547670.222558589999648
11099223.660761745832685 1547665.146597652500396
11099223.660761745832685 1547665.445183590000352
11099223.660761745832685 1547665.743769527500308
11099223.660761745832685 1547666.042355465000264
11099223.660761745832685 1547666.340941402500220
11099223.660761745832685 1547666.639527340000176
11099223.660761745832685 1547666.938113277500132
11099223.660761745832685 1547667.236699215000088
11099223.660761745832685 1547667.535285152500044
11099223.660761745832685 1547667.833871090000000
11099223.660761745832685 1547668.132457027499956
11099223.660761745832685 1547668.431042964999912
11099223.660761745832685 1547668.729628902499868
11099223.660761745832685 1547669.028214839999824
11099223.660761745832685 1547669.326800777499780
11099223.660761745832685 1547669.625386714999736
11099223.660761745832685 1547669.923972652499692
11099223.660761745832685 1547670.222558589999648
11099223.959342474999222 1547665.146597652500396
11099223.959342474999222 1547665.445183590000352
11099223.959342474999222 1547665.743769527500308
11099223.959342474999222 1547666.042355465000264
11099223.959342474999222 1547666.340941402500220
11099223.959342474999222 1547666.639527340000176
11099223.959342474999222 1547666.938113277500132
11099223.959342474999222 1547667.236699215000088
11099223.959342474999222 1547667.535285152500044
11099223.959342474999222 1547667.833871090000000
11099223.959342474999222 1547668.132457027499956
11099223.959342474999222 1547668.431042964999912
11099223.959342474999222 1547668.729628902499868
11099223.959342474999222 1547669.028214839999824
11099223.959342474999222 1547669.326800777499780
11099223.959342474999222 1547669.625386714999736
11099223.959342474999222 1547669.923972652499692
11099223.959342474999222 1547670.222558589999648
11099224.257923204165759 1547665.146597652500396
11099224.257923204165759 1547665.445183590000352
11099224.257923204165759 1547665.743769527500308
11099224.257923204165759 1547666.042355465000264
11099224.257923204165759 1547666.340941402500220
11099224.257923204165759 1547666.639527340000176
11099224.257923204165759 1547666.938113277500132
11099224.257923204165759 1547667.236699215000088
11099224.257923204165759 1547667.535285152500044
11099224.257923204165759 1547667.833871090000000
11099224.257923204165759 1547668.132457027499956
11099224.257923204165759 1547668.431042964999912
11099224.257923204165759 1547668.729628902499868
11099224.257923204165759 1547669.028214839999824
11099224.257923204165759 1547669.326800777499780
11099224.257923204165759 1547669.625386714999736
11099224.257923204165759 1547669.923972652499692
11099224.257923204165759 1547670.222558589999648
11099224.556503933332296 1547665.146597652500396
11099224.556503933332296 1547665.445183590000352
11099224.556503933332296 1547665.743769527500308
11099224.556503933332296 1547666.042355465000264
11099224.556503933332296 1547666.340941402500220
11099224.556503933332296 1547666.639527340000176
11099224.556503933332296 1547666.938113277500132
11099224.556503933332296 1547667.236699215000088
11099224.556503933332296 1547667.535285152500044
11099224.556503933332296 1547667.833871090000000
11099224.556503933332296 1547668.132457027499956
11099224.556503933332296 1547668.431042964999912
11099224.556503933332296 1547668.729628902499868
11099224.556503933332296 1547669.028214839999824
11099224.556503933332296 1547669.326800777499780
11099224.556503933332296 1547669.625386714999736
11099224.556503933332296 1547669.923972652499692
11099224.556503933332296 1547670.222558589999648
