11099408.780813837501167 1547677.090035152500396
11099408.780813837501167 1547677.388621090000352
11099408.780813837501167 1547677.687207027500308
11099408.780813837501167 1547677.985792965000264
11099408.780813837501167 1547678.284378902500220
11099408.780813837501167 1547678.582964840000176
11099408.780813837501167 1547678.881550777500132
11099408.780813837501167 1547679.180136715000088
11099408.780813837501167 1547679.478722652500044
11099408.780813837501167 1547679.777308590000000
11099408.780813837501167 1547680.075894527499956
11099408.780813837501167 1547680.374480464999912
11099408.780813837501167 1547680.673066402499868
11099408.780813837501167 1547680.971652339999824
11099408.780813837501167 1547681.270238277499780
11099408.780813837501167 1547681.568824214999736
11099408.780813837501167 1547681.867410152499692
11099408.780813837501167 1547682.165996089999648
11099409.079394566667704 1547677.090035152500396
11099409.079394566667704 1547677.388621090000352
11099409.079394566667704 1547677.687207027500308
11099409.079394566667704 1547677.985792965000264
11099409.079394566667704 1547678.284378902500220
11099409.079394566667704 1547678.582964840000176
11099409.079394566667704 1547678.881550777500132
11099409.079394566667704 1547679.180136715000088
11099409.079394566667704 1547679.478722652500044
11099409.079394566667704 1547679.777308590000000
11099409.079394566667704 1547680.075894527499956
11099409.079394566667704 1547680.374480464999912
11099409.079394566667704 1547680.673066402499868
11099409.079394566667704 1547680.971652339999824
11099409.079394566667704 1547681.270238277499780
11099409.079394566667704 1547681.568824214999736
11099409.079394566667704 1547681.867410152499692
11099409.079394566667704 1547682.165996089999648
11099409.377975295834241 1547677.090035152500396
11099409.377975295834241 1547677.388621090000352
11099409.377975295834241 1547677.687207027500308
11099409.377975295834241 1547677.985792965000264
11099409.377975295834241 1547678.284378902500220
11099409.377975295834241 1547678.582964840000176
11099409.377975295834241 1547678.881550777500132
11099409.377975295834241 1547679.180136715000088
11099409.377975295834241 1547679.478722652500044
11099409.377975295834241 1547679.777308590000000
11099409.377975295834241 1547680.075894527499956
11099409.377975295834241 1547680.374480464999912
11099409.377975295834241 1547680.673066402499868
11099409.377975295834241 1547680.971652339999824
11099409.377975295834241 1547681.270238277499780
11099409.377975295834241 1547681.568824214999736
11099409.377975295834241 1547681.867410152499692
11099409.377975295834241 1547682.165996089999648
11099409.676556025000778 1547677.090035152500396
11099409.676556025000778 1547677.388621090000352
11099409.676556025000778 1547677.687207027500308
11099409.676556025000778 1547677.985792965000264
11099409.676556025000778 1547678.284378902500220
11099409.676556025000778 1547678.582964840000176
11099409.676556025000778 1547678.881550777500132
11099409.676556025000778 1547679.180136715000088
11099409.676556025000778 1547679.478722652500044
11099409.676556025000778 1547679.777308590000000
11099409.676556025000778 1547680.075894527499956
11099409.676556025000778 1547680.374480464999912
11099409.676556025000778 1547680.673066402499868
11099409.676556025000778 1547680.971652339999824
11099409.676556025000778 1547681.270238277499780
11099409.676556025000778 1547681.568824214999736
11099409.676556025000778 1547681.867410152499692
11099409.676556025000778 1547682.165996089999648
11099409.975136754167315 1547677.090035152500396
11099409.975136754167315 1547677.388621090000352
11099409.975136754167315 1547677.687207027500308
11099409.975136754167315 1547677.985792965000264
11099409.975136754167315 1547678.284378902500220
11099409.975136754167315 1547678.582964840000176
11099409.975136754167315 1547678.881550777500132
11099409.975136754167315 1547679.180136715000088
11099409.975136754167315 1547679.478722652500044
11099409.975136754167315 1547679.777308590000000
11099409.975136754167315 1547680.075894527499956
11099409.975136754167315 1547680.374480464999912
11099409.975136754167315 1547680.673066402499868
11099409.975136754167315 1547680.971652339999824
11099409.975136754167315 1547681.270238277499780
11099409.975136754167315 1547681.568824214999736
11099409.975136754167315 1547681.867410152499692
11099409.975136754167315 1547682.165996089999648
11099410.273717483333852 1547677.090035152500396
11099410.273717483333852 1547677.388621090000352
11099410.273717483333852 1547677.687207027500308
11099410.273717483333852 1547677.985792965000264
11099410.273717483333852 1547678.284378902500220
11099410.273717483333852 1547678.582964840000176
11099410.273717483333852 1547678.881550777500132
11099410.273717483333852 1547679.180136715000088
11099410.273717483333852 1547679.478722652500044
11099410.273717483333852 1547679.777308590000000
11099410.273717483333852 1547680.075894527499956
11099410.273717483333852 1547680.374480464999912
11099410.273717483333852 1547680.673066402499868
11099410.273717483333852 1547680.971652339999824
11099410.273717483333852 1547681.270238277499780
11099410.273717483333852 1547681.568824214999736
11099410.273717483333852 1547681.867410152499692
11099410.273717483333852 1547682.165996089999648
11099410.572298212500389 1547677.090035152500396
11099410.572298212500389 1547677.388621090000352
11099410.572298212500389 1547677.687207027500308
11099410.572298212500389 1547677.985792965000264
11099410.572298212500389 1547678.284378902500220
11099410.572298212500389 1547678.582964840000176
11099410.572298212500389 1547678.881550777500132
11099410.572298212500389 1547679.180136715000088
11099410.572298212500389 1547679.478722652500044
11099410.572298212500389 1547679.777308590000000
11099410.572298212500389 1547680.075894527499956
11099410.572298212500389 1547680.374480464999912
11099410.572298212500389 1547680.673066402499868
11099410.572298212500389 1547680.971652339999824
11099410.572298212500389 1547681.270238277499780
11099410.572298212500389 1547681.568824214999736
11099410.572298212500389 1547681.867410152499692
11099410.572298212500389 1547682.165996089999648
11099410.870878941666926 1547677.090035152500396
11099410.870878941666926 1547677.388621090000352
11099410.870878941666926 1547677.687207027500308
11099410.870878941666926 1547677.985792965000264
11099410.870878941666926 1547678.284378902500220
11099410.870878941666926 1547678.582964840000176
11099410.870878941666926 1547678.881550777500132
11099410.870878941666926 1547679.180136715000088
11099410.870878941666926 1547679.478722652500044
11099410.870878941666926 1547679.777308590000000
11099410.870878941666926 1547680.075894527499956
11099410.870878941666926 1547680.374480464999912
11099410.870878941666926 1547680.673066402499868
11099410.870878941666926 1547680.971652339999824
11099410.870878941666926 1547681.270238277499780
11099410.870878941666926 1547681.568824214999736
11099410.870878941666926 1547681.867410152499692
11099410.870878941666926 1547682.165996089999648
11099411.169459670833463 1547677.090035152500396
11099411.169459670833463 1547677.388621090000352
11099411.169459670833463 1547677.687207027500308
11099411.169459670833463 1547677.985792965000264
11099411.169459670833463 1547678.284378902500220
11099411.169459670833463 1547678.582964840000176
11099411.169459670833463 1547678.881550777500132
11099411.169459670833463 1547679.180136715000088
11099411.169459670833463 1547679.478722652500044
11099411.169459670833463 1547679.777308590000000
11099411.169459670833463 1547680.075894527499956
11099411.169459670833463 1547680.374480464999912
11099411.169459670833463 1547680.673066402499868
11099411.169459670833463 1547680.971652339999824
11099411.169459670833463 1547681.270238277499780
11099411.169459670833463 1547681.568824214999736
11099411.169459670833463 1547681.867410152499692
11099411.169459670833463 1547682.165996089999648
11099411.468040400000000 1547677.090035152500396
11099411.468040400000000 1547677.388621090000352
11099411.468040400000000 1547677.687207027500308
11099411.468040400000000 1547677.985792965000264
11099411.468040400000000 1547678.284378902500220
11099411.468040400000000 1547678.582964840000176
11099411.468040400000000 1547678.881550777500132
11099411.468040400000000 1547679.180136715000088
11099411.468040400000000 1547679.478722652500044
11099411.468040400000000 1547679.777308590000000
11099411.468040400000000 1547680.075894527499956
11099411.468040400000000 1547680.374480464999912
11099411.468040400000000 1547680.673066402499868
11099411.468040400000000 1547680.971652339999824
11099411.468040400000000 1547681.270238277499780
11099411.468040400000000 1547681.568824214999736
11099411.468040400000000 1547681.867410152499692
11099411.468040400000000 1547682.165996089999648
11099411.766621129166537 1547677.090035152500396
11099411.766621129166537 1547677.388621090000352
11099411.766621129166537 1547677.687207027500308
11099411.766621129166537 1547677.985792965000264
11099411.766621129166537 1547678.284378902500220
11099411.766621129166537 1547678.582964840000176
11099411.766621129166537 1547678.881550777500132
11099411.766621129166537 1547679.180136715000088
11099411.766621129166537 1547679.478722652500044
11099411.766621129166537 1547679.777308590000000
11099411.766621129166537 1547680.075894527499956
11099411.766621129166537 1547680.374480464999912
11099411.766621129166537 1547680.673066402499868
11099411.766621129166537 1547680.971652339999824
11099411.766621129166537 1547681.270238277499780
11099411.766621129166537 1547681.568824214999736
11099411.766621129166537 1547681.867410152499692
11099411.766621129166537 1547682.165996089999648
11099412.065201858333074 1547677.090035152500396
11099412.065201858333074 1547677.388621090000352
11099412.065201858333074 1547677.687207027500308
11099412.065201858333074 1547677.985792965000264
11099412.065201858333074 1547678.284378902500220
11099412.065201858333074 1547678.582964840000176
11099412.065201858333074 1547678.881550777500132
11099412.065201858333074 1547679.180136715000088
11099412.065201858333074 1547679.478722652500044
11099412.065201858333074 1547679.777308590000000
11099412.065201858333074 1547680.075894527499956
11099412.065201858333074 1547680.374480464999912
11099412.065201858333074 1547680.673066402499868
11099412.065201858333074 1547680.971652339999824
11099412.065201858333074 1547681.270238277499780
11099412.065201858333074 1547681.568824214999736
11099412.065201858333074 1547681.867410152499692
11099412.065201858333074 1547682.165996089999648
11099412.363782587499611 1547677.090035152500396
11099412.363782587499611 1547677.388621090000352
11099412.363782587499611 1547677.687207027500308
11099412.363782587499611 1547677.985792965000264
11099412.363782587499611 1547678.284378902500220
11099412.363782587499611 1547678.582964840000176
11099412.363782587499611 1547678.881550777500132
11099412.363782587499611 1547679.180136715000088
11099412.363782587499611 1547679.478722652500044
11099412.363782587499611 1547679.777308590000000
11099412.363782587499611 1547680.075894527499956
11099412.363782587499611 1547680.374480464999912
11099412.363782587499611 1547680.673066402499868
11099412.363782587499611 1547680.971652339999824
11099412.363782587499611 1547681.270238277499780
11099412.363782587499611 1547681.568824214999736
11099412.363782587499611 1547681.867410152499692
11099412.363782587499611 1547682.165996089999648
11099412.662363316666148 1547677.090035152500396
11099412.662363316666148 1547677.388621090000352
11099412.662363316666148 1547677.687207027500308
11099412.662363316666148 1547677.985792965000264
11099412.662363316666148 1547678.284378902500220
11099412.662363316666148 1547678.582964840000176
11099412.662363316666148 1547678.881550777500132
11099412.662363316666148 1547679.180136715000088
11099412.662363316666148 1547679.478722652500044
11099412.662363316666148 1547679.777308590000000
11099412.662363316666148 1547680.075894527499956
11099412.662363316666148 1547680.374480464999912
11099412.662363316666148 1547680.673066402499868
11099412.662363316666148 1547680.971652339999824
11099412.662363316666148 1547681.270238277499780
11099412.662363316666148 1547681.568824214999736
11099412.662363316666148 1547681.867410152499692
11099412.662363316666148 1547682.165996089999648
11099412.960944045832685 1547677.090035152500396
11099412.960944045832685 1547677.388621090000352
11099412.960944045832685 1547677.687207027500308
11099412.960944045832685 1547677.985792965000264
11099412.960944045832685 1547678.284378902500220
11099412.960944045832685 1547678.582964840000176
11099412.960944045832685 1547678.881550777500132
11099412.960944045832685 1547679.180136715000088
11099412.960944045832685 1547679.478722652500044
11099412.960944045832685 1547679.777308590000000
11099412.960944045832685 1547680.075894527499956
11099412.960944045832685 1547680.374480464999912
11099412.960944045832685 1547680.673066402499868
11099412.960944045832685 1547680.971652339999824
11099412.960944045832685 1547681.270238277499780
11099412.960944045832685 1547681.568824214999736
11099412.960944045832685 1547681.867410152499692
11099412.960944045832685 1547682.165996089999648
11099413.259524774999222 1547677.090035152500396
11099413.259524774999222 1547677.388621090000352
11099413.259524774999222 1547677.687207027500308
11099413.259524774999222 1547677.985792965000264
11099413.259524774999222 1547678.284378902500220
11099413.259524774999222 1547678.582964840000176
11099413.259524774999222 1547678.881550777500132
11099413.259524774999222 1547679.180136715000088
11099413.259524774999222 1547679.478722652500044
11099413.259524774999222 1547679.777308590000000
11099413.259524774999222 1547680.075894527499956
11099413.259524774999222 1547680.374480464999912
11099413.259524774999222 1547680.673066402499868
11099413.259524774999222 1547680.971652339999824
11099413.259524774999222 1547681.270238277499780
11099413.259524774999222 1547681.568824214999736
11099413.259524774999222 1547681.867410152499692
11099413.259524774999222 1547682.165996089999648
11099413.558105504165759 1547677.090035152500396
11099413.558105504165759 1547677.388621090000352
11099413.558105504165759 1547677.687207027500308
11099413.558105504165759 1547677.985792965000264
11099413.558105504165759 1547678.284378902500220
11099413.558105504165759 1547678.582964840000176
11099413.558105504165759 1547678.881550777500132
11099413.558105504165759 1547679.180136715000088
11099413.558105504165759 1547679.478722652500044
11099413.558105504165759 1547679.777308590000000
11099413.558105504165759 1547680.075894527499956
11099413.558105504165759 1547680.374480464999912
11099413.558105504165759 1547680.673066402499868
11099413.558105504165759 1547680.971652339999824
11099413.558105504165759 1547681.270238277499780
11099413.558105504165759 1547681.568824214999736
11099413.558105504165759 1547681.867410152499692
11099413.558105504165759 1547682.165996089999648
11099413.856686233332296 1547677.090035152500396
11099413.856686233332296 1547677.388621090000352
11099413.856686233332296 1547677.687207027500308
11099413.856686233332296 1547677.985792965000264
11099413.856686233332296 1547678.284378902500220
11099413.856686233332296 1547678.582964840000176
11099413.856686233332296 1547678.881550777500132
11099413.856686233332296 1547679.180136715000088
11099413.856686233332296 1547679.478722652500044
11099413.856686233332296 1547679.777308590000000
11099413.856686233332296 1547680.075894527499956
11099413.856686233332296 1547680.374480464999912
11099413.856686233332296 1547680.673066402499868
11099413.856686233332296 1547680.971652339999824
11099413.856686233332296 1547681.270238277499780
11099413.856686233332296 1547681.568824214999736
11099413.856686233332296 1547681.867410152499692
11099413.856686233332296 1547682.165996089999648
