11099267.253548137501167 1547808.766433592500396
11099267.253548137501167 1547809.065019530000352
11099267.253548137501167 1547809.363605467500308
11099267.253548137501167 1547809.662191405000264
11099267.253548137501167 1547809.960777342500220
11099267.253548137501167 1547810.259363280000176
11099267.253548137501167 1547810.557949217500132
11099267.253548137501167 1547810.856535155000088
11099267.253548137501167 1547811.155121092500044
11099267.253548137501167 1547811.453707030000000
11099267.253548137501167 1547811.752292967499956
11099267.253548137501167 1547812.050878904999912
11099267.253548137501167 1547812.349464842499868
11099267.253548137501167 1547812.648050779999824
11099267.253548137501167 1547812.946636717499780
11099267.253548137501167 1547813.245222654999736
11099267.253548137501167 1547813.543808592499692
11099267.253548137501167 1547813.842394529999648
11099267.552128866667704 1547808.766433592500396
11099267.552128866667704 1547809.065019530000352
11099267.552128866667704 1547809.363605467500308
11099267.552128866667704 1547809.662191405000264
11099267.552128866667704 1547809.960777342500220
11099267.552128866667704 1547810.259363280000176
11099267.552128866667704 1547810.557949217500132
11099267.552128866667704 1547810.856535155000088
11099267.552128866667704 1547811.155121092500044
11099267.552128866667704 1547811.453707030000000
11099267.552128866667704 1547811.752292967499956
11099267.552128866667704 1547812.050878904999912
11099267.552128866667704 1547812.349464842499868
11099267.552128866667704 1547812.648050779999824
11099267.552128866667704 1547812.946636717499780
11099267.552128866667704 1547813.245222654999736
11099267.552128866667704 1547813.543808592499692
11099267.552128866667704 1547813.842394529999648
11099267.850709595834241 1547808.766433592500396
11099267.850709595834241 1547809.065019530000352
11099267.850709595834241 1547809.363605467500308
11099267.850709595834241 1547809.662191405000264
11099267.850709595834241 1547809.960777342500220
11099267.850709595834241 1547810.259363280000176
11099267.850709595834241 1547810.557949217500132
11099267.850709595834241 1547810.856535155000088
11099267.850709595834241 1547811.155121092500044
11099267.850709595834241 1547811.453707030000000
11099267.850709595834241 1547811.752292967499956
11099267.850709595834241 1547812.050878904999912
11099267.850709595834241 1547812.349464842499868
11099267.850709595834241 1547812.648050779999824
11099267.850709595834241 1547812.946636717499780
11099267.850709595834241 1547813.245222654999736
11099267.850709595834241 1547813.543808592499692
11099267.850709595834241 1547813.842394529999648
11099268.149290325000778 1547808.766433592500396
11099268.149290325000778 1547809.065019530000352
11099268.149290325000778 1547809.363605467500308
11099268.149290325000778 1547809.662191405000264
11099268.149290325000778 1547809.960777342500220
11099268.149290325000778 1547810.259363280000176
11099268.149290325000778 1547810.557949217500132
11099268.149290325000778 1547810.856535155000088
11099268.149290325000778 1547811.155121092500044
11099268.149290325000778 1547811.453707030000000
11099268.149290325000778 1547811.752292967499956
11099268.149290325000778 1547812.050878904999912
11099268.149290325000778 1547812.349464842499868
11099268.149290325000778 1547812.648050779999824
11099268.149290325000778 1547812.946636717499780
11099268.149290325000778 1547813.245222654999736
11099268.149290325000778 1547813.543808592499692
11099268.149290325000778 1547813.842394529999648
11099268.447871054167315 1547808.766433592500396
11099268.447871054167315 1547809.065019530000352
11099268.447871054167315 1547809.363605467500308
11099268.447871054167315 1547809.662191405000264
11099268.447871054167315 1547809.960777342500220
11099268.447871054167315 1547810.259363280000176
11099268.447871054167315 1547810.557949217500132
11099268.447871054167315 1547810.856535155000088
11099268.447871054167315 1547811.155121092500044
11099268.447871054167315 1547811.453707030000000
11099268.447871054167315 1547811.752292967499956
11099268.447871054167315 1547812.050878904999912
11099268.447871054167315 1547812.349464842499868
11099268.447871054167315 1547812.648050779999824
11099268.447871054167315 1547812.946636717499780
11099268.447871054167315 1547813.245222654999736
11099268.447871054167315 1547813.543808592499692
11099268.447871054167315 1547813.842394529999648
11099268.746451783333852 1547808.766433592500396
11099268.746451783333852 1547809.065019530000352
11099268.746451783333852 1547809.363605467500308
11099268.746451783333852 1547809.662191405000264
11099268.746451783333852 1547809.960777342500220
11099268.746451783333852 1547810.259363280000176
11099268.746451783333852 1547810.557949217500132
11099268.746451783333852 1547810.856535155000088
11099268.746451783333852 1547811.155121092500044
11099268.746451783333852 1547811.453707030000000
11099268.746451783333852 1547811.752292967499956
11099268.746451783333852 1547812.050878904999912
11099268.746451783333852 1547812.349464842499868
11099268.746451783333852 1547812.648050779999824
11099268.746451783333852 1547812.946636717499780
11099268.746451783333852 1547813.245222654999736
11099268.746451783333852 1547813.543808592499692
11099268.746451783333852 1547813.842394529999648
11099269.045032512500389 1547808.766433592500396
11099269.045032512500389 1547809.065019530000352
11099269.045032512500389 1547809.363605467500308
11099269.045032512500389 1547809.662191405000264
11099269.045032512500389 1547809.960777342500220
11099269.045032512500389 1547810.259363280000176
11099269.045032512500389 1547810.557949217500132
11099269.045032512500389 1547810.856535155000088
11099269.045032512500389 1547811.155121092500044
11099269.045032512500389 1547811.453707030000000
11099269.045032512500389 1547811.752292967499956
11099269.045032512500389 1547812.050878904999912
11099269.045032512500389 1547812.349464842499868
11099269.045032512500389 1547812.648050779999824
11099269.045032512500389 1547812.946636717499780
11099269.045032512500389 1547813.245222654999736
11099269.045032512500389 1547813.543808592499692
11099269.045032512500389 1547813.842394529999648
11099269.343613241666926 1547808.766433592500396
11099269.343613241666926 1547809.065019530000352
11099269.343613241666926 1547809.363605467500308
11099269.343613241666926 1547809.662191405000264
11099269.343613241666926 1547809.960777342500220
11099269.343613241666926 1547810.259363280000176
11099269.343613241666926 1547810.557949217500132
11099269.343613241666926 1547810.856535155000088
11099269.343613241666926 1547811.155121092500044
11099269.343613241666926 1547811.453707030000000
11099269.343613241666926 1547811.752292967499956
11099269.343613241666926 1547812.050878904999912
11099269.343613241666926 1547812.349464842499868
11099269.343613241666926 1547812.648050779999824
11099269.343613241666926 1547812.946636717499780
11099269.343613241666926 1547813.245222654999736
11099269.343613241666926 1547813.543808592499692
11099269.343613241666926 1547813.842394529999648
11099269.642193970833463 1547808.766433592500396
11099269.642193970833463 1547809.065019530000352
11099269.642193970833463 1547809.363605467500308
11099269.642193970833463 1547809.662191405000264
11099269.642193970833463 1547809.960777342500220
11099269.642193970833463 1547810.259363280000176
11099269.642193970833463 1547810.557949217500132
11099269.642193970833463 1547810.856535155000088
11099269.642193970833463 1547811.155121092500044
11099269.642193970833463 1547811.453707030000000
11099269.642193970833463 1547811.752292967499956
11099269.642193970833463 1547812.050878904999912
11099269.642193970833463 1547812.349464842499868
11099269.642193970833463 1547812.648050779999824
11099269.642193970833463 1547812.946636717499780
11099269.642193970833463 1547813.245222654999736
11099269.642193970833463 1547813.543808592499692
11099269.642193970833463 1547813.842394529999648
11099269.940774700000000 1547808.766433592500396
11099269.940774700000000 1547809.065019530000352
11099269.940774700000000 1547809.363605467500308
11099269.940774700000000 1547809.662191405000264
11099269.940774700000000 1547809.960777342500220
11099269.940774700000000 1547810.259363280000176
11099269.940774700000000 1547810.557949217500132
11099269.940774700000000 1547810.856535155000088
11099269.940774700000000 1547811.155121092500044
11099269.940774700000000 1547811.453707030000000
11099269.940774700000000 1547811.752292967499956
11099269.940774700000000 1547812.050878904999912
11099269.940774700000000 1547812.349464842499868
11099269.940774700000000 1547812.648050779999824
11099269.940774700000000 1547812.946636717499780
11099269.940774700000000 1547813.245222654999736
11099269.940774700000000 1547813.543808592499692
11099269.940774700000000 1547813.842394529999648
11099270.239355429166537 1547808.766433592500396
11099270.239355429166537 1547809.065019530000352
11099270.239355429166537 1547809.363605467500308
11099270.239355429166537 1547809.662191405000264
11099270.239355429166537 1547809.960777342500220
11099270.239355429166537 1547810.259363280000176
11099270.239355429166537 1547810.557949217500132
11099270.239355429166537 1547810.856535155000088
11099270.239355429166537 1547811.155121092500044
11099270.239355429166537 1547811.453707030000000
11099270.239355429166537 1547811.752292967499956
11099270.239355429166537 1547812.050878904999912
11099270.239355429166537 1547812.349464842499868
11099270.239355429166537 1547812.648050779999824
11099270.239355429166537 1547812.946636717499780
11099270.239355429166537 1547813.245222654999736
11099270.239355429166537 1547813.543808592499692
11099270.239355429166537 1547813.842394529999648
11099270.537936158333074 1547808.766433592500396
11099270.537936158333074 1547809.065019530000352
11099270.537936158333074 1547809.363605467500308
11099270.537936158333074 1547809.662191405000264
11099270.537936158333074 1547809.960777342500220
11099270.537936158333074 1547810.259363280000176
11099270.537936158333074 1547810.557949217500132
11099270.537936158333074 1547810.856535155000088
11099270.537936158333074 1547811.155121092500044
11099270.537936158333074 1547811.453707030000000
11099270.537936158333074 1547811.752292967499956
11099270.537936158333074 1547812.050878904999912
11099270.537936158333074 1547812.349464842499868
11099270.537936158333074 1547812.648050779999824
11099270.537936158333074 1547812.946636717499780
11099270.537936158333074 1547813.245222654999736
11099270.537936158333074 1547813.543808592499692
11099270.537936158333074 1547813.842394529999648
11099270.836516887499611 1547808.766433592500396
11099270.836516887499611 1547809.065019530000352
11099270.836516887499611 1547809.363605467500308
11099270.836516887499611 1547809.662191405000264
11099270.836516887499611 1547809.960777342500220
11099270.836516887499611 1547810.259363280000176
11099270.836516887499611 1547810.557949217500132
11099270.836516887499611 1547810.856535155000088
11099270.836516887499611 1547811.155121092500044
11099270.836516887499611 1547811.453707030000000
11099270.836516887499611 1547811.752292967499956
11099270.836516887499611 1547812.050878904999912
11099270.836516887499611 1547812.349464842499868
11099270.836516887499611 1547812.648050779999824
11099270.836516887499611 1547812.946636717499780
11099270.836516887499611 1547813.245222654999736
11099270.836516887499611 1547813.543808592499692
11099270.836516887499611 1547813.842394529999648
11099271.135097616666148 1547808.766433592500396
11099271.135097616666148 1547809.065019530000352
11099271.135097616666148 1547809.363605467500308
11099271.135097616666148 1547809.662191405000264
11099271.135097616666148 1547809.960777342500220
11099271.135097616666148 1547810.259363280000176
11099271.135097616666148 1547810.557949217500132
11099271.135097616666148 1547810.856535155000088
11099271.135097616666148 1547811.155121092500044
11099271.135097616666148 1547811.453707030000000
11099271.135097616666148 1547811.752292967499956
11099271.135097616666148 1547812.050878904999912
11099271.135097616666148 1547812.349464842499868
11099271.135097616666148 1547812.648050779999824
11099271.135097616666148 1547812.946636717499780
11099271.135097616666148 1547813.245222654999736
11099271.135097616666148 1547813.543808592499692
11099271.135097616666148 1547813.842394529999648
11099271.433678345832685 1547808.766433592500396
11099271.433678345832685 1547809.065019530000352
11099271.433678345832685 1547809.363605467500308
11099271.433678345832685 1547809.662191405000264
11099271.433678345832685 1547809.960777342500220
11099271.433678345832685 1547810.259363280000176
11099271.433678345832685 1547810.557949217500132
11099271.433678345832685 1547810.856535155000088
11099271.433678345832685 1547811.155121092500044
11099271.433678345832685 1547811.453707030000000
11099271.433678345832685 1547811.752292967499956
11099271.433678345832685 1547812.050878904999912
11099271.433678345832685 1547812.349464842499868
11099271.433678345832685 1547812.648050779999824
11099271.433678345832685 1547812.946636717499780
11099271.433678345832685 1547813.245222654999736
11099271.433678345832685 1547813.543808592499692
11099271.433678345832685 1547813.842394529999648
11099271.732259074999222 1547808.766433592500396
11099271.732259074999222 1547809.065019530000352
11099271.732259074999222 1547809.363605467500308
11099271.732259074999222 1547809.662191405000264
11099271.732259074999222 1547809.960777342500220
11099271.732259074999222 1547810.259363280000176
11099271.732259074999222 1547810.557949217500132
11099271.732259074999222 1547810.856535155000088
11099271.732259074999222 1547811.155121092500044
11099271.732259074999222 1547811.453707030000000
11099271.732259074999222 1547811.752292967499956
11099271.732259074999222 1547812.050878904999912
11099271.732259074999222 1547812.349464842499868
11099271.732259074999222 1547812.648050779999824
11099271.732259074999222 1547812.946636717499780
11099271.732259074999222 1547813.245222654999736
11099271.732259074999222 1547813.543808592499692
11099271.732259074999222 1547813.842394529999648
11099272.030839804165759 1547808.766433592500396
11099272.030839804165759 1547809.065019530000352
11099272.030839804165759 1547809.363605467500308
11099272.030839804165759 1547809.662191405000264
11099272.030839804165759 1547809.960777342500220
11099272.030839804165759 1547810.259363280000176
11099272.030839804165759 1547810.557949217500132
11099272.030839804165759 1547810.856535155000088
11099272.030839804165759 1547811.155121092500044
11099272.030839804165759 1547811.453707030000000
11099272.030839804165759 1547811.752292967499956
11099272.030839804165759 1547812.050878904999912
11099272.030839804165759 1547812.349464842499868
11099272.030839804165759 1547812.648050779999824
11099272.030839804165759 1547812.946636717499780
11099272.030839804165759 1547813.245222654999736
11099272.030839804165759 1547813.543808592499692
11099272.030839804165759 1547813.842394529999648
11099272.329420533332296 1547808.766433592500396
11099272.329420533332296 1547809.065019530000352
11099272.329420533332296 1547809.363605467500308
11099272.329420533332296 1547809.662191405000264
11099272.329420533332296 1547809.960777342500220
11099272.329420533332296 1547810.259363280000176
11099272.329420533332296 1547810.557949217500132
11099272.329420533332296 1547810.856535155000088
11099272.329420533332296 1547811.155121092500044
11099272.329420533332296 1547811.453707030000000
11099272.329420533332296 1547811.752292967499956
11099272.329420533332296 1547812.050878904999912
11099272.329420533332296 1547812.349464842499868
11099272.329420533332296 1547812.648050779999824
11099272.329420533332296 1547812.946636717499780
11099272.329420533332296 1547813.245222654999736
11099272.329420533332296 1547813.543808592499692
11099272.329420533332296 1547813.842394529999648
