11099431.472949237501167 1547831.757550782500396
11099431.472949237501167 1547832.056136720000352
11099431.472949237501167 1547832.354722657500308
11099431.472949237501167 1547832.653308595000264
11099431.472949237501167 1547832.951894532500220
11099431.472949237501167 1547833.250480470000176
11099431.472949237501167 1547833.549066407500132
11099431.472949237501167 1547833.847652345000088
11099431.472949237501167 1547834.146238282500044
11099431.472949237501167 1547834.444824220000000
11099431.472949237501167 1547834.743410157499956
11099431.472949237501167 1547835.041996094999912
11099431.472949237501167 1547835.340582032499868
11099431.472949237501167 1547835.639167969999824
11099431.472949237501167 1547835.937753907499780
11099431.472949237501167 1547836.236339844999736
11099431.472949237501167 1547836.534925782499692
11099431.472949237501167 1547836.833511719999648
11099431.771529966667704 1547831.757550782500396
11099431.771529966667704 1547832.056136720000352
11099431.771529966667704 1547832.354722657500308
11099431.771529966667704 1547832.653308595000264
11099431.771529966667704 1547832.951894532500220
11099431.771529966667704 1547833.250480470000176
11099431.771529966667704 1547833.549066407500132
11099431.771529966667704 1547833.847652345000088
11099431.771529966667704 1547834.146238282500044
11099431.771529966667704 1547834.444824220000000
11099431.771529966667704 1547834.743410157499956
11099431.771529966667704 1547835.041996094999912
11099431.771529966667704 1547835.340582032499868
11099431.771529966667704 1547835.639167969999824
11099431.771529966667704 1547835.937753907499780
11099431.771529966667704 1547836.236339844999736
11099431.771529966667704 1547836.534925782499692
11099431.771529966667704 1547836.833511719999648
11099432.070110695834241 1547831.757550782500396
11099432.070110695834241 1547832.056136720000352
11099432.070110695834241 1547832.354722657500308
11099432.070110695834241 1547832.653308595000264
11099432.070110695834241 1547832.951894532500220
11099432.070110695834241 1547833.250480470000176
11099432.070110695834241 1547833.549066407500132
11099432.070110695834241 1547833.847652345000088
11099432.070110695834241 1547834.146238282500044
11099432.070110695834241 1547834.444824220000000
11099432.070110695834241 1547834.743410157499956
11099432.070110695834241 1547835.041996094999912
11099432.070110695834241 1547835.340582032499868
11099432.070110695834241 1547835.639167969999824
11099432.070110695834241 1547835.937753907499780
11099432.070110695834241 1547836.236339844999736
11099432.070110695834241 1547836.534925782499692
11099432.070110695834241 1547836.833511719999648
11099432.368691425000778 1547831.757550782500396
11099432.368691425000778 1547832.056136720000352
11099432.368691425000778 1547832.354722657500308
11099432.368691425000778 1547832.653308595000264
11099432.368691425000778 1547832.951894532500220
11099432.368691425000778 1547833.250480470000176
11099432.368691425000778 1547833.549066407500132
11099432.368691425000778 1547833.847652345000088
11099432.368691425000778 1547834.146238282500044
11099432.368691425000778 1547834.444824220000000
11099432.368691425000778 1547834.743410157499956
11099432.368691425000778 1547835.041996094999912
11099432.368691425000778 1547835.340582032499868
11099432.368691425000778 1547835.639167969999824
11099432.368691425000778 1547835.937753907499780
11099432.368691425000778 1547836.236339844999736
11099432.368691425000778 1547836.534925782499692
11099432.368691425000778 1547836.833511719999648
11099432.667272154167315 1547831.757550782500396
11099432.667272154167315 1547832.056136720000352
11099432.667272154167315 1547832.354722657500308
11099432.667272154167315 1547832.653308595000264
11099432.667272154167315 1547832.951894532500220
11099432.667272154167315 1547833.250480470000176
11099432.667272154167315 1547833.549066407500132
11099432.667272154167315 1547833.847652345000088
11099432.667272154167315 1547834.146238282500044
11099432.667272154167315 1547834.444824220000000
11099432.667272154167315 1547834.743410157499956
11099432.667272154167315 1547835.041996094999912
11099432.667272154167315 1547835.340582032499868
11099432.667272154167315 1547835.639167969999824
11099432.667272154167315 1547835.937753907499780
11099432.667272154167315 1547836.236339844999736
11099432.667272154167315 1547836.534925782499692
11099432.667272154167315 1547836.833511719999648
11099432.965852883333852 1547831.757550782500396
11099432.965852883333852 1547832.056136720000352
11099432.965852883333852 1547832.354722657500308
11099432.965852883333852 1547832.653308595000264
11099432.965852883333852 1547832.951894532500220
11099432.965852883333852 1547833.250480470000176
11099432.965852883333852 1547833.549066407500132
11099432.965852883333852 1547833.847652345000088
11099432.965852883333852 1547834.146238282500044
11099432.965852883333852 1547834.444824220000000
11099432.965852883333852 1547834.743410157499956
11099432.965852883333852 1547835.041996094999912
11099432.965852883333852 1547835.340582032499868
11099432.965852883333852 1547835.639167969999824
11099432.965852883333852 1547835.937753907499780
11099432.965852883333852 1547836.236339844999736
11099432.965852883333852 1547836.534925782499692
11099432.965852883333852 1547836.833511719999648
11099433.264433612500389 1547831.757550782500396
11099433.264433612500389 1547832.056136720000352
11099433.264433612500389 1547832.354722657500308
11099433.264433612500389 1547832.653308595000264
11099433.264433612500389 1547832.951894532500220
11099433.264433612500389 1547833.250480470000176
11099433.264433612500389 1547833.549066407500132
11099433.264433612500389 1547833.847652345000088
11099433.264433612500389 1547834.146238282500044
11099433.264433612500389 1547834.444824220000000
11099433.264433612500389 1547834.743410157499956
11099433.264433612500389 1547835.041996094999912
11099433.264433612500389 1547835.340582032499868
11099433.264433612500389 1547835.639167969999824
11099433.264433612500389 1547835.937753907499780
11099433.264433612500389 1547836.236339844999736
11099433.264433612500389 1547836.534925782499692
11099433.264433612500389 1547836.833511719999648
11099433.563014341666926 1547831.757550782500396
11099433.563014341666926 1547832.056136720000352
11099433.563014341666926 1547832.354722657500308
11099433.563014341666926 1547832.653308595000264
11099433.563014341666926 1547832.951894532500220
11099433.563014341666926 1547833.250480470000176
11099433.563014341666926 1547833.549066407500132
11099433.563014341666926 1547833.847652345000088
11099433.563014341666926 1547834.146238282500044
11099433.563014341666926 1547834.444824220000000
11099433.563014341666926 1547834.743410157499956
11099433.563014341666926 1547835.041996094999912
11099433.563014341666926 1547835.340582032499868
11099433.563014341666926 1547835.639167969999824
11099433.563014341666926 1547835.937753907499780
11099433.563014341666926 1547836.236339844999736
11099433.563014341666926 1547836.534925782499692
11099433.563014341666926 1547836.833511719999648
11099433.861595070833463 1547831.757550782500396
11099433.861595070833463 1547832.056136720000352
11099433.861595070833463 1547832.354722657500308
11099433.861595070833463 1547832.653308595000264
11099433.861595070833463 1547832.951894532500220
11099433.861595070833463 1547833.250480470000176
11099433.861595070833463 1547833.549066407500132
11099433.861595070833463 1547833.847652345000088
11099433.861595070833463 1547834.146238282500044
11099433.861595070833463 1547834.444824220000000
11099433.861595070833463 1547834.743410157499956
11099433.861595070833463 1547835.041996094999912
11099433.861595070833463 1547835.340582032499868
11099433.861595070833463 1547835.639167969999824
11099433.861595070833463 1547835.937753907499780
11099433.861595070833463 1547836.236339844999736
11099433.861595070833463 1547836.534925782499692
11099433.861595070833463 1547836.833511719999648
11099434.160175800000000 1547831.757550782500396
11099434.160175800000000 1547832.056136720000352
11099434.160175800000000 1547832.354722657500308
11099434.160175800000000 1547832.653308595000264
11099434.160175800000000 1547832.951894532500220
11099434.160175800000000 1547833.250480470000176
11099434.160175800000000 1547833.549066407500132
11099434.160175800000000 1547833.847652345000088
11099434.160175800000000 1547834.146238282500044
11099434.160175800000000 1547834.444824220000000
11099434.160175800000000 1547834.743410157499956
11099434.160175800000000 1547835.041996094999912
11099434.160175800000000 1547835.340582032499868
11099434.160175800000000 1547835.639167969999824
11099434.160175800000000 1547835.937753907499780
11099434.160175800000000 1547836.236339844999736
11099434.160175800000000 1547836.534925782499692
11099434.160175800000000 1547836.833511719999648
11099434.458756529166537 1547831.757550782500396
11099434.458756529166537 1547832.056136720000352
11099434.458756529166537 1547832.354722657500308
11099434.458756529166537 1547832.653308595000264
11099434.458756529166537 1547832.951894532500220
11099434.458756529166537 1547833.250480470000176
11099434.458756529166537 1547833.549066407500132
11099434.458756529166537 1547833.847652345000088
11099434.458756529166537 1547834.146238282500044
11099434.458756529166537 1547834.444824220000000
11099434.458756529166537 1547834.743410157499956
11099434.458756529166537 1547835.041996094999912
11099434.458756529166537 1547835.340582032499868
11099434.458756529166537 1547835.639167969999824
11099434.458756529166537 1547835.937753907499780
11099434.458756529166537 1547836.236339844999736
11099434.458756529166537 1547836.534925782499692
11099434.458756529166537 1547836.833511719999648
11099434.757337258333074 1547831.757550782500396
11099434.757337258333074 1547832.056136720000352
11099434.757337258333074 1547832.354722657500308
11099434.757337258333074 1547832.653308595000264
11099434.757337258333074 1547832.951894532500220
11099434.757337258333074 1547833.250480470000176
11099434.757337258333074 1547833.549066407500132
11099434.757337258333074 1547833.847652345000088
11099434.757337258333074 1547834.146238282500044
11099434.757337258333074 1547834.444824220000000
11099434.757337258333074 1547834.743410157499956
11099434.757337258333074 1547835.041996094999912
11099434.757337258333074 1547835.340582032499868
11099434.757337258333074 1547835.639167969999824
11099434.757337258333074 1547835.937753907499780
11099434.757337258333074 1547836.236339844999736
11099434.757337258333074 1547836.534925782499692
11099434.757337258333074 1547836.833511719999648
11099435.055917987499611 1547831.757550782500396
11099435.055917987499611 1547832.056136720000352
11099435.055917987499611 1547832.354722657500308
11099435.055917987499611 1547832.653308595000264
11099435.055917987499611 1547832.951894532500220
11099435.055917987499611 1547833.250480470000176
11099435.055917987499611 1547833.549066407500132
11099435.055917987499611 1547833.847652345000088
11099435.055917987499611 1547834.146238282500044
11099435.055917987499611 1547834.444824220000000
11099435.055917987499611 1547834.743410157499956
11099435.055917987499611 1547835.041996094999912
11099435.055917987499611 1547835.340582032499868
11099435.055917987499611 1547835.639167969999824
11099435.055917987499611 1547835.937753907499780
11099435.055917987499611 1547836.236339844999736
11099435.055917987499611 1547836.534925782499692
11099435.055917987499611 1547836.833511719999648
11099435.354498716666148 1547831.757550782500396
11099435.354498716666148 1547832.056136720000352
11099435.354498716666148 1547832.354722657500308
11099435.354498716666148 1547832.653308595000264
11099435.354498716666148 1547832.951894532500220
11099435.354498716666148 1547833.250480470000176
11099435.354498716666148 1547833.549066407500132
11099435.354498716666148 1547833.847652345000088
11099435.354498716666148 1547834.146238282500044
11099435.354498716666148 1547834.444824220000000
11099435.354498716666148 1547834.743410157499956
11099435.354498716666148 1547835.041996094999912
11099435.354498716666148 1547835.340582032499868
11099435.354498716666148 1547835.639167969999824
11099435.354498716666148 1547835.937753907499780
11099435.354498716666148 1547836.236339844999736
11099435.354498716666148 1547836.534925782499692
11099435.354498716666148 1547836.833511719999648
11099435.653079445832685 1547831.757550782500396
11099435.653079445832685 1547832.056136720000352
11099435.653079445832685 1547832.354722657500308
11099435.653079445832685 1547832.653308595000264
11099435.653079445832685 1547832.951894532500220
11099435.653079445832685 1547833.250480470000176
11099435.653079445832685 1547833.549066407500132
11099435.653079445832685 1547833.847652345000088
11099435.653079445832685 1547834.146238282500044
11099435.653079445832685 1547834.444824220000000
11099435.653079445832685 1547834.743410157499956
11099435.653079445832685 1547835.041996094999912
11099435.653079445832685 1547835.340582032499868
11099435.653079445832685 1547835.639167969999824
11099435.653079445832685 1547835.937753907499780
11099435.653079445832685 1547836.236339844999736
11099435.653079445832685 1547836.534925782499692
11099435.653079445832685 1547836.833511719999648
11099435.951660174999222 1547831.757550782500396
11099435.951660174999222 1547832.056136720000352
11099435.951660174999222 1547832.354722657500308
11099435.951660174999222 1547832.653308595000264
11099435.951660174999222 1547832.951894532500220
11099435.951660174999222 1547833.250480470000176
11099435.951660174999222 1547833.549066407500132
11099435.951660174999222 1547833.847652345000088
11099435.951660174999222 1547834.146238282500044
11099435.951660174999222 1547834.444824220000000
11099435.951660174999222 1547834.743410157499956
11099435.951660174999222 1547835.041996094999912
11099435.951660174999222 1547835.340582032499868
11099435.951660174999222 1547835.639167969999824
11099435.951660174999222 1547835.937753907499780
11099435.951660174999222 1547836.236339844999736
11099435.951660174999222 1547836.534925782499692
11099435.951660174999222 1547836.833511719999648
11099436.250240904165759 1547831.757550782500396
11099436.250240904165759 1547832.056136720000352
11099436.250240904165759 1547832.354722657500308
11099436.250240904165759 1547832.653308595000264
11099436.250240904165759 1547832.951894532500220
11099436.250240904165759 1547833.250480470000176
11099436.250240904165759 1547833.549066407500132
11099436.250240904165759 1547833.847652345000088
11099436.250240904165759 1547834.146238282500044
11099436.250240904165759 1547834.444824220000000
11099436.250240904165759 1547834.743410157499956
11099436.250240904165759 1547835.041996094999912
11099436.250240904165759 1547835.340582032499868
11099436.250240904165759 1547835.639167969999824
11099436.250240904165759 1547835.937753907499780
11099436.250240904165759 1547836.236339844999736
11099436.250240904165759 1547836.534925782499692
11099436.250240904165759 1547836.833511719999648
11099436.548821633332296 1547831.757550782500396
11099436.548821633332296 1547832.056136720000352
11099436.548821633332296 1547832.354722657500308
11099436.548821633332296 1547832.653308595000264
11099436.548821633332296 1547832.951894532500220
11099436.548821633332296 1547833.250480470000176
11099436.548821633332296 1547833.549066407500132
11099436.548821633332296 1547833.847652345000088
11099436.548821633332296 1547834.146238282500044
11099436.548821633332296 1547834.444824220000000
11099436.548821633332296 1547834.743410157499956
11099436.548821633332296 1547835.041996094999912
11099436.548821633332296 1547835.340582032499868
11099436.548821633332296 1547835.639167969999824
11099436.548821633332296 1547835.937753907499780
11099436.548821633332296 1547836.236339844999736
11099436.548821633332296 1547836.534925782499692
11099436.548821633332296 1547836.833511719999648
