11099423.709850237501167 1547838.625027342500396
11099423.709850237501167 1547838.923613280000352
11099423.709850237501167 1547839.222199217500308
11099423.709850237501167 1547839.520785155000264
11099423.709850237501167 1547839.819371092500220
11099423.709850237501167 1547840.117957030000176
11099423.709850237501167 1547840.416542967500132
11099423.709850237501167 1547840.715128905000088
11099423.709850237501167 1547841.013714842500044
11099423.709850237501167 1547841.312300780000000
11099423.709850237501167 1547841.610886717499956
11099423.709850237501167 1547841.909472654999912
11099423.709850237501167 1547842.208058592499868
11099423.709850237501167 1547842.506644529999824
11099423.709850237501167 1547842.805230467499780
11099423.709850237501167 1547843.103816404999736
11099423.709850237501167 1547843.402402342499692
11099423.709850237501167 1547843.700988279999648
11099424.008430966667704 1547838.625027342500396
11099424.008430966667704 1547838.923613280000352
11099424.008430966667704 1547839.222199217500308
11099424.008430966667704 1547839.520785155000264
11099424.008430966667704 1547839.819371092500220
11099424.008430966667704 1547840.117957030000176
11099424.008430966667704 1547840.416542967500132
11099424.008430966667704 1547840.715128905000088
11099424.008430966667704 1547841.013714842500044
11099424.008430966667704 1547841.312300780000000
11099424.008430966667704 1547841.610886717499956
11099424.008430966667704 1547841.909472654999912
11099424.008430966667704 1547842.208058592499868
11099424.008430966667704 1547842.506644529999824
11099424.008430966667704 1547842.805230467499780
11099424.008430966667704 1547843.103816404999736
11099424.008430966667704 1547843.402402342499692
11099424.008430966667704 1547843.700988279999648
11099424.307011695834241 1547838.625027342500396
11099424.307011695834241 1547838.923613280000352
11099424.307011695834241 1547839.222199217500308
11099424.307011695834241 1547839.520785155000264
11099424.307011695834241 1547839.819371092500220
11099424.307011695834241 1547840.117957030000176
11099424.307011695834241 1547840.416542967500132
11099424.307011695834241 1547840.715128905000088
11099424.307011695834241 1547841.013714842500044
11099424.307011695834241 1547841.312300780000000
11099424.307011695834241 1547841.610886717499956
11099424.307011695834241 1547841.909472654999912
11099424.307011695834241 1547842.208058592499868
11099424.307011695834241 1547842.506644529999824
11099424.307011695834241 1547842.805230467499780
11099424.307011695834241 1547843.103816404999736
11099424.307011695834241 1547843.402402342499692
11099424.307011695834241 1547843.700988279999648
11099424.605592425000778 1547838.625027342500396
11099424.605592425000778 1547838.923613280000352
11099424.605592425000778 1547839.222199217500308
11099424.605592425000778 1547839.520785155000264
11099424.605592425000778 1547839.819371092500220
11099424.605592425000778 1547840.117957030000176
11099424.605592425000778 1547840.416542967500132
11099424.605592425000778 1547840.715128905000088
11099424.605592425000778 1547841.013714842500044
11099424.605592425000778 1547841.312300780000000
11099424.605592425000778 1547841.610886717499956
11099424.605592425000778 1547841.909472654999912
11099424.605592425000778 1547842.208058592499868
11099424.605592425000778 1547842.506644529999824
11099424.605592425000778 1547842.805230467499780
11099424.605592425000778 1547843.103816404999736
11099424.605592425000778 1547843.402402342499692
11099424.605592425000778 1547843.700988279999648
11099424.904173154167315 1547838.625027342500396
11099424.904173154167315 1547838.923613280000352
11099424.904173154167315 1547839.222199217500308
11099424.904173154167315 1547839.520785155000264
11099424.904173154167315 1547839.819371092500220
11099424.904173154167315 1547840.117957030000176
11099424.904173154167315 1547840.416542967500132
11099424.904173154167315 1547840.715128905000088
11099424.904173154167315 1547841.013714842500044
11099424.904173154167315 1547841.312300780000000
11099424.904173154167315 1547841.610886717499956
11099424.904173154167315 1547841.909472654999912
11099424.904173154167315 1547842.208058592499868
11099424.904173154167315 1547842.506644529999824
11099424.904173154167315 1547842.805230467499780
11099424.904173154167315 1547843.103816404999736
11099424.904173154167315 1547843.402402342499692
11099424.904173154167315 1547843.700988279999648
11099425.202753883333852 1547838.625027342500396
11099425.202753883333852 1547838.923613280000352
11099425.202753883333852 1547839.222199217500308
11099425.202753883333852 1547839.520785155000264
11099425.202753883333852 1547839.819371092500220
11099425.202753883333852 1547840.117957030000176
11099425.202753883333852 1547840.416542967500132
11099425.202753883333852 1547840.715128905000088
11099425.202753883333852 1547841.013714842500044
11099425.202753883333852 1547841.312300780000000
11099425.202753883333852 1547841.610886717499956
11099425.202753883333852 1547841.909472654999912
11099425.202753883333852 1547842.208058592499868
11099425.202753883333852 1547842.506644529999824
11099425.202753883333852 1547842.805230467499780
11099425.202753883333852 1547843.103816404999736
11099425.202753883333852 1547843.402402342499692
11099425.202753883333852 1547843.700988279999648
11099425.501334612500389 1547838.625027342500396
11099425.501334612500389 1547838.923613280000352
11099425.501334612500389 1547839.222199217500308
11099425.501334612500389 1547839.520785155000264
11099425.501334612500389 1547839.819371092500220
11099425.501334612500389 1547840.117957030000176
11099425.501334612500389 1547840.416542967500132
11099425.501334612500389 1547840.715128905000088
11099425.501334612500389 1547841.013714842500044
11099425.501334612500389 1547841.312300780000000
11099425.501334612500389 1547841.610886717499956
11099425.501334612500389 1547841.909472654999912
11099425.501334612500389 1547842.208058592499868
11099425.501334612500389 1547842.506644529999824
11099425.501334612500389 1547842.805230467499780
11099425.501334612500389 1547843.103816404999736
11099425.501334612500389 1547843.402402342499692
11099425.501334612500389 1547843.700988279999648
11099425.799915341666926 1547838.625027342500396
11099425.799915341666926 1547838.923613280000352
11099425.799915341666926 1547839.222199217500308
11099425.799915341666926 1547839.520785155000264
11099425.799915341666926 1547839.819371092500220
11099425.799915341666926 1547840.117957030000176
11099425.799915341666926 1547840.416542967500132
11099425.799915341666926 1547840.715128905000088
11099425.799915341666926 1547841.013714842500044
11099425.799915341666926 1547841.312300780000000
11099425.799915341666926 1547841.610886717499956
11099425.799915341666926 1547841.909472654999912
11099425.799915341666926 1547842.208058592499868
11099425.799915341666926 1547842.506644529999824
11099425.799915341666926 1547842.805230467499780
11099425.799915341666926 1547843.103816404999736
11099425.799915341666926 1547843.402402342499692
11099425.799915341666926 1547843.700988279999648
11099426.098496070833463 1547838.625027342500396
11099426.098496070833463 1547838.923613280000352
11099426.098496070833463 1547839.222199217500308
11099426.098496070833463 1547839.520785155000264
11099426.098496070833463 1547839.819371092500220
11099426.098496070833463 1547840.117957030000176
11099426.098496070833463 1547840.416542967500132
11099426.098496070833463 1547840.715128905000088
11099426.098496070833463 1547841.013714842500044
11099426.098496070833463 1547841.312300780000000
11099426.098496070833463 1547841.610886717499956
11099426.098496070833463 1547841.909472654999912
11099426.098496070833463 1547842.208058592499868
11099426.098496070833463 1547842.506644529999824
11099426.098496070833463 1547842.805230467499780
11099426.098496070833463 1547843.103816404999736
11099426.098496070833463 1547843.402402342499692
11099426.098496070833463 1547843.700988279999648
11099426.397076800000000 1547838.625027342500396
11099426.397076800000000 1547838.923613280000352
11099426.397076800000000 1547839.222199217500308
11099426.397076800000000 1547839.520785155000264
11099426.397076800000000 1547839.819371092500220
11099426.397076800000000 1547840.117957030000176
11099426.397076800000000 1547840.416542967500132
11099426.397076800000000 1547840.715128905000088
11099426.397076800000000 1547841.013714842500044
11099426.397076800000000 1547841.312300780000000
11099426.397076800000000 1547841.610886717499956
11099426.397076800000000 1547841.909472654999912
11099426.397076800000000 1547842.208058592499868
11099426.397076800000000 1547842.506644529999824
11099426.397076800000000 1547842.805230467499780
11099426.397076800000000 1547843.103816404999736
11099426.397076800000000 1547843.402402342499692
11099426.397076800000000 1547843.700988279999648
11099426.695657529166537 1547838.625027342500396
11099426.695657529166537 1547838.923613280000352
11099426.695657529166537 1547839.222199217500308
11099426.695657529166537 1547839.520785155000264
11099426.695657529166537 1547839.819371092500220
11099426.695657529166537 1547840.117957030000176
11099426.695657529166537 1547840.416542967500132
11099426.695657529166537 1547840.715128905000088
11099426.695657529166537 1547841.013714842500044
11099426.695657529166537 1547841.312300780000000
11099426.695657529166537 1547841.610886717499956
11099426.695657529166537 1547841.909472654999912
11099426.695657529166537 1547842.208058592499868
11099426.695657529166537 1547842.506644529999824
11099426.695657529166537 1547842.805230467499780
11099426.695657529166537 1547843.103816404999736
11099426.695657529166537 1547843.402402342499692
11099426.695657529166537 1547843.700988279999648
11099426.994238258333074 1547838.625027342500396
11099426.994238258333074 1547838.923613280000352
11099426.994238258333074 1547839.222199217500308
11099426.994238258333074 1547839.520785155000264
11099426.994238258333074 1547839.819371092500220
11099426.994238258333074 1547840.117957030000176
11099426.994238258333074 1547840.416542967500132
11099426.994238258333074 1547840.715128905000088
11099426.994238258333074 1547841.013714842500044
11099426.994238258333074 1547841.312300780000000
11099426.994238258333074 1547841.610886717499956
11099426.994238258333074 1547841.909472654999912
11099426.994238258333074 1547842.208058592499868
11099426.994238258333074 1547842.506644529999824
11099426.994238258333074 1547842.805230467499780
11099426.994238258333074 1547843.103816404999736
11099426.994238258333074 1547843.402402342499692
11099426.994238258333074 1547843.700988279999648
11099427.292818987499611 1547838.625027342500396
11099427.292818987499611 1547838.923613280000352
11099427.292818987499611 1547839.222199217500308
11099427.292818987499611 1547839.520785155000264
11099427.292818987499611 1547839.819371092500220
11099427.292818987499611 1547840.117957030000176
11099427.292818987499611 1547840.416542967500132
11099427.292818987499611 1547840.715128905000088
11099427.292818987499611 1547841.013714842500044
11099427.292818987499611 1547841.312300780000000
11099427.292818987499611 1547841.610886717499956
11099427.292818987499611 1547841.909472654999912
11099427.292818987499611 1547842.208058592499868
11099427.292818987499611 1547842.506644529999824
11099427.292818987499611 1547842.805230467499780
11099427.292818987499611 1547843.103816404999736
11099427.292818987499611 1547843.402402342499692
11099427.292818987499611 1547843.700988279999648
11099427.591399716666148 1547838.625027342500396
11099427.591399716666148 1547838.923613280000352
11099427.591399716666148 1547839.222199217500308
11099427.591399716666148 1547839.520785155000264
11099427.591399716666148 1547839.819371092500220
11099427.591399716666148 1547840.117957030000176
11099427.591399716666148 1547840.416542967500132
11099427.591399716666148 1547840.715128905000088
11099427.591399716666148 1547841.013714842500044
11099427.591399716666148 1547841.312300780000000
11099427.591399716666148 1547841.610886717499956
11099427.591399716666148 1547841.909472654999912
11099427.591399716666148 1547842.208058592499868
11099427.591399716666148 1547842.506644529999824
11099427.591399716666148 1547842.805230467499780
11099427.591399716666148 1547843.103816404999736
11099427.591399716666148 1547843.402402342499692
11099427.591399716666148 1547843.700988279999648
11099427.889980445832685 1547838.625027342500396
11099427.889980445832685 1547838.923613280000352
11099427.889980445832685 1547839.222199217500308
11099427.889980445832685 1547839.520785155000264
11099427.889980445832685 1547839.819371092500220
11099427.889980445832685 1547840.117957030000176
11099427.889980445832685 1547840.416542967500132
11099427.889980445832685 1547840.715128905000088
11099427.889980445832685 1547841.013714842500044
11099427.889980445832685 1547841.312300780000000
11099427.889980445832685 1547841.610886717499956
11099427.889980445832685 1547841.909472654999912
11099427.889980445832685 1547842.208058592499868
11099427.889980445832685 1547842.506644529999824
11099427.889980445832685 1547842.805230467499780
11099427.889980445832685 1547843.103816404999736
11099427.889980445832685 1547843.402402342499692
11099427.889980445832685 1547843.700988279999648
11099428.188561174999222 1547838.625027342500396
11099428.188561174999222 1547838.923613280000352
11099428.188561174999222 1547839.222199217500308
11099428.188561174999222 1547839.520785155000264
11099428.188561174999222 1547839.819371092500220
11099428.188561174999222 1547840.117957030000176
11099428.188561174999222 1547840.416542967500132
11099428.188561174999222 1547840.715128905000088
11099428.188561174999222 1547841.013714842500044
11099428.188561174999222 1547841.312300780000000
11099428.188561174999222 1547841.610886717499956
11099428.188561174999222 1547841.909472654999912
11099428.188561174999222 1547842.208058592499868
11099428.188561174999222 1547842.506644529999824
11099428.188561174999222 1547842.805230467499780
11099428.188561174999222 1547843.103816404999736
11099428.188561174999222 1547843.402402342499692
11099428.188561174999222 1547843.700988279999648
11099428.487141904165759 1547838.625027342500396
11099428.487141904165759 1547838.923613280000352
11099428.487141904165759 1547839.222199217500308
11099428.487141904165759 1547839.520785155000264
11099428.487141904165759 1547839.819371092500220
11099428.487141904165759 1547840.117957030000176
11099428.487141904165759 1547840.416542967500132
11099428.487141904165759 1547840.715128905000088
11099428.487141904165759 1547841.013714842500044
11099428.487141904165759 1547841.312300780000000
11099428.487141904165759 1547841.610886717499956
11099428.487141904165759 1547841.909472654999912
11099428.487141904165759 1547842.208058592499868
11099428.487141904165759 1547842.506644529999824
11099428.487141904165759 1547842.805230467499780
11099428.487141904165759 1547843.103816404999736
11099428.487141904165759 1547843.402402342499692
11099428.487141904165759 1547843.700988279999648
11099428.785722633332296 1547838.625027342500396
11099428.785722633332296 1547838.923613280000352
11099428.785722633332296 1547839.222199217500308
11099428.785722633332296 1547839.520785155000264
11099428.785722633332296 1547839.819371092500220
11099428.785722633332296 1547840.117957030000176
11099428.785722633332296 1547840.416542967500132
11099428.785722633332296 1547840.715128905000088
11099428.785722633332296 1547841.013714842500044
11099428.785722633332296 1547841.312300780000000
11099428.785722633332296 1547841.610886717499956
11099428.785722633332296 1547841.909472654999912
11099428.785722633332296 1547842.208058592499868
11099428.785722633332296 1547842.506644529999824
11099428.785722633332296 1547842.805230467499780
11099428.785722633332296 1547843.103816404999736
11099428.785722633332296 1547843.402402342499692
11099428.785722633332296 1547843.700988279999648
