11098822.368261737501167 1547735.612878902500396
11098822.368261737501167 1547735.911464840000352
11098822.368261737501167 1547736.210050777500308
11098822.368261737501167 1547736.508636715000264
11098822.368261737501167 1547736.807222652500220
11098822.368261737501167 1547737.105808590000176
11098822.368261737501167 1547737.404394527500132
11098822.368261737501167 1547737.702980465000088
11098822.368261737501167 1547738.001566402500044
11098822.368261737501167 1547738.300152340000000
11098822.368261737501167 1547738.598738277499956
11098822.368261737501167 1547738.897324214999912
11098822.368261737501167 1547739.195910152499868
11098822.368261737501167 1547739.494496089999824
11098822.368261737501167 1547739.793082027499780
11098822.368261737501167 1547740.091667964999736
11098822.368261737501167 1547740.390253902499692
11098822.368261737501167 1547740.688839839999648
11098822.666842466667704 1547735.612878902500396
11098822.666842466667704 1547735.911464840000352
11098822.666842466667704 1547736.210050777500308
11098822.666842466667704 1547736.508636715000264
11098822.666842466667704 1547736.807222652500220
11098822.666842466667704 1547737.105808590000176
11098822.666842466667704 1547737.404394527500132
11098822.666842466667704 1547737.702980465000088
11098822.666842466667704 1547738.001566402500044
11098822.666842466667704 1547738.300152340000000
11098822.666842466667704 1547738.598738277499956
11098822.666842466667704 1547738.897324214999912
11098822.666842466667704 1547739.195910152499868
11098822.666842466667704 1547739.494496089999824
11098822.666842466667704 1547739.793082027499780
11098822.666842466667704 1547740.091667964999736
11098822.666842466667704 1547740.390253902499692
11098822.666842466667704 1547740.688839839999648
11098822.965423195834241 1547735.612878902500396
11098822.965423195834241 1547735.911464840000352
11098822.965423195834241 1547736.210050777500308
11098822.965423195834241 1547736.508636715000264
11098822.965423195834241 1547736.807222652500220
11098822.965423195834241 1547737.105808590000176
11098822.965423195834241 1547737.404394527500132
11098822.965423195834241 1547737.702980465000088
11098822.965423195834241 1547738.001566402500044
11098822.965423195834241 1547738.300152340000000
11098822.965423195834241 1547738.598738277499956
11098822.965423195834241 1547738.897324214999912
11098822.965423195834241 1547739.195910152499868
11098822.965423195834241 1547739.494496089999824
11098822.965423195834241 1547739.793082027499780
11098822.965423195834241 1547740.091667964999736
11098822.965423195834241 1547740.390253902499692
11098822.965423195834241 1547740.688839839999648
11098823.264003925000778 1547735.612878902500396
11098823.264003925000778 1547735.911464840000352
11098823.264003925000778 1547736.210050777500308
11098823.264003925000778 1547736.508636715000264
11098823.264003925000778 1547736.807222652500220
11098823.264003925000778 1547737.105808590000176
11098823.264003925000778 1547737.404394527500132
11098823.264003925000778 1547737.702980465000088
11098823.264003925000778 1547738.001566402500044
11098823.264003925000778 1547738.300152340000000
11098823.264003925000778 1547738.598738277499956
11098823.264003925000778 1547738.897324214999912
11098823.264003925000778 1547739.195910152499868
11098823.264003925000778 1547739.494496089999824
11098823.264003925000778 1547739.793082027499780
11098823.264003925000778 1547740.091667964999736
11098823.264003925000778 1547740.390253902499692
11098823.264003925000778 1547740.688839839999648
11098823.562584654167315 1547735.612878902500396
11098823.562584654167315 1547735.911464840000352
11098823.562584654167315 1547736.210050777500308
11098823.562584654167315 1547736.508636715000264
11098823.562584654167315 1547736.807222652500220
11098823.562584654167315 1547737.105808590000176
11098823.562584654167315 1547737.404394527500132
11098823.562584654167315 1547737.702980465000088
11098823.562584654167315 1547738.001566402500044
11098823.562584654167315 1547738.300152340000000
11098823.562584654167315 1547738.598738277499956
11098823.562584654167315 1547738.897324214999912
11098823.562584654167315 1547739.195910152499868
11098823.562584654167315 1547739.494496089999824
11098823.562584654167315 1547739.793082027499780
11098823.562584654167315 1547740.091667964999736
11098823.562584654167315 1547740.390253902499692
11098823.562584654167315 1547740.688839839999648
11098823.861165383333852 1547735.612878902500396
11098823.861165383333852 1547735.911464840000352
11098823.861165383333852 1547736.210050777500308
11098823.861165383333852 1547736.508636715000264
11098823.861165383333852 1547736.807222652500220
11098823.861165383333852 1547737.105808590000176
11098823.861165383333852 1547737.404394527500132
11098823.861165383333852 1547737.702980465000088
11098823.861165383333852 1547738.001566402500044
11098823.861165383333852 1547738.300152340000000
11098823.861165383333852 1547738.598738277499956
11098823.861165383333852 1547738.897324214999912
11098823.861165383333852 1547739.195910152499868
11098823.861165383333852 1547739.494496089999824
11098823.861165383333852 1547739.793082027499780
11098823.861165383333852 1547740.091667964999736
11098823.861165383333852 1547740.390253902499692
11098823.861165383333852 1547740.688839839999648
11098824.159746112500389 1547735.612878902500396
11098824.159746112500389 1547735.911464840000352
11098824.159746112500389 1547736.210050777500308
11098824.159746112500389 1547736.508636715000264
11098824.159746112500389 1547736.807222652500220
11098824.159746112500389 1547737.105808590000176
11098824.159746112500389 1547737.404394527500132
11098824.159746112500389 1547737.702980465000088
11098824.159746112500389 1547738.001566402500044
11098824.159746112500389 1547738.300152340000000
11098824.159746112500389 1547738.598738277499956
11098824.159746112500389 1547738.897324214999912
11098824.159746112500389 1547739.195910152499868
11098824.159746112500389 1547739.494496089999824
11098824.159746112500389 1547739.793082027499780
11098824.159746112500389 1547740.091667964999736
11098824.159746112500389 1547740.390253902499692
11098824.159746112500389 1547740.688839839999648
11098824.458326841666926 1547735.612878902500396
11098824.458326841666926 1547735.911464840000352
11098824.458326841666926 1547736.210050777500308
11098824.458326841666926 1547736.508636715000264
11098824.458326841666926 1547736.807222652500220
11098824.458326841666926 1547737.105808590000176
11098824.458326841666926 1547737.404394527500132
11098824.458326841666926 1547737.702980465000088
11098824.458326841666926 1547738.001566402500044
11098824.458326841666926 1547738.300152340000000
11098824.458326841666926 1547738.598738277499956
11098824.458326841666926 1547738.897324214999912
11098824.458326841666926 1547739.195910152499868
11098824.458326841666926 1547739.494496089999824
11098824.458326841666926 1547739.793082027499780
11098824.458326841666926 1547740.091667964999736
11098824.458326841666926 1547740.390253902499692
11098824.458326841666926 1547740.688839839999648
11098824.756907570833463 1547735.612878902500396
11098824.756907570833463 1547735.911464840000352
11098824.756907570833463 1547736.210050777500308
11098824.756907570833463 1547736.508636715000264
11098824.756907570833463 1547736.807222652500220
11098824.756907570833463 1547737.105808590000176
11098824.756907570833463 1547737.404394527500132
11098824.756907570833463 1547737.702980465000088
11098824.756907570833463 1547738.001566402500044
11098824.756907570833463 1547738.300152340000000
11098824.756907570833463 1547738.598738277499956
11098824.756907570833463 1547738.897324214999912
11098824.756907570833463 1547739.195910152499868
11098824.756907570833463 1547739.494496089999824
11098824.756907570833463 1547739.793082027499780
11098824.756907570833463 1547740.091667964999736
11098824.756907570833463 1547740.390253902499692
11098824.756907570833463 1547740.688839839999648
11098825.055488300000000 1547735.612878902500396
11098825.055488300000000 1547735.911464840000352
11098825.055488300000000 1547736.210050777500308
11098825.055488300000000 1547736.508636715000264
11098825.055488300000000 1547736.807222652500220
11098825.055488300000000 1547737.105808590000176
11098825.055488300000000 1547737.404394527500132
11098825.055488300000000 1547737.702980465000088
11098825.055488300000000 1547738.001566402500044
11098825.055488300000000 1547738.300152340000000
11098825.055488300000000 1547738.598738277499956
11098825.055488300000000 1547738.897324214999912
11098825.055488300000000 1547739.195910152499868
11098825.055488300000000 1547739.494496089999824
11098825.055488300000000 1547739.793082027499780
11098825.055488300000000 1547740.091667964999736
11098825.055488300000000 1547740.390253902499692
11098825.055488300000000 1547740.688839839999648
11098825.354069029166537 1547735.612878902500396
11098825.354069029166537 1547735.911464840000352
11098825.354069029166537 1547736.210050777500308
11098825.354069029166537 1547736.508636715000264
11098825.354069029166537 1547736.807222652500220
11098825.354069029166537 1547737.105808590000176
11098825.354069029166537 1547737.404394527500132
11098825.354069029166537 1547737.702980465000088
11098825.354069029166537 1547738.001566402500044
11098825.354069029166537 1547738.300152340000000
11098825.354069029166537 1547738.598738277499956
11098825.354069029166537 1547738.897324214999912
11098825.354069029166537 1547739.195910152499868
11098825.354069029166537 1547739.494496089999824
11098825.354069029166537 1547739.793082027499780
11098825.354069029166537 1547740.091667964999736
11098825.354069029166537 1547740.390253902499692
11098825.354069029166537 1547740.688839839999648
11098825.652649758333074 1547735.612878902500396
11098825.652649758333074 1547735.911464840000352
11098825.652649758333074 1547736.210050777500308
11098825.652649758333074 1547736.508636715000264
11098825.652649758333074 1547736.807222652500220
11098825.652649758333074 1547737.105808590000176
11098825.652649758333074 1547737.404394527500132
11098825.652649758333074 1547737.702980465000088
11098825.652649758333074 1547738.001566402500044
11098825.652649758333074 1547738.300152340000000
11098825.652649758333074 1547738.598738277499956
11098825.652649758333074 1547738.897324214999912
11098825.652649758333074 1547739.195910152499868
11098825.652649758333074 1547739.494496089999824
11098825.652649758333074 1547739.793082027499780
11098825.652649758333074 1547740.091667964999736
11098825.652649758333074 1547740.390253902499692
11098825.652649758333074 1547740.688839839999648
11098825.951230487499611 1547735.612878902500396
11098825.951230487499611 1547735.911464840000352
11098825.951230487499611 1547736.210050777500308
11098825.951230487499611 1547736.508636715000264
11098825.951230487499611 1547736.807222652500220
11098825.951230487499611 1547737.105808590000176
11098825.951230487499611 1547737.404394527500132
11098825.951230487499611 1547737.702980465000088
11098825.951230487499611 1547738.001566402500044
11098825.951230487499611 1547738.300152340000000
11098825.951230487499611 1547738.598738277499956
11098825.951230487499611 1547738.897324214999912
11098825.951230487499611 1547739.195910152499868
11098825.951230487499611 1547739.494496089999824
11098825.951230487499611 1547739.793082027499780
11098825.951230487499611 1547740.091667964999736
11098825.951230487499611 1547740.390253902499692
11098825.951230487499611 1547740.688839839999648
11098826.249811216666148 1547735.612878902500396
11098826.249811216666148 1547735.911464840000352
11098826.249811216666148 1547736.210050777500308
11098826.249811216666148 1547736.508636715000264
11098826.249811216666148 1547736.807222652500220
11098826.249811216666148 1547737.105808590000176
11098826.249811216666148 1547737.404394527500132
11098826.249811216666148 1547737.702980465000088
11098826.249811216666148 1547738.001566402500044
11098826.249811216666148 1547738.300152340000000
11098826.249811216666148 1547738.598738277499956
11098826.249811216666148 1547738.897324214999912
11098826.249811216666148 1547739.195910152499868
11098826.249811216666148 1547739.494496089999824
11098826.249811216666148 1547739.793082027499780
11098826.249811216666148 1547740.091667964999736
11098826.249811216666148 1547740.390253902499692
11098826.249811216666148 1547740.688839839999648
11098826.548391945832685 1547735.612878902500396
11098826.548391945832685 1547735.911464840000352
11098826.548391945832685 1547736.210050777500308
11098826.548391945832685 1547736.508636715000264
11098826.548391945832685 1547736.807222652500220
11098826.548391945832685 1547737.105808590000176
11098826.548391945832685 1547737.404394527500132
11098826.548391945832685 1547737.702980465000088
11098826.548391945832685 1547738.001566402500044
11098826.548391945832685 1547738.300152340000000
11098826.548391945832685 1547738.598738277499956
11098826.548391945832685 1547738.897324214999912
11098826.548391945832685 1547739.195910152499868
11098826.548391945832685 1547739.494496089999824
11098826.548391945832685 1547739.793082027499780
11098826.548391945832685 1547740.091667964999736
11098826.548391945832685 1547740.390253902499692
11098826.548391945832685 1547740.688839839999648
11098826.846972674999222 1547735.612878902500396
11098826.846972674999222 1547735.911464840000352
11098826.846972674999222 1547736.210050777500308
11098826.846972674999222 1547736.508636715000264
11098826.846972674999222 1547736.807222652500220
11098826.846972674999222 1547737.105808590000176
11098826.846972674999222 1547737.404394527500132
11098826.846972674999222 1547737.702980465000088
11098826.846972674999222 1547738.001566402500044
11098826.846972674999222 1547738.300152340000000
11098826.846972674999222 1547738.598738277499956
11098826.846972674999222 1547738.897324214999912
11098826.846972674999222 1547739.195910152499868
11098826.846972674999222 1547739.494496089999824
11098826.846972674999222 1547739.793082027499780
11098826.846972674999222 1547740.091667964999736
11098826.846972674999222 1547740.390253902499692
11098826.846972674999222 1547740.688839839999648
11098827.145553404165759 1547735.612878902500396
11098827.145553404165759 1547735.911464840000352
11098827.145553404165759 1547736.210050777500308
11098827.145553404165759 1547736.508636715000264
11098827.145553404165759 1547736.807222652500220
11098827.145553404165759 1547737.105808590000176
11098827.145553404165759 1547737.404394527500132
11098827.145553404165759 1547737.702980465000088
11098827.145553404165759 1547738.001566402500044
11098827.145553404165759 1547738.300152340000000
11098827.145553404165759 1547738.598738277499956
11098827.145553404165759 1547738.897324214999912
11098827.145553404165759 1547739.195910152499868
11098827.145553404165759 1547739.494496089999824
11098827.145553404165759 1547739.793082027499780
11098827.145553404165759 1547740.091667964999736
11098827.145553404165759 1547740.390253902499692
11098827.145553404165759 1547740.688839839999648
11098827.444134133332296 1547735.612878902500396
11098827.444134133332296 1547735.911464840000352
11098827.444134133332296 1547736.210050777500308
11098827.444134133332296 1547736.508636715000264
11098827.444134133332296 1547736.807222652500220
11098827.444134133332296 1547737.105808590000176
11098827.444134133332296 1547737.404394527500132
11098827.444134133332296 1547737.702980465000088
11098827.444134133332296 1547738.001566402500044
11098827.444134133332296 1547738.300152340000000
11098827.444134133332296 1547738.598738277499956
11098827.444134133332296 1547738.897324214999912
11098827.444134133332296 1547739.195910152499868
11098827.444134133332296 1547739.494496089999824
11098827.444134133332296 1547739.793082027499780
11098827.444134133332296 1547740.091667964999736
11098827.444134133332296 1547740.390253902499692
11098827.444134133332296 1547740.688839839999648
