11098864.169563837501167 1547621.553050782500396
11098864.169563837501167 1547621.851636720000352
11098864.169563837501167 1547622.150222657500308
11098864.169563837501167 1547622.448808595000264
11098864.169563837501167 1547622.747394532500220
11098864.169563837501167 1547623.045980470000176
11098864.169563837501167 1547623.344566407500132
11098864.169563837501167 1547623.643152345000088
11098864.169563837501167 1547623.941738282500044
11098864.169563837501167 1547624.240324220000000
11098864.169563837501167 1547624.538910157499956
11098864.169563837501167 1547624.837496094999912
11098864.169563837501167 1547625.136082032499868
11098864.169563837501167 1547625.434667969999824
11098864.169563837501167 1547625.733253907499780
11098864.169563837501167 1547626.031839844999736
11098864.169563837501167 1547626.330425782499692
11098864.169563837501167 1547626.629011719999648
11098864.468144566667704 1547621.553050782500396
11098864.468144566667704 1547621.851636720000352
11098864.468144566667704 1547622.150222657500308
11098864.468144566667704 1547622.448808595000264
11098864.468144566667704 1547622.747394532500220
11098864.468144566667704 1547623.045980470000176
11098864.468144566667704 1547623.344566407500132
11098864.468144566667704 1547623.643152345000088
11098864.468144566667704 1547623.941738282500044
11098864.468144566667704 1547624.240324220000000
11098864.468144566667704 1547624.538910157499956
11098864.468144566667704 1547624.837496094999912
11098864.468144566667704 1547625.136082032499868
11098864.468144566667704 1547625.434667969999824
11098864.468144566667704 1547625.733253907499780
11098864.468144566667704 1547626.031839844999736
11098864.468144566667704 1547626.330425782499692
11098864.468144566667704 1547626.629011719999648
11098864.766725295834241 1547621.553050782500396
11098864.766725295834241 1547621.851636720000352
11098864.766725295834241 1547622.150222657500308
11098864.766725295834241 1547622.448808595000264
11098864.766725295834241 1547622.747394532500220
11098864.766725295834241 1547623.045980470000176
11098864.766725295834241 1547623.344566407500132
11098864.766725295834241 1547623.643152345000088
11098864.766725295834241 1547623.941738282500044
11098864.766725295834241 1547624.240324220000000
11098864.766725295834241 1547624.538910157499956
11098864.766725295834241 1547624.837496094999912
11098864.766725295834241 1547625.136082032499868
11098864.766725295834241 1547625.434667969999824
11098864.766725295834241 1547625.733253907499780
11098864.766725295834241 1547626.031839844999736
11098864.766725295834241 1547626.330425782499692
11098864.766725295834241 1547626.629011719999648
11098865.065306025000778 1547621.553050782500396
11098865.065306025000778 1547621.851636720000352
11098865.065306025000778 1547622.150222657500308
11098865.065306025000778 1547622.448808595000264
11098865.065306025000778 1547622.747394532500220
11098865.065306025000778 1547623.045980470000176
11098865.065306025000778 1547623.344566407500132
11098865.065306025000778 1547623.643152345000088
11098865.065306025000778 1547623.941738282500044
11098865.065306025000778 1547624.240324220000000
11098865.065306025000778 1547624.538910157499956
11098865.065306025000778 1547624.837496094999912
11098865.065306025000778 1547625.136082032499868
11098865.065306025000778 1547625.434667969999824
11098865.065306025000778 1547625.733253907499780
11098865.065306025000778 1547626.031839844999736
11098865.065306025000778 1547626.330425782499692
11098865.065306025000778 1547626.629011719999648
11098865.363886754167315 1547621.553050782500396
11098865.363886754167315 1547621.851636720000352
11098865.363886754167315 1547622.150222657500308
11098865.363886754167315 1547622.448808595000264
11098865.363886754167315 1547622.747394532500220
11098865.363886754167315 1547623.045980470000176
11098865.363886754167315 1547623.344566407500132
11098865.363886754167315 1547623.643152345000088
11098865.363886754167315 1547623.941738282500044
11098865.363886754167315 1547624.240324220000000
11098865.363886754167315 1547624.538910157499956
11098865.363886754167315 1547624.837496094999912
11098865.363886754167315 1547625.136082032499868
11098865.363886754167315 1547625.434667969999824
11098865.363886754167315 1547625.733253907499780
11098865.363886754167315 1547626.031839844999736
11098865.363886754167315 1547626.330425782499692
11098865.363886754167315 1547626.629011719999648
11098865.662467483333852 1547621.553050782500396
11098865.662467483333852 1547621.851636720000352
11098865.662467483333852 1547622.150222657500308
11098865.662467483333852 1547622.448808595000264
11098865.662467483333852 1547622.747394532500220
11098865.662467483333852 1547623.045980470000176
11098865.662467483333852 1547623.344566407500132
11098865.662467483333852 1547623.643152345000088
11098865.662467483333852 1547623.941738282500044
11098865.662467483333852 1547624.240324220000000
11098865.662467483333852 1547624.538910157499956
11098865.662467483333852 1547624.837496094999912
11098865.662467483333852 1547625.136082032499868
11098865.662467483333852 1547625.434667969999824
11098865.662467483333852 1547625.733253907499780
11098865.662467483333852 1547626.031839844999736
11098865.662467483333852 1547626.330425782499692
11098865.662467483333852 1547626.629011719999648
11098865.961048212500389 1547621.553050782500396
11098865.961048212500389 1547621.851636720000352
11098865.961048212500389 1547622.150222657500308
11098865.961048212500389 1547622.448808595000264
11098865.961048212500389 1547622.747394532500220
11098865.961048212500389 1547623.045980470000176
11098865.961048212500389 1547623.344566407500132
11098865.961048212500389 1547623.643152345000088
11098865.961048212500389 1547623.941738282500044
11098865.961048212500389 1547624.240324220000000
11098865.961048212500389 1547624.538910157499956
11098865.961048212500389 1547624.837496094999912
11098865.961048212500389 1547625.136082032499868
11098865.961048212500389 1547625.434667969999824
11098865.961048212500389 1547625.733253907499780
11098865.961048212500389 1547626.031839844999736
11098865.961048212500389 1547626.330425782499692
11098865.961048212500389 1547626.629011719999648
11098866.259628941666926 1547621.553050782500396
11098866.259628941666926 1547621.851636720000352
11098866.259628941666926 1547622.150222657500308
11098866.259628941666926 1547622.448808595000264
11098866.259628941666926 1547622.747394532500220
11098866.259628941666926 1547623.045980470000176
11098866.259628941666926 1547623.344566407500132
11098866.259628941666926 1547623.643152345000088
11098866.259628941666926 1547623.941738282500044
11098866.259628941666926 1547624.240324220000000
11098866.259628941666926 1547624.538910157499956
11098866.259628941666926 1547624.837496094999912
11098866.259628941666926 1547625.136082032499868
11098866.259628941666926 1547625.434667969999824
11098866.259628941666926 1547625.733253907499780
11098866.259628941666926 1547626.031839844999736
11098866.259628941666926 1547626.330425782499692
11098866.259628941666926 1547626.629011719999648
11098866.558209670833463 1547621.553050782500396
11098866.558209670833463 1547621.851636720000352
11098866.558209670833463 1547622.150222657500308
11098866.558209670833463 1547622.448808595000264
11098866.558209670833463 1547622.747394532500220
11098866.558209670833463 1547623.045980470000176
11098866.558209670833463 1547623.344566407500132
11098866.558209670833463 1547623.643152345000088
11098866.558209670833463 1547623.941738282500044
11098866.558209670833463 1547624.240324220000000
11098866.558209670833463 1547624.538910157499956
11098866.558209670833463 1547624.837496094999912
11098866.558209670833463 1547625.136082032499868
11098866.558209670833463 1547625.434667969999824
11098866.558209670833463 1547625.733253907499780
11098866.558209670833463 1547626.031839844999736
11098866.558209670833463 1547626.330425782499692
11098866.558209670833463 1547626.629011719999648
11098866.856790400000000 1547621.553050782500396
11098866.856790400000000 1547621.851636720000352
11098866.856790400000000 1547622.150222657500308
11098866.856790400000000 1547622.448808595000264
11098866.856790400000000 1547622.747394532500220
11098866.856790400000000 1547623.045980470000176
11098866.856790400000000 1547623.344566407500132
11098866.856790400000000 1547623.643152345000088
11098866.856790400000000 1547623.941738282500044
11098866.856790400000000 1547624.240324220000000
11098866.856790400000000 1547624.538910157499956
11098866.856790400000000 1547624.837496094999912
11098866.856790400000000 1547625.136082032499868
11098866.856790400000000 1547625.434667969999824
11098866.856790400000000 1547625.733253907499780
11098866.856790400000000 1547626.031839844999736
11098866.856790400000000 1547626.330425782499692
11098866.856790400000000 1547626.629011719999648
11098867.155371129166537 1547621.553050782500396
11098867.155371129166537 1547621.851636720000352
11098867.155371129166537 1547622.150222657500308
11098867.155371129166537 1547622.448808595000264
11098867.155371129166537 1547622.747394532500220
11098867.155371129166537 1547623.045980470000176
11098867.155371129166537 1547623.344566407500132
11098867.155371129166537 1547623.643152345000088
11098867.155371129166537 1547623.941738282500044
11098867.155371129166537 1547624.240324220000000
11098867.155371129166537 1547624.538910157499956
11098867.155371129166537 1547624.837496094999912
11098867.155371129166537 1547625.136082032499868
11098867.155371129166537 1547625.434667969999824
11098867.155371129166537 1547625.733253907499780
11098867.155371129166537 1547626.031839844999736
11098867.155371129166537 1547626.330425782499692
11098867.155371129166537 1547626.629011719999648
11098867.453951858333074 1547621.553050782500396
11098867.453951858333074 1547621.851636720000352
11098867.453951858333074 1547622.150222657500308
11098867.453951858333074 1547622.448808595000264
11098867.453951858333074 1547622.747394532500220
11098867.453951858333074 1547623.045980470000176
11098867.453951858333074 1547623.344566407500132
11098867.453951858333074 1547623.643152345000088
11098867.453951858333074 1547623.941738282500044
11098867.453951858333074 1547624.240324220000000
11098867.453951858333074 1547624.538910157499956
11098867.453951858333074 1547624.837496094999912
11098867.453951858333074 1547625.136082032499868
11098867.453951858333074 1547625.434667969999824
11098867.453951858333074 1547625.733253907499780
11098867.453951858333074 1547626.031839844999736
11098867.453951858333074 1547626.330425782499692
11098867.453951858333074 1547626.629011719999648
11098867.752532587499611 1547621.553050782500396
11098867.752532587499611 1547621.851636720000352
11098867.752532587499611 1547622.150222657500308
11098867.752532587499611 1547622.448808595000264
11098867.752532587499611 1547622.747394532500220
11098867.752532587499611 1547623.045980470000176
11098867.752532587499611 1547623.344566407500132
11098867.752532587499611 1547623.643152345000088
11098867.752532587499611 1547623.941738282500044
11098867.752532587499611 1547624.240324220000000
11098867.752532587499611 1547624.538910157499956
11098867.752532587499611 1547624.837496094999912
11098867.752532587499611 1547625.136082032499868
11098867.752532587499611 1547625.434667969999824
11098867.752532587499611 1547625.733253907499780
11098867.752532587499611 1547626.031839844999736
11098867.752532587499611 1547626.330425782499692
11098867.752532587499611 1547626.629011719999648
11098868.051113316666148 1547621.553050782500396
11098868.051113316666148 1547621.851636720000352
11098868.051113316666148 1547622.150222657500308
11098868.051113316666148 1547622.448808595000264
11098868.051113316666148 1547622.747394532500220
11098868.051113316666148 1547623.045980470000176
11098868.051113316666148 1547623.344566407500132
11098868.051113316666148 1547623.643152345000088
11098868.051113316666148 1547623.941738282500044
11098868.051113316666148 1547624.240324220000000
11098868.051113316666148 1547624.538910157499956
11098868.051113316666148 1547624.837496094999912
11098868.051113316666148 1547625.136082032499868
11098868.051113316666148 1547625.434667969999824
11098868.051113316666148 1547625.733253907499780
11098868.051113316666148 1547626.031839844999736
11098868.051113316666148 1547626.330425782499692
11098868.051113316666148 1547626.629011719999648
11098868.349694045832685 1547621.553050782500396
11098868.349694045832685 1547621.851636720000352
11098868.349694045832685 1547622.150222657500308
11098868.349694045832685 1547622.448808595000264
11098868.349694045832685 1547622.747394532500220
11098868.349694045832685 1547623.045980470000176
11098868.349694045832685 1547623.344566407500132
11098868.349694045832685 1547623.643152345000088
11098868.349694045832685 1547623.941738282500044
11098868.349694045832685 1547624.240324220000000
11098868.349694045832685 1547624.538910157499956
11098868.349694045832685 1547624.837496094999912
11098868.349694045832685 1547625.136082032499868
11098868.349694045832685 1547625.434667969999824
11098868.349694045832685 1547625.733253907499780
11098868.349694045832685 1547626.031839844999736
11098868.349694045832685 1547626.330425782499692
11098868.349694045832685 1547626.629011719999648
11098868.648274774999222 1547621.553050782500396
11098868.648274774999222 1547621.851636720000352
11098868.648274774999222 1547622.150222657500308
11098868.648274774999222 1547622.448808595000264
11098868.648274774999222 1547622.747394532500220
11098868.648274774999222 1547623.045980470000176
11098868.648274774999222 1547623.344566407500132
11098868.648274774999222 1547623.643152345000088
11098868.648274774999222 1547623.941738282500044
11098868.648274774999222 1547624.240324220000000
11098868.648274774999222 1547624.538910157499956
11098868.648274774999222 1547624.837496094999912
11098868.648274774999222 1547625.136082032499868
11098868.648274774999222 1547625.434667969999824
11098868.648274774999222 1547625.733253907499780
11098868.648274774999222 1547626.031839844999736
11098868.648274774999222 1547626.330425782499692
11098868.648274774999222 1547626.629011719999648
11098868.946855504165759 1547621.553050782500396
11098868.946855504165759 1547621.851636720000352
11098868.946855504165759 1547622.150222657500308
11098868.946855504165759 1547622.448808595000264
11098868.946855504165759 1547622.747394532500220
11098868.946855504165759 1547623.045980470000176
11098868.946855504165759 1547623.344566407500132
11098868.946855504165759 1547623.643152345000088
11098868.946855504165759 1547623.941738282500044
11098868.946855504165759 1547624.240324220000000
11098868.946855504165759 1547624.538910157499956
11098868.946855504165759 1547624.837496094999912
11098868.946855504165759 1547625.136082032499868
11098868.946855504165759 1547625.434667969999824
11098868.946855504165759 1547625.733253907499780
11098868.946855504165759 1547626.031839844999736
11098868.946855504165759 1547626.330425782499692
11098868.946855504165759 1547626.629011719999648
11098869.245436233332296 1547621.553050782500396
11098869.245436233332296 1547621.851636720000352
11098869.245436233332296 1547622.150222657500308
11098869.245436233332296 1547622.448808595000264
11098869.245436233332296 1547622.747394532500220
11098869.245436233332296 1547623.045980470000176
11098869.245436233332296 1547623.344566407500132
11098869.245436233332296 1547623.643152345000088
11098869.245436233332296 1547623.941738282500044
11098869.245436233332296 1547624.240324220000000
11098869.245436233332296 1547624.538910157499956
11098869.245436233332296 1547624.837496094999912
11098869.245436233332296 1547625.136082032499868
11098869.245436233332296 1547625.434667969999824
11098869.245436233332296 1547625.733253907499780
11098869.245436233332296 1547626.031839844999736
11098869.245436233332296 1547626.330425782499692
11098869.245436233332296 1547626.629011719999648
