11099332.941308637501167 1547573.779300782500396
11099332.941308637501167 1547574.077886720000352
11099332.941308637501167 1547574.376472657500308
11099332.941308637501167 1547574.675058595000264
11099332.941308637501167 1547574.973644532500220
11099332.941308637501167 1547575.272230470000176
11099332.941308637501167 1547575.570816407500132
11099332.941308637501167 1547575.869402345000088
11099332.941308637501167 1547576.167988282500044
11099332.941308637501167 1547576.466574220000000
11099332.941308637501167 1547576.765160157499956
11099332.941308637501167 1547577.063746094999912
11099332.941308637501167 1547577.362332032499868
11099332.941308637501167 1547577.660917969999824
11099332.941308637501167 1547577.959503907499780
11099332.941308637501167 1547578.258089844999736
11099332.941308637501167 1547578.556675782499692
11099332.941308637501167 1547578.855261719999648
11099333.239889366667704 1547573.779300782500396
11099333.239889366667704 1547574.077886720000352
11099333.239889366667704 1547574.376472657500308
11099333.239889366667704 1547574.675058595000264
11099333.239889366667704 1547574.973644532500220
11099333.239889366667704 1547575.272230470000176
11099333.239889366667704 1547575.570816407500132
11099333.239889366667704 1547575.869402345000088
11099333.239889366667704 1547576.167988282500044
11099333.239889366667704 1547576.466574220000000
11099333.239889366667704 1547576.765160157499956
11099333.239889366667704 1547577.063746094999912
11099333.239889366667704 1547577.362332032499868
11099333.239889366667704 1547577.660917969999824
11099333.239889366667704 1547577.959503907499780
11099333.239889366667704 1547578.258089844999736
11099333.239889366667704 1547578.556675782499692
11099333.239889366667704 1547578.855261719999648
11099333.538470095834241 1547573.779300782500396
11099333.538470095834241 1547574.077886720000352
11099333.538470095834241 1547574.376472657500308
11099333.538470095834241 1547574.675058595000264
11099333.538470095834241 1547574.973644532500220
11099333.538470095834241 1547575.272230470000176
11099333.538470095834241 1547575.570816407500132
11099333.538470095834241 1547575.869402345000088
11099333.538470095834241 1547576.167988282500044
11099333.538470095834241 1547576.466574220000000
11099333.538470095834241 1547576.765160157499956
11099333.538470095834241 1547577.063746094999912
11099333.538470095834241 1547577.362332032499868
11099333.538470095834241 1547577.660917969999824
11099333.538470095834241 1547577.959503907499780
11099333.538470095834241 1547578.258089844999736
11099333.538470095834241 1547578.556675782499692
11099333.538470095834241 1547578.855261719999648
11099333.837050825000778 1547573.779300782500396
11099333.837050825000778 1547574.077886720000352
11099333.837050825000778 1547574.376472657500308
11099333.837050825000778 1547574.675058595000264
11099333.837050825000778 1547574.973644532500220
11099333.837050825000778 1547575.272230470000176
11099333.837050825000778 1547575.570816407500132
11099333.837050825000778 1547575.869402345000088
11099333.837050825000778 1547576.167988282500044
11099333.837050825000778 1547576.466574220000000
11099333.837050825000778 1547576.765160157499956
11099333.837050825000778 1547577.063746094999912
11099333.837050825000778 1547577.362332032499868
11099333.837050825000778 1547577.660917969999824
11099333.837050825000778 1547577.959503907499780
11099333.837050825000778 1547578.258089844999736
11099333.837050825000778 1547578.556675782499692
11099333.837050825000778 1547578.855261719999648
11099334.135631554167315 1547573.779300782500396
11099334.135631554167315 1547574.077886720000352
11099334.135631554167315 1547574.376472657500308
11099334.135631554167315 1547574.675058595000264
11099334.135631554167315 1547574.973644532500220
11099334.135631554167315 1547575.272230470000176
11099334.135631554167315 1547575.570816407500132
11099334.135631554167315 1547575.869402345000088
11099334.135631554167315 1547576.167988282500044
11099334.135631554167315 1547576.466574220000000
11099334.135631554167315 1547576.765160157499956
11099334.135631554167315 1547577.063746094999912
11099334.135631554167315 1547577.362332032499868
11099334.135631554167315 1547577.660917969999824
11099334.135631554167315 1547577.959503907499780
11099334.135631554167315 1547578.258089844999736
11099334.135631554167315 1547578.556675782499692
11099334.135631554167315 1547578.855261719999648
11099334.434212283333852 1547573.779300782500396
11099334.434212283333852 1547574.077886720000352
11099334.434212283333852 1547574.376472657500308
11099334.434212283333852 1547574.675058595000264
11099334.434212283333852 1547574.973644532500220
11099334.434212283333852 1547575.272230470000176
11099334.434212283333852 1547575.570816407500132
11099334.434212283333852 1547575.869402345000088
11099334.434212283333852 1547576.167988282500044
11099334.434212283333852 1547576.466574220000000
11099334.434212283333852 1547576.765160157499956
11099334.434212283333852 1547577.063746094999912
11099334.434212283333852 1547577.362332032499868
11099334.434212283333852 1547577.660917969999824
11099334.434212283333852 1547577.959503907499780
11099334.434212283333852 1547578.258089844999736
11099334.434212283333852 1547578.556675782499692
11099334.434212283333852 1547578.855261719999648
11099334.732793012500389 1547573.779300782500396
11099334.732793012500389 1547574.077886720000352
11099334.732793012500389 1547574.376472657500308
11099334.732793012500389 1547574.675058595000264
11099334.732793012500389 1547574.973644532500220
11099334.732793012500389 1547575.272230470000176
11099334.732793012500389 1547575.570816407500132
11099334.732793012500389 1547575.869402345000088
11099334.732793012500389 1547576.167988282500044
11099334.732793012500389 1547576.466574220000000
11099334.732793012500389 1547576.765160157499956
11099334.732793012500389 1547577.063746094999912
11099334.732793012500389 1547577.362332032499868
11099334.732793012500389 1547577.660917969999824
11099334.732793012500389 1547577.959503907499780
11099334.732793012500389 1547578.258089844999736
11099334.732793012500389 1547578.556675782499692
11099334.732793012500389 1547578.855261719999648
11099335.031373741666926 1547573.779300782500396
11099335.031373741666926 1547574.077886720000352
11099335.031373741666926 1547574.376472657500308
11099335.031373741666926 1547574.675058595000264
11099335.031373741666926 1547574.973644532500220
11099335.031373741666926 1547575.272230470000176
11099335.031373741666926 1547575.570816407500132
11099335.031373741666926 1547575.869402345000088
11099335.031373741666926 1547576.167988282500044
11099335.031373741666926 1547576.466574220000000
11099335.031373741666926 1547576.765160157499956
11099335.031373741666926 1547577.063746094999912
11099335.031373741666926 1547577.362332032499868
11099335.031373741666926 1547577.660917969999824
11099335.031373741666926 1547577.959503907499780
11099335.031373741666926 1547578.258089844999736
11099335.031373741666926 1547578.556675782499692
11099335.031373741666926 1547578.855261719999648
11099335.329954470833463 1547573.779300782500396
11099335.329954470833463 1547574.077886720000352
11099335.329954470833463 1547574.376472657500308
11099335.329954470833463 1547574.675058595000264
11099335.329954470833463 1547574.973644532500220
11099335.329954470833463 1547575.272230470000176
11099335.329954470833463 1547575.570816407500132
11099335.329954470833463 1547575.869402345000088
11099335.329954470833463 1547576.167988282500044
11099335.329954470833463 1547576.466574220000000
11099335.329954470833463 1547576.765160157499956
11099335.329954470833463 1547577.063746094999912
11099335.329954470833463 1547577.362332032499868
11099335.329954470833463 1547577.660917969999824
11099335.329954470833463 1547577.959503907499780
11099335.329954470833463 1547578.258089844999736
11099335.329954470833463 1547578.556675782499692
11099335.329954470833463 1547578.855261719999648
11099335.628535200000000 1547573.779300782500396
11099335.628535200000000 1547574.077886720000352
11099335.628535200000000 1547574.376472657500308
11099335.628535200000000 1547574.675058595000264
11099335.628535200000000 1547574.973644532500220
11099335.628535200000000 1547575.272230470000176
11099335.628535200000000 1547575.570816407500132
11099335.628535200000000 1547575.869402345000088
11099335.628535200000000 1547576.167988282500044
11099335.628535200000000 1547576.466574220000000
11099335.628535200000000 1547576.765160157499956
11099335.628535200000000 1547577.063746094999912
11099335.628535200000000 1547577.362332032499868
11099335.628535200000000 1547577.660917969999824
11099335.628535200000000 1547577.959503907499780
11099335.628535200000000 1547578.258089844999736
11099335.628535200000000 1547578.556675782499692
11099335.628535200000000 1547578.855261719999648
11099335.927115929166537 1547573.779300782500396
11099335.927115929166537 1547574.077886720000352
11099335.927115929166537 1547574.376472657500308
11099335.927115929166537 1547574.675058595000264
11099335.927115929166537 1547574.973644532500220
11099335.927115929166537 1547575.272230470000176
11099335.927115929166537 1547575.570816407500132
11099335.927115929166537 1547575.869402345000088
11099335.927115929166537 1547576.167988282500044
11099335.927115929166537 1547576.466574220000000
11099335.927115929166537 1547576.765160157499956
11099335.927115929166537 1547577.063746094999912
11099335.927115929166537 1547577.362332032499868
11099335.927115929166537 1547577.660917969999824
11099335.927115929166537 1547577.959503907499780
11099335.927115929166537 1547578.258089844999736
11099335.927115929166537 1547578.556675782499692
11099335.927115929166537 1547578.855261719999648
11099336.225696658333074 1547573.779300782500396
11099336.225696658333074 1547574.077886720000352
11099336.225696658333074 1547574.376472657500308
11099336.225696658333074 1547574.675058595000264
11099336.225696658333074 1547574.973644532500220
11099336.225696658333074 1547575.272230470000176
11099336.225696658333074 1547575.570816407500132
11099336.225696658333074 1547575.869402345000088
11099336.225696658333074 1547576.167988282500044
11099336.225696658333074 1547576.466574220000000
11099336.225696658333074 1547576.765160157499956
11099336.225696658333074 1547577.063746094999912
11099336.225696658333074 1547577.362332032499868
11099336.225696658333074 1547577.660917969999824
11099336.225696658333074 1547577.959503907499780
11099336.225696658333074 1547578.258089844999736
11099336.225696658333074 1547578.556675782499692
11099336.225696658333074 1547578.855261719999648
11099336.524277387499611 1547573.779300782500396
11099336.524277387499611 1547574.077886720000352
11099336.524277387499611 1547574.376472657500308
11099336.524277387499611 1547574.675058595000264
11099336.524277387499611 1547574.973644532500220
11099336.524277387499611 1547575.272230470000176
11099336.524277387499611 1547575.570816407500132
11099336.524277387499611 1547575.869402345000088
11099336.524277387499611 1547576.167988282500044
11099336.524277387499611 1547576.466574220000000
11099336.524277387499611 1547576.765160157499956
11099336.524277387499611 1547577.063746094999912
11099336.524277387499611 1547577.362332032499868
11099336.524277387499611 1547577.660917969999824
11099336.524277387499611 1547577.959503907499780
11099336.524277387499611 1547578.258089844999736
11099336.524277387499611 1547578.556675782499692
11099336.524277387499611 1547578.855261719999648
11099336.822858116666148 1547573.779300782500396
11099336.822858116666148 1547574.077886720000352
11099336.822858116666148 1547574.376472657500308
11099336.822858116666148 1547574.675058595000264
11099336.822858116666148 1547574.973644532500220
11099336.822858116666148 1547575.272230470000176
11099336.822858116666148 1547575.570816407500132
11099336.822858116666148 1547575.869402345000088
11099336.822858116666148 1547576.167988282500044
11099336.822858116666148 1547576.466574220000000
11099336.822858116666148 1547576.765160157499956
11099336.822858116666148 1547577.063746094999912
11099336.822858116666148 1547577.362332032499868
11099336.822858116666148 1547577.660917969999824
11099336.822858116666148 1547577.959503907499780
11099336.822858116666148 1547578.258089844999736
11099336.822858116666148 1547578.556675782499692
11099336.822858116666148 1547578.855261719999648
11099337.121438845832685 1547573.779300782500396
11099337.121438845832685 1547574.077886720000352
11099337.121438845832685 1547574.376472657500308
11099337.121438845832685 1547574.675058595000264
11099337.121438845832685 1547574.973644532500220
11099337.121438845832685 1547575.272230470000176
11099337.121438845832685 1547575.570816407500132
11099337.121438845832685 1547575.869402345000088
11099337.121438845832685 1547576.167988282500044
11099337.121438845832685 1547576.466574220000000
11099337.121438845832685 1547576.765160157499956
11099337.121438845832685 1547577.063746094999912
11099337.121438845832685 1547577.362332032499868
11099337.121438845832685 1547577.660917969999824
11099337.121438845832685 1547577.959503907499780
11099337.121438845832685 1547578.258089844999736
11099337.121438845832685 1547578.556675782499692
11099337.121438845832685 1547578.855261719999648
11099337.420019574999222 1547573.779300782500396
11099337.420019574999222 1547574.077886720000352
11099337.420019574999222 1547574.376472657500308
11099337.420019574999222 1547574.675058595000264
11099337.420019574999222 1547574.973644532500220
11099337.420019574999222 1547575.272230470000176
11099337.420019574999222 1547575.570816407500132
11099337.420019574999222 1547575.869402345000088
11099337.420019574999222 1547576.167988282500044
11099337.420019574999222 1547576.466574220000000
11099337.420019574999222 1547576.765160157499956
11099337.420019574999222 1547577.063746094999912
11099337.420019574999222 1547577.362332032499868
11099337.420019574999222 1547577.660917969999824
11099337.420019574999222 1547577.959503907499780
11099337.420019574999222 1547578.258089844999736
11099337.420019574999222 1547578.556675782499692
11099337.420019574999222 1547578.855261719999648
11099337.718600304165759 1547573.779300782500396
11099337.718600304165759 1547574.077886720000352
11099337.718600304165759 1547574.376472657500308
11099337.718600304165759 1547574.675058595000264
11099337.718600304165759 1547574.973644532500220
11099337.718600304165759 1547575.272230470000176
11099337.718600304165759 1547575.570816407500132
11099337.718600304165759 1547575.869402345000088
11099337.718600304165759 1547576.167988282500044
11099337.718600304165759 1547576.466574220000000
11099337.718600304165759 1547576.765160157499956
11099337.718600304165759 1547577.063746094999912
11099337.718600304165759 1547577.362332032499868
11099337.718600304165759 1547577.660917969999824
11099337.718600304165759 1547577.959503907499780
11099337.718600304165759 1547578.258089844999736
11099337.718600304165759 1547578.556675782499692
11099337.718600304165759 1547578.855261719999648
11099338.017181033332296 1547573.779300782500396
11099338.017181033332296 1547574.077886720000352
11099338.017181033332296 1547574.376472657500308
11099338.017181033332296 1547574.675058595000264
11099338.017181033332296 1547574.973644532500220
11099338.017181033332296 1547575.272230470000176
11099338.017181033332296 1547575.570816407500132
11099338.017181033332296 1547575.869402345000088
11099338.017181033332296 1547576.167988282500044
11099338.017181033332296 1547576.466574220000000
11099338.017181033332296 1547576.765160157499956
11099338.017181033332296 1547577.063746094999912
11099338.017181033332296 1547577.362332032499868
11099338.017181033332296 1547577.660917969999824
11099338.017181033332296 1547577.959503907499780
11099338.017181033332296 1547578.258089844999736
11099338.017181033332296 1547578.556675782499692
11099338.017181033332296 1547578.855261719999648
