11099385.790097637501167 1547667.236699222500396
11099385.790097637501167 1547667.535285160000352
11099385.790097637501167 1547667.833871097500308
11099385.790097637501167 1547668.132457035000264
11099385.790097637501167 1547668.431042972500220
11099385.790097637501167 1547668.729628910000176
11099385.790097637501167 1547669.028214847500132
11099385.790097637501167 1547669.326800785000088
11099385.790097637501167 1547669.625386722500044
11099385.790097637501167 1547669.923972660000000
11099385.790097637501167 1547670.222558597499956
11099385.790097637501167 1547670.521144534999912
11099385.790097637501167 1547670.819730472499868
11099385.790097637501167 1547671.118316409999824
11099385.790097637501167 1547671.416902347499780
11099385.790097637501167 1547671.715488284999736
11099385.790097637501167 1547672.014074222499692
11099385.790097637501167 1547672.312660159999648
11099386.088678366667704 1547667.236699222500396
11099386.088678366667704 1547667.535285160000352
11099386.088678366667704 1547667.833871097500308
11099386.088678366667704 1547668.132457035000264
11099386.088678366667704 1547668.431042972500220
11099386.088678366667704 1547668.729628910000176
11099386.088678366667704 1547669.028214847500132
11099386.088678366667704 1547669.326800785000088
11099386.088678366667704 1547669.625386722500044
11099386.088678366667704 1547669.923972660000000
11099386.088678366667704 1547670.222558597499956
11099386.088678366667704 1547670.521144534999912
11099386.088678366667704 1547670.819730472499868
11099386.088678366667704 1547671.118316409999824
11099386.088678366667704 1547671.416902347499780
11099386.088678366667704 1547671.715488284999736
11099386.088678366667704 1547672.014074222499692
11099386.088678366667704 1547672.312660159999648
11099386.387259095834241 1547667.236699222500396
11099386.387259095834241 1547667.535285160000352
11099386.387259095834241 1547667.833871097500308
11099386.387259095834241 1547668.132457035000264
11099386.387259095834241 1547668.431042972500220
11099386.387259095834241 1547668.729628910000176
11099386.387259095834241 1547669.028214847500132
11099386.387259095834241 1547669.326800785000088
11099386.387259095834241 1547669.625386722500044
11099386.387259095834241 1547669.923972660000000
11099386.387259095834241 1547670.222558597499956
11099386.387259095834241 1547670.521144534999912
11099386.387259095834241 1547670.819730472499868
11099386.387259095834241 1547671.118316409999824
11099386.387259095834241 1547671.416902347499780
11099386.387259095834241 1547671.715488284999736
11099386.387259095834241 1547672.014074222499692
11099386.387259095834241 1547672.312660159999648
11099386.685839825000778 1547667.236699222500396
11099386.685839825000778 1547667.535285160000352
11099386.685839825000778 1547667.833871097500308
11099386.685839825000778 1547668.132457035000264
11099386.685839825000778 1547668.431042972500220
11099386.685839825000778 1547668.729628910000176
11099386.685839825000778 1547669.028214847500132
11099386.685839825000778 1547669.326800785000088
11099386.685839825000778 1547669.625386722500044
11099386.685839825000778 1547669.923972660000000
11099386.685839825000778 1547670.222558597499956
11099386.685839825000778 1547670.521144534999912
11099386.685839825000778 1547670.819730472499868
11099386.685839825000778 1547671.118316409999824
11099386.685839825000778 1547671.416902347499780
11099386.685839825000778 1547671.715488284999736
11099386.685839825000778 1547672.014074222499692
11099386.685839825000778 1547672.312660159999648
11099386.984420554167315 1547667.236699222500396
11099386.984420554167315 1547667.535285160000352
11099386.984420554167315 1547667.833871097500308
11099386.984420554167315 1547668.132457035000264
11099386.984420554167315 1547668.431042972500220
11099386.984420554167315 1547668.729628910000176
11099386.984420554167315 1547669.028214847500132
11099386.984420554167315 1547669.326800785000088
11099386.984420554167315 1547669.625386722500044
11099386.984420554167315 1547669.923972660000000
11099386.984420554167315 1547670.222558597499956
11099386.984420554167315 1547670.521144534999912
11099386.984420554167315 1547670.819730472499868
11099386.984420554167315 1547671.118316409999824
11099386.984420554167315 1547671.416902347499780
11099386.984420554167315 1547671.715488284999736
11099386.984420554167315 1547672.014074222499692
11099386.984420554167315 1547672.312660159999648
11099387.283001283333852 1547667.236699222500396
11099387.283001283333852 1547667.535285160000352
11099387.283001283333852 1547667.833871097500308
11099387.283001283333852 1547668.132457035000264
11099387.283001283333852 1547668.431042972500220
11099387.283001283333852 1547668.729628910000176
11099387.283001283333852 1547669.028214847500132
11099387.283001283333852 1547669.326800785000088
11099387.283001283333852 1547669.625386722500044
11099387.283001283333852 1547669.923972660000000
11099387.283001283333852 1547670.222558597499956
11099387.283001283333852 1547670.521144534999912
11099387.283001283333852 1547670.819730472499868
11099387.283001283333852 1547671.118316409999824
11099387.283001283333852 1547671.416902347499780
11099387.283001283333852 1547671.715488284999736
11099387.283001283333852 1547672.014074222499692
11099387.283001283333852 1547672.312660159999648
11099387.581582012500389 1547667.236699222500396
11099387.581582012500389 1547667.535285160000352
11099387.581582012500389 1547667.833871097500308
11099387.581582012500389 1547668.132457035000264
11099387.581582012500389 1547668.431042972500220
11099387.581582012500389 1547668.729628910000176
11099387.581582012500389 1547669.028214847500132
11099387.581582012500389 1547669.326800785000088
11099387.581582012500389 1547669.625386722500044
11099387.581582012500389 1547669.923972660000000
11099387.581582012500389 1547670.222558597499956
11099387.581582012500389 1547670.521144534999912
11099387.581582012500389 1547670.819730472499868
11099387.581582012500389 1547671.118316409999824
11099387.581582012500389 1547671.416902347499780
11099387.581582012500389 1547671.715488284999736
11099387.581582012500389 1547672.014074222499692
11099387.581582012500389 1547672.312660159999648
11099387.880162741666926 1547667.236699222500396
11099387.880162741666926 1547667.535285160000352
11099387.880162741666926 1547667.833871097500308
11099387.880162741666926 1547668.132457035000264
11099387.880162741666926 1547668.431042972500220
11099387.880162741666926 1547668.729628910000176
11099387.880162741666926 1547669.028214847500132
11099387.880162741666926 1547669.326800785000088
11099387.880162741666926 1547669.625386722500044
11099387.880162741666926 1547669.923972660000000
11099387.880162741666926 1547670.222558597499956
11099387.880162741666926 1547670.521144534999912
11099387.880162741666926 1547670.819730472499868
11099387.880162741666926 1547671.118316409999824
11099387.880162741666926 1547671.416902347499780
11099387.880162741666926 1547671.715488284999736
11099387.880162741666926 1547672.014074222499692
11099387.880162741666926 1547672.312660159999648
11099388.178743470833463 1547667.236699222500396
11099388.178743470833463 1547667.535285160000352
11099388.178743470833463 1547667.833871097500308
11099388.178743470833463 1547668.132457035000264
11099388.178743470833463 1547668.431042972500220
11099388.178743470833463 1547668.729628910000176
11099388.178743470833463 1547669.028214847500132
11099388.178743470833463 1547669.326800785000088
11099388.178743470833463 1547669.625386722500044
11099388.178743470833463 1547669.923972660000000
11099388.178743470833463 1547670.222558597499956
11099388.178743470833463 1547670.521144534999912
11099388.178743470833463 1547670.819730472499868
11099388.178743470833463 1547671.118316409999824
11099388.178743470833463 1547671.416902347499780
11099388.178743470833463 1547671.715488284999736
11099388.178743470833463 1547672.014074222499692
11099388.178743470833463 1547672.312660159999648
11099388.477324200000000 1547667.236699222500396
11099388.477324200000000 1547667.535285160000352
11099388.477324200000000 1547667.833871097500308
11099388.477324200000000 1547668.132457035000264
11099388.477324200000000 1547668.431042972500220
11099388.477324200000000 1547668.729628910000176
11099388.477324200000000 1547669.028214847500132
11099388.477324200000000 1547669.326800785000088
11099388.477324200000000 1547669.625386722500044
11099388.477324200000000 1547669.923972660000000
11099388.477324200000000 1547670.222558597499956
11099388.477324200000000 1547670.521144534999912
11099388.477324200000000 1547670.819730472499868
11099388.477324200000000 1547671.118316409999824
11099388.477324200000000 1547671.416902347499780
11099388.477324200000000 1547671.715488284999736
11099388.477324200000000 1547672.014074222499692
11099388.477324200000000 1547672.312660159999648
11099388.775904929166537 1547667.236699222500396
11099388.775904929166537 1547667.535285160000352
11099388.775904929166537 1547667.833871097500308
11099388.775904929166537 1547668.132457035000264
11099388.775904929166537 1547668.431042972500220
11099388.775904929166537 1547668.729628910000176
11099388.775904929166537 1547669.028214847500132
11099388.775904929166537 1547669.326800785000088
11099388.775904929166537 1547669.625386722500044
11099388.775904929166537 1547669.923972660000000
11099388.775904929166537 1547670.222558597499956
11099388.775904929166537 1547670.521144534999912
11099388.775904929166537 1547670.819730472499868
11099388.775904929166537 1547671.118316409999824
11099388.775904929166537 1547671.416902347499780
11099388.775904929166537 1547671.715488284999736
11099388.775904929166537 1547672.014074222499692
11099388.775904929166537 1547672.312660159999648
11099389.074485658333074 1547667.236699222500396
11099389.074485658333074 1547667.535285160000352
11099389.074485658333074 1547667.833871097500308
11099389.074485658333074 1547668.132457035000264
11099389.074485658333074 1547668.431042972500220
11099389.074485658333074 1547668.729628910000176
11099389.074485658333074 1547669.028214847500132
11099389.074485658333074 1547669.326800785000088
11099389.074485658333074 1547669.625386722500044
11099389.074485658333074 1547669.923972660000000
11099389.074485658333074 1547670.222558597499956
11099389.074485658333074 1547670.521144534999912
11099389.074485658333074 1547670.819730472499868
11099389.074485658333074 1547671.118316409999824
11099389.074485658333074 1547671.416902347499780
11099389.074485658333074 1547671.715488284999736
11099389.074485658333074 1547672.014074222499692
11099389.074485658333074 1547672.312660159999648
11099389.373066387499611 1547667.236699222500396
11099389.373066387499611 1547667.535285160000352
11099389.373066387499611 1547667.833871097500308
11099389.373066387499611 1547668.132457035000264
11099389.373066387499611 1547668.431042972500220
11099389.373066387499611 1547668.729628910000176
11099389.373066387499611 1547669.028214847500132
11099389.373066387499611 1547669.326800785000088
11099389.373066387499611 1547669.625386722500044
11099389.373066387499611 1547669.923972660000000
11099389.373066387499611 1547670.222558597499956
11099389.373066387499611 1547670.521144534999912
11099389.373066387499611 1547670.819730472499868
11099389.373066387499611 1547671.118316409999824
11099389.373066387499611 1547671.416902347499780
11099389.373066387499611 1547671.715488284999736
11099389.373066387499611 1547672.014074222499692
11099389.373066387499611 1547672.312660159999648
11099389.671647116666148 1547667.236699222500396
11099389.671647116666148 1547667.535285160000352
11099389.671647116666148 1547667.833871097500308
11099389.671647116666148 1547668.132457035000264
11099389.671647116666148 1547668.431042972500220
11099389.671647116666148 1547668.729628910000176
11099389.671647116666148 1547669.028214847500132
11099389.671647116666148 1547669.326800785000088
11099389.671647116666148 1547669.625386722500044
11099389.671647116666148 1547669.923972660000000
11099389.671647116666148 1547670.222558597499956
11099389.671647116666148 1547670.521144534999912
11099389.671647116666148 1547670.819730472499868
11099389.671647116666148 1547671.118316409999824
11099389.671647116666148 1547671.416902347499780
11099389.671647116666148 1547671.715488284999736
11099389.671647116666148 1547672.014074222499692
11099389.671647116666148 1547672.312660159999648
11099389.970227845832685 1547667.236699222500396
11099389.970227845832685 1547667.535285160000352
11099389.970227845832685 1547667.833871097500308
11099389.970227845832685 1547668.132457035000264
11099389.970227845832685 1547668.431042972500220
11099389.970227845832685 1547668.729628910000176
11099389.970227845832685 1547669.028214847500132
11099389.970227845832685 1547669.326800785000088
11099389.970227845832685 1547669.625386722500044
11099389.970227845832685 1547669.923972660000000
11099389.970227845832685 1547670.222558597499956
11099389.970227845832685 1547670.521144534999912
11099389.970227845832685 1547670.819730472499868
11099389.970227845832685 1547671.118316409999824
11099389.970227845832685 1547671.416902347499780
11099389.970227845832685 1547671.715488284999736
11099389.970227845832685 1547672.014074222499692
11099389.970227845832685 1547672.312660159999648
11099390.268808574999222 1547667.236699222500396
11099390.268808574999222 1547667.535285160000352
11099390.268808574999222 1547667.833871097500308
11099390.268808574999222 1547668.132457035000264
11099390.268808574999222 1547668.431042972500220
11099390.268808574999222 1547668.729628910000176
11099390.268808574999222 1547669.028214847500132
11099390.268808574999222 1547669.326800785000088
11099390.268808574999222 1547669.625386722500044
11099390.268808574999222 1547669.923972660000000
11099390.268808574999222 1547670.222558597499956
11099390.268808574999222 1547670.521144534999912
11099390.268808574999222 1547670.819730472499868
11099390.268808574999222 1547671.118316409999824
11099390.268808574999222 1547671.416902347499780
11099390.268808574999222 1547671.715488284999736
11099390.268808574999222 1547672.014074222499692
11099390.268808574999222 1547672.312660159999648
11099390.567389304165759 1547667.236699222500396
11099390.567389304165759 1547667.535285160000352
11099390.567389304165759 1547667.833871097500308
11099390.567389304165759 1547668.132457035000264
11099390.567389304165759 1547668.431042972500220
11099390.567389304165759 1547668.729628910000176
11099390.567389304165759 1547669.028214847500132
11099390.567389304165759 1547669.326800785000088
11099390.567389304165759 1547669.625386722500044
11099390.567389304165759 1547669.923972660000000
11099390.567389304165759 1547670.222558597499956
11099390.567389304165759 1547670.521144534999912
11099390.567389304165759 1547670.819730472499868
11099390.567389304165759 1547671.118316409999824
11099390.567389304165759 1547671.416902347499780
11099390.567389304165759 1547671.715488284999736
11099390.567389304165759 1547672.014074222499692
11099390.567389304165759 1547672.312660159999648
11099390.865970033332296 1547667.236699222500396
11099390.865970033332296 1547667.535285160000352
11099390.865970033332296 1547667.833871097500308
11099390.865970033332296 1547668.132457035000264
11099390.865970033332296 1547668.431042972500220
11099390.865970033332296 1547668.729628910000176
11099390.865970033332296 1547669.028214847500132
11099390.865970033332296 1547669.326800785000088
11099390.865970033332296 1547669.625386722500044
11099390.865970033332296 1547669.923972660000000
11099390.865970033332296 1547670.222558597499956
11099390.865970033332296 1547670.521144534999912
11099390.865970033332296 1547670.819730472499868
11099390.865970033332296 1547671.118316409999824
11099390.865970033332296 1547671.416902347499780
11099390.865970033332296 1547671.715488284999736
11099390.865970033332296 1547672.014074222499692
11099390.865970033332296 1547672.312660159999648
