11099387.880162737501167 1547689.630644532500396
11099387.880162737501167 1547689.929230470000352
11099387.880162737501167 1547690.227816407500308
11099387.880162737501167 1547690.526402345000264
11099387.880162737501167 1547690.824988282500220
11099387.880162737501167 1547691.123574220000176
11099387.880162737501167 1547691.422160157500132
11099387.880162737501167 1547691.720746095000088
11099387.880162737501167 1547692.019332032500044
11099387.880162737501167 1547692.317917970000000
11099387.880162737501167 1547692.616503907499956
11099387.880162737501167 1547692.915089844999912
11099387.880162737501167 1547693.213675782499868
11099387.880162737501167 1547693.512261719999824
11099387.880162737501167 1547693.810847657499780
11099387.880162737501167 1547694.109433594999736
11099387.880162737501167 1547694.408019532499692
11099387.880162737501167 1547694.706605469999648
11099388.178743466667704 1547689.630644532500396
11099388.178743466667704 1547689.929230470000352
11099388.178743466667704 1547690.227816407500308
11099388.178743466667704 1547690.526402345000264
11099388.178743466667704 1547690.824988282500220
11099388.178743466667704 1547691.123574220000176
11099388.178743466667704 1547691.422160157500132
11099388.178743466667704 1547691.720746095000088
11099388.178743466667704 1547692.019332032500044
11099388.178743466667704 1547692.317917970000000
11099388.178743466667704 1547692.616503907499956
11099388.178743466667704 1547692.915089844999912
11099388.178743466667704 1547693.213675782499868
11099388.178743466667704 1547693.512261719999824
11099388.178743466667704 1547693.810847657499780
11099388.178743466667704 1547694.109433594999736
11099388.178743466667704 1547694.408019532499692
11099388.178743466667704 1547694.706605469999648
11099388.477324195834241 1547689.630644532500396
11099388.477324195834241 1547689.929230470000352
11099388.477324195834241 1547690.227816407500308
11099388.477324195834241 1547690.526402345000264
11099388.477324195834241 1547690.824988282500220
11099388.477324195834241 1547691.123574220000176
11099388.477324195834241 1547691.422160157500132
11099388.477324195834241 1547691.720746095000088
11099388.477324195834241 1547692.019332032500044
11099388.477324195834241 1547692.317917970000000
11099388.477324195834241 1547692.616503907499956
11099388.477324195834241 1547692.915089844999912
11099388.477324195834241 1547693.213675782499868
11099388.477324195834241 1547693.512261719999824
11099388.477324195834241 1547693.810847657499780
11099388.477324195834241 1547694.109433594999736
11099388.477324195834241 1547694.408019532499692
11099388.477324195834241 1547694.706605469999648
11099388.775904925000778 1547689.630644532500396
11099388.775904925000778 1547689.929230470000352
11099388.775904925000778 1547690.227816407500308
11099388.775904925000778 1547690.526402345000264
11099388.775904925000778 1547690.824988282500220
11099388.775904925000778 1547691.123574220000176
11099388.775904925000778 1547691.422160157500132
11099388.775904925000778 1547691.720746095000088
11099388.775904925000778 1547692.019332032500044
11099388.775904925000778 1547692.317917970000000
11099388.775904925000778 1547692.616503907499956
11099388.775904925000778 1547692.915089844999912
11099388.775904925000778 1547693.213675782499868
11099388.775904925000778 1547693.512261719999824
11099388.775904925000778 1547693.810847657499780
11099388.775904925000778 1547694.109433594999736
11099388.775904925000778 1547694.408019532499692
11099388.775904925000778 1547694.706605469999648
11099389.074485654167315 1547689.630644532500396
11099389.074485654167315 1547689.929230470000352
11099389.074485654167315 1547690.227816407500308
11099389.074485654167315 1547690.526402345000264
11099389.074485654167315 1547690.824988282500220
11099389.074485654167315 1547691.123574220000176
11099389.074485654167315 1547691.422160157500132
11099389.074485654167315 1547691.720746095000088
11099389.074485654167315 1547692.019332032500044
11099389.074485654167315 1547692.317917970000000
11099389.074485654167315 1547692.616503907499956
11099389.074485654167315 1547692.915089844999912
11099389.074485654167315 1547693.213675782499868
11099389.074485654167315 1547693.512261719999824
11099389.074485654167315 1547693.810847657499780
11099389.074485654167315 1547694.109433594999736
11099389.074485654167315 1547694.408019532499692
11099389.074485654167315 1547694.706605469999648
11099389.373066383333852 1547689.630644532500396
11099389.373066383333852 1547689.929230470000352
11099389.373066383333852 1547690.227816407500308
11099389.373066383333852 1547690.526402345000264
11099389.373066383333852 1547690.824988282500220
11099389.373066383333852 1547691.123574220000176
11099389.373066383333852 1547691.422160157500132
11099389.373066383333852 1547691.720746095000088
11099389.373066383333852 1547692.019332032500044
11099389.373066383333852 1547692.317917970000000
11099389.373066383333852 1547692.616503907499956
11099389.373066383333852 1547692.915089844999912
11099389.373066383333852 1547693.213675782499868
11099389.373066383333852 1547693.512261719999824
11099389.373066383333852 1547693.810847657499780
11099389.373066383333852 1547694.109433594999736
11099389.373066383333852 1547694.408019532499692
11099389.373066383333852 1547694.706605469999648
11099389.671647112500389 1547689.630644532500396
11099389.671647112500389 1547689.929230470000352
11099389.671647112500389 1547690.227816407500308
11099389.671647112500389 1547690.526402345000264
11099389.671647112500389 1547690.824988282500220
11099389.671647112500389 1547691.123574220000176
11099389.671647112500389 1547691.422160157500132
11099389.671647112500389 1547691.720746095000088
11099389.671647112500389 1547692.019332032500044
11099389.671647112500389 1547692.317917970000000
11099389.671647112500389 1547692.616503907499956
11099389.671647112500389 1547692.915089844999912
11099389.671647112500389 1547693.213675782499868
11099389.671647112500389 1547693.512261719999824
11099389.671647112500389 1547693.810847657499780
11099389.671647112500389 1547694.109433594999736
11099389.671647112500389 1547694.408019532499692
11099389.671647112500389 1547694.706605469999648
11099389.970227841666926 1547689.630644532500396
11099389.970227841666926 1547689.929230470000352
11099389.970227841666926 1547690.227816407500308
11099389.970227841666926 1547690.526402345000264
11099389.970227841666926 1547690.824988282500220
11099389.970227841666926 1547691.123574220000176
11099389.970227841666926 1547691.422160157500132
11099389.970227841666926 1547691.720746095000088
11099389.970227841666926 1547692.019332032500044
11099389.970227841666926 1547692.317917970000000
11099389.970227841666926 1547692.616503907499956
11099389.970227841666926 1547692.915089844999912
11099389.970227841666926 1547693.213675782499868
11099389.970227841666926 1547693.512261719999824
11099389.970227841666926 1547693.810847657499780
11099389.970227841666926 1547694.109433594999736
11099389.970227841666926 1547694.408019532499692
11099389.970227841666926 1547694.706605469999648
11099390.268808570833463 1547689.630644532500396
11099390.268808570833463 1547689.929230470000352
11099390.268808570833463 1547690.227816407500308
11099390.268808570833463 1547690.526402345000264
11099390.268808570833463 1547690.824988282500220
11099390.268808570833463 1547691.123574220000176
11099390.268808570833463 1547691.422160157500132
11099390.268808570833463 1547691.720746095000088
11099390.268808570833463 1547692.019332032500044
11099390.268808570833463 1547692.317917970000000
11099390.268808570833463 1547692.616503907499956
11099390.268808570833463 1547692.915089844999912
11099390.268808570833463 1547693.213675782499868
11099390.268808570833463 1547693.512261719999824
11099390.268808570833463 1547693.810847657499780
11099390.268808570833463 1547694.109433594999736
11099390.268808570833463 1547694.408019532499692
11099390.268808570833463 1547694.706605469999648
11099390.567389300000000 1547689.630644532500396
11099390.567389300000000 1547689.929230470000352
11099390.567389300000000 1547690.227816407500308
11099390.567389300000000 1547690.526402345000264
11099390.567389300000000 1547690.824988282500220
11099390.567389300000000 1547691.123574220000176
11099390.567389300000000 1547691.422160157500132
11099390.567389300000000 1547691.720746095000088
11099390.567389300000000 1547692.019332032500044
11099390.567389300000000 1547692.317917970000000
11099390.567389300000000 1547692.616503907499956
11099390.567389300000000 1547692.915089844999912
11099390.567389300000000 1547693.213675782499868
11099390.567389300000000 1547693.512261719999824
11099390.567389300000000 1547693.810847657499780
11099390.567389300000000 1547694.109433594999736
11099390.567389300000000 1547694.408019532499692
11099390.567389300000000 1547694.706605469999648
11099390.865970029166537 1547689.630644532500396
11099390.865970029166537 1547689.929230470000352
11099390.865970029166537 1547690.227816407500308
11099390.865970029166537 1547690.526402345000264
11099390.865970029166537 1547690.824988282500220
11099390.865970029166537 1547691.123574220000176
11099390.865970029166537 1547691.422160157500132
11099390.865970029166537 1547691.720746095000088
11099390.865970029166537 1547692.019332032500044
11099390.865970029166537 1547692.317917970000000
11099390.865970029166537 1547692.616503907499956
11099390.865970029166537 1547692.915089844999912
11099390.865970029166537 1547693.213675782499868
11099390.865970029166537 1547693.512261719999824
11099390.865970029166537 1547693.810847657499780
11099390.865970029166537 1547694.109433594999736
11099390.865970029166537 1547694.408019532499692
11099390.865970029166537 1547694.706605469999648
11099391.164550758333074 1547689.630644532500396
11099391.164550758333074 1547689.929230470000352
11099391.164550758333074 1547690.227816407500308
11099391.164550758333074 1547690.526402345000264
11099391.164550758333074 1547690.824988282500220
11099391.164550758333074 1547691.123574220000176
11099391.164550758333074 1547691.422160157500132
11099391.164550758333074 1547691.720746095000088
11099391.164550758333074 1547692.019332032500044
11099391.164550758333074 1547692.317917970000000
11099391.164550758333074 1547692.616503907499956
11099391.164550758333074 1547692.915089844999912
11099391.164550758333074 1547693.213675782499868
11099391.164550758333074 1547693.512261719999824
11099391.164550758333074 1547693.810847657499780
11099391.164550758333074 1547694.109433594999736
11099391.164550758333074 1547694.408019532499692
11099391.164550758333074 1547694.706605469999648
11099391.463131487499611 1547689.630644532500396
11099391.463131487499611 1547689.929230470000352
11099391.463131487499611 1547690.227816407500308
11099391.463131487499611 1547690.526402345000264
11099391.463131487499611 1547690.824988282500220
11099391.463131487499611 1547691.123574220000176
11099391.463131487499611 1547691.422160157500132
11099391.463131487499611 1547691.720746095000088
11099391.463131487499611 1547692.019332032500044
11099391.463131487499611 1547692.317917970000000
11099391.463131487499611 1547692.616503907499956
11099391.463131487499611 1547692.915089844999912
11099391.463131487499611 1547693.213675782499868
11099391.463131487499611 1547693.512261719999824
11099391.463131487499611 1547693.810847657499780
11099391.463131487499611 1547694.109433594999736
11099391.463131487499611 1547694.408019532499692
11099391.463131487499611 1547694.706605469999648
11099391.761712216666148 1547689.630644532500396
11099391.761712216666148 1547689.929230470000352
11099391.761712216666148 1547690.227816407500308
11099391.761712216666148 1547690.526402345000264
11099391.761712216666148 1547690.824988282500220
11099391.761712216666148 1547691.123574220000176
11099391.761712216666148 1547691.422160157500132
11099391.761712216666148 1547691.720746095000088
11099391.761712216666148 1547692.019332032500044
11099391.761712216666148 1547692.317917970000000
11099391.761712216666148 1547692.616503907499956
11099391.761712216666148 1547692.915089844999912
11099391.761712216666148 1547693.213675782499868
11099391.761712216666148 1547693.512261719999824
11099391.761712216666148 1547693.810847657499780
11099391.761712216666148 1547694.109433594999736
11099391.761712216666148 1547694.408019532499692
11099391.761712216666148 1547694.706605469999648
11099392.060292945832685 1547689.630644532500396
11099392.060292945832685 1547689.929230470000352
11099392.060292945832685 1547690.227816407500308
11099392.060292945832685 1547690.526402345000264
11099392.060292945832685 1547690.824988282500220
11099392.060292945832685 1547691.123574220000176
11099392.060292945832685 1547691.422160157500132
11099392.060292945832685 1547691.720746095000088
11099392.060292945832685 1547692.019332032500044
11099392.060292945832685 1547692.317917970000000
11099392.060292945832685 1547692.616503907499956
11099392.060292945832685 1547692.915089844999912
11099392.060292945832685 1547693.213675782499868
11099392.060292945832685 1547693.512261719999824
11099392.060292945832685 1547693.810847657499780
11099392.060292945832685 1547694.109433594999736
11099392.060292945832685 1547694.408019532499692
11099392.060292945832685 1547694.706605469999648
11099392.358873674999222 1547689.630644532500396
11099392.358873674999222 1547689.929230470000352
11099392.358873674999222 1547690.227816407500308
11099392.358873674999222 1547690.526402345000264
11099392.358873674999222 1547690.824988282500220
11099392.358873674999222 1547691.123574220000176
11099392.358873674999222 1547691.422160157500132
11099392.358873674999222 1547691.720746095000088
11099392.358873674999222 1547692.019332032500044
11099392.358873674999222 1547692.317917970000000
11099392.358873674999222 1547692.616503907499956
11099392.358873674999222 1547692.915089844999912
11099392.358873674999222 1547693.213675782499868
11099392.358873674999222 1547693.512261719999824
11099392.358873674999222 1547693.810847657499780
11099392.358873674999222 1547694.109433594999736
11099392.358873674999222 1547694.408019532499692
11099392.358873674999222 1547694.706605469999648
11099392.657454404165759 1547689.630644532500396
11099392.657454404165759 1547689.929230470000352
11099392.657454404165759 1547690.227816407500308
11099392.657454404165759 1547690.526402345000264
11099392.657454404165759 1547690.824988282500220
11099392.657454404165759 1547691.123574220000176
11099392.657454404165759 1547691.422160157500132
11099392.657454404165759 1547691.720746095000088
11099392.657454404165759 1547692.019332032500044
11099392.657454404165759 1547692.317917970000000
11099392.657454404165759 1547692.616503907499956
11099392.657454404165759 1547692.915089844999912
11099392.657454404165759 1547693.213675782499868
11099392.657454404165759 1547693.512261719999824
11099392.657454404165759 1547693.810847657499780
11099392.657454404165759 1547694.109433594999736
11099392.657454404165759 1547694.408019532499692
11099392.657454404165759 1547694.706605469999648
11099392.956035133332296 1547689.630644532500396
11099392.956035133332296 1547689.929230470000352
11099392.956035133332296 1547690.227816407500308
11099392.956035133332296 1547690.526402345000264
11099392.956035133332296 1547690.824988282500220
11099392.956035133332296 1547691.123574220000176
11099392.956035133332296 1547691.422160157500132
11099392.956035133332296 1547691.720746095000088
11099392.956035133332296 1547692.019332032500044
11099392.956035133332296 1547692.317917970000000
11099392.956035133332296 1547692.616503907499956
11099392.956035133332296 1547692.915089844999912
11099392.956035133332296 1547693.213675782499868
11099392.956035133332296 1547693.512261719999824
11099392.956035133332296 1547693.810847657499780
11099392.956035133332296 1547694.109433594999736
11099392.956035133332296 1547694.408019532499692
11099392.956035133332296 1547694.706605469999648
