11099221.570696637501167 1547662.459324222500396
11099221.570696637501167 1547662.757910160000352
11099221.570696637501167 1547663.056496097500308
11099221.570696637501167 1547663.355082035000264
11099221.570696637501167 1547663.653667972500220
11099221.570696637501167 1547663.952253910000176
11099221.570696637501167 1547664.250839847500132
11099221.570696637501167 1547664.549425785000088
11099221.570696637501167 1547664.848011722500044
11099221.570696637501167 1547665.146597660000000
11099221.570696637501167 1547665.445183597499956
11099221.570696637501167 1547665.743769534999912
11099221.570696637501167 1547666.042355472499868
11099221.570696637501167 1547666.340941409999824
11099221.570696637501167 1547666.639527347499780
11099221.570696637501167 1547666.938113284999736
11099221.570696637501167 1547667.236699222499692
11099221.570696637501167 1547667.535285159999648
11099221.869277366667704 1547662.459324222500396
11099221.869277366667704 1547662.757910160000352
11099221.869277366667704 1547663.056496097500308
11099221.869277366667704 1547663.355082035000264
11099221.869277366667704 1547663.653667972500220
11099221.869277366667704 1547663.952253910000176
11099221.869277366667704 1547664.250839847500132
11099221.869277366667704 1547664.549425785000088
11099221.869277366667704 1547664.848011722500044
11099221.869277366667704 1547665.146597660000000
11099221.869277366667704 1547665.445183597499956
11099221.869277366667704 1547665.743769534999912
11099221.869277366667704 1547666.042355472499868
11099221.869277366667704 1547666.340941409999824
11099221.869277366667704 1547666.639527347499780
11099221.869277366667704 1547666.938113284999736
11099221.869277366667704 1547667.236699222499692
11099221.869277366667704 1547667.535285159999648
11099222.167858095834241 1547662.459324222500396
11099222.167858095834241 1547662.757910160000352
11099222.167858095834241 1547663.056496097500308
11099222.167858095834241 1547663.355082035000264
11099222.167858095834241 1547663.653667972500220
11099222.167858095834241 1547663.952253910000176
11099222.167858095834241 1547664.250839847500132
11099222.167858095834241 1547664.549425785000088
11099222.167858095834241 1547664.848011722500044
11099222.167858095834241 1547665.146597660000000
11099222.167858095834241 1547665.445183597499956
11099222.167858095834241 1547665.743769534999912
11099222.167858095834241 1547666.042355472499868
11099222.167858095834241 1547666.340941409999824
11099222.167858095834241 1547666.639527347499780
11099222.167858095834241 1547666.938113284999736
11099222.167858095834241 1547667.236699222499692
11099222.167858095834241 1547667.535285159999648
11099222.466438825000778 1547662.459324222500396
11099222.466438825000778 1547662.757910160000352
11099222.466438825000778 1547663.056496097500308
11099222.466438825000778 1547663.355082035000264
11099222.466438825000778 1547663.653667972500220
11099222.466438825000778 1547663.952253910000176
11099222.466438825000778 1547664.250839847500132
11099222.466438825000778 1547664.549425785000088
11099222.466438825000778 1547664.848011722500044
11099222.466438825000778 1547665.146597660000000
11099222.466438825000778 1547665.445183597499956
11099222.466438825000778 1547665.743769534999912
11099222.466438825000778 1547666.042355472499868
11099222.466438825000778 1547666.340941409999824
11099222.466438825000778 1547666.639527347499780
11099222.466438825000778 1547666.938113284999736
11099222.466438825000778 1547667.236699222499692
11099222.466438825000778 1547667.535285159999648
11099222.765019554167315 1547662.459324222500396
11099222.765019554167315 1547662.757910160000352
11099222.765019554167315 1547663.056496097500308
11099222.765019554167315 1547663.355082035000264
11099222.765019554167315 1547663.653667972500220
11099222.765019554167315 1547663.952253910000176
11099222.765019554167315 1547664.250839847500132
11099222.765019554167315 1547664.549425785000088
11099222.765019554167315 1547664.848011722500044
11099222.765019554167315 1547665.146597660000000
11099222.765019554167315 1547665.445183597499956
11099222.765019554167315 1547665.743769534999912
11099222.765019554167315 1547666.042355472499868
11099222.765019554167315 1547666.340941409999824
11099222.765019554167315 1547666.639527347499780
11099222.765019554167315 1547666.938113284999736
11099222.765019554167315 1547667.236699222499692
11099222.765019554167315 1547667.535285159999648
11099223.063600283333852 1547662.459324222500396
11099223.063600283333852 1547662.757910160000352
11099223.063600283333852 1547663.056496097500308
11099223.063600283333852 1547663.355082035000264
11099223.063600283333852 1547663.653667972500220
11099223.063600283333852 1547663.952253910000176
11099223.063600283333852 1547664.250839847500132
11099223.063600283333852 1547664.549425785000088
11099223.063600283333852 1547664.848011722500044
11099223.063600283333852 1547665.146597660000000
11099223.063600283333852 1547665.445183597499956
11099223.063600283333852 1547665.743769534999912
11099223.063600283333852 1547666.042355472499868
11099223.063600283333852 1547666.340941409999824
11099223.063600283333852 1547666.639527347499780
11099223.063600283333852 1547666.938113284999736
11099223.063600283333852 1547667.236699222499692
11099223.063600283333852 1547667.535285159999648
11099223.362181012500389 1547662.459324222500396
11099223.362181012500389 1547662.757910160000352
11099223.362181012500389 1547663.056496097500308
11099223.362181012500389 1547663.355082035000264
11099223.362181012500389 1547663.653667972500220
11099223.362181012500389 1547663.952253910000176
11099223.362181012500389 1547664.250839847500132
11099223.362181012500389 1547664.549425785000088
11099223.362181012500389 1547664.848011722500044
11099223.362181012500389 1547665.146597660000000
11099223.362181012500389 1547665.445183597499956
11099223.362181012500389 1547665.743769534999912
11099223.362181012500389 1547666.042355472499868
11099223.362181012500389 1547666.340941409999824
11099223.362181012500389 1547666.639527347499780
11099223.362181012500389 1547666.938113284999736
11099223.362181012500389 1547667.236699222499692
11099223.362181012500389 1547667.535285159999648
11099223.660761741666926 1547662.459324222500396
11099223.660761741666926 1547662.757910160000352
11099223.660761741666926 1547663.056496097500308
11099223.660761741666926 1547663.355082035000264
11099223.660761741666926 1547663.653667972500220
11099223.660761741666926 1547663.952253910000176
11099223.660761741666926 1547664.250839847500132
11099223.660761741666926 1547664.549425785000088
11099223.660761741666926 1547664.848011722500044
11099223.660761741666926 1547665.146597660000000
11099223.660761741666926 1547665.445183597499956
11099223.660761741666926 1547665.743769534999912
11099223.660761741666926 1547666.042355472499868
11099223.660761741666926 1547666.340941409999824
11099223.660761741666926 1547666.639527347499780
11099223.660761741666926 1547666.938113284999736
11099223.660761741666926 1547667.236699222499692
11099223.660761741666926 1547667.535285159999648
11099223.959342470833463 1547662.459324222500396
11099223.959342470833463 1547662.757910160000352
11099223.959342470833463 1547663.056496097500308
11099223.959342470833463 1547663.355082035000264
11099223.959342470833463 1547663.653667972500220
11099223.959342470833463 1547663.952253910000176
11099223.959342470833463 1547664.250839847500132
11099223.959342470833463 1547664.549425785000088
11099223.959342470833463 1547664.848011722500044
11099223.959342470833463 1547665.146597660000000
11099223.959342470833463 1547665.445183597499956
11099223.959342470833463 1547665.743769534999912
11099223.959342470833463 1547666.042355472499868
11099223.959342470833463 1547666.340941409999824
11099223.959342470833463 1547666.639527347499780
11099223.959342470833463 1547666.938113284999736
11099223.959342470833463 1547667.236699222499692
11099223.959342470833463 1547667.535285159999648
11099224.257923200000000 1547662.459324222500396
11099224.257923200000000 1547662.757910160000352
11099224.257923200000000 1547663.056496097500308
11099224.257923200000000 1547663.355082035000264
11099224.257923200000000 1547663.653667972500220
11099224.257923200000000 1547663.952253910000176
11099224.257923200000000 1547664.250839847500132
11099224.257923200000000 1547664.549425785000088
11099224.257923200000000 1547664.848011722500044
11099224.257923200000000 1547665.146597660000000
11099224.257923200000000 1547665.445183597499956
11099224.257923200000000 1547665.743769534999912
11099224.257923200000000 1547666.042355472499868
11099224.257923200000000 1547666.340941409999824
11099224.257923200000000 1547666.639527347499780
11099224.257923200000000 1547666.938113284999736
11099224.257923200000000 1547667.236699222499692
11099224.257923200000000 1547667.535285159999648
11099224.556503929166537 1547662.459324222500396
11099224.556503929166537 1547662.757910160000352
11099224.556503929166537 1547663.056496097500308
11099224.556503929166537 1547663.355082035000264
11099224.556503929166537 1547663.653667972500220
11099224.556503929166537 1547663.952253910000176
11099224.556503929166537 1547664.250839847500132
11099224.556503929166537 1547664.549425785000088
11099224.556503929166537 1547664.848011722500044
11099224.556503929166537 1547665.146597660000000
11099224.556503929166537 1547665.445183597499956
11099224.556503929166537 1547665.743769534999912
11099224.556503929166537 1547666.042355472499868
11099224.556503929166537 1547666.340941409999824
11099224.556503929166537 1547666.639527347499780
11099224.556503929166537 1547666.938113284999736
11099224.556503929166537 1547667.236699222499692
11099224.556503929166537 1547667.535285159999648
11099224.855084658333074 1547662.459324222500396
11099224.855084658333074 1547662.757910160000352
11099224.855084658333074 1547663.056496097500308
11099224.855084658333074 1547663.355082035000264
11099224.855084658333074 1547663.653667972500220
11099224.855084658333074 1547663.952253910000176
11099224.855084658333074 1547664.250839847500132
11099224.855084658333074 1547664.549425785000088
11099224.855084658333074 1547664.848011722500044
11099224.855084658333074 1547665.146597660000000
11099224.855084658333074 1547665.445183597499956
11099224.855084658333074 1547665.743769534999912
11099224.855084658333074 1547666.042355472499868
11099224.855084658333074 1547666.340941409999824
11099224.855084658333074 1547666.639527347499780
11099224.855084658333074 1547666.938113284999736
11099224.855084658333074 1547667.236699222499692
11099224.855084658333074 1547667.535285159999648
11099225.153665387499611 1547662.459324222500396
11099225.153665387499611 1547662.757910160000352
11099225.153665387499611 1547663.056496097500308
11099225.153665387499611 1547663.355082035000264
11099225.153665387499611 1547663.653667972500220
11099225.153665387499611 1547663.952253910000176
11099225.153665387499611 1547664.250839847500132
11099225.153665387499611 1547664.549425785000088
11099225.153665387499611 1547664.848011722500044
11099225.153665387499611 1547665.146597660000000
11099225.153665387499611 1547665.445183597499956
11099225.153665387499611 1547665.743769534999912
11099225.153665387499611 1547666.042355472499868
11099225.153665387499611 1547666.340941409999824
11099225.153665387499611 1547666.639527347499780
11099225.153665387499611 1547666.938113284999736
11099225.153665387499611 1547667.236699222499692
11099225.153665387499611 1547667.535285159999648
11099225.452246116666148 1547662.459324222500396
11099225.452246116666148 1547662.757910160000352
11099225.452246116666148 1547663.056496097500308
11099225.452246116666148 1547663.355082035000264
11099225.452246116666148 1547663.653667972500220
11099225.452246116666148 1547663.952253910000176
11099225.452246116666148 1547664.250839847500132
11099225.452246116666148 1547664.549425785000088
11099225.452246116666148 1547664.848011722500044
11099225.452246116666148 1547665.146597660000000
11099225.452246116666148 1547665.445183597499956
11099225.452246116666148 1547665.743769534999912
11099225.452246116666148 1547666.042355472499868
11099225.452246116666148 1547666.340941409999824
11099225.452246116666148 1547666.639527347499780
11099225.452246116666148 1547666.938113284999736
11099225.452246116666148 1547667.236699222499692
11099225.452246116666148 1547667.535285159999648
11099225.750826845832685 1547662.459324222500396
11099225.750826845832685 1547662.757910160000352
11099225.750826845832685 1547663.056496097500308
11099225.750826845832685 1547663.355082035000264
11099225.750826845832685 1547663.653667972500220
11099225.750826845832685 1547663.952253910000176
11099225.750826845832685 1547664.250839847500132
11099225.750826845832685 1547664.549425785000088
11099225.750826845832685 1547664.848011722500044
11099225.750826845832685 1547665.146597660000000
11099225.750826845832685 1547665.445183597499956
11099225.750826845832685 1547665.743769534999912
11099225.750826845832685 1547666.042355472499868
11099225.750826845832685 1547666.340941409999824
11099225.750826845832685 1547666.639527347499780
11099225.750826845832685 1547666.938113284999736
11099225.750826845832685 1547667.236699222499692
11099225.750826845832685 1547667.535285159999648
11099226.049407574999222 1547662.459324222500396
11099226.049407574999222 1547662.757910160000352
11099226.049407574999222 1547663.056496097500308
11099226.049407574999222 1547663.355082035000264
11099226.049407574999222 1547663.653667972500220
11099226.049407574999222 1547663.952253910000176
11099226.049407574999222 1547664.250839847500132
11099226.049407574999222 1547664.549425785000088
11099226.049407574999222 1547664.848011722500044
11099226.049407574999222 1547665.146597660000000
11099226.049407574999222 1547665.445183597499956
11099226.049407574999222 1547665.743769534999912
11099226.049407574999222 1547666.042355472499868
11099226.049407574999222 1547666.340941409999824
11099226.049407574999222 1547666.639527347499780
11099226.049407574999222 1547666.938113284999736
11099226.049407574999222 1547667.236699222499692
11099226.049407574999222 1547667.535285159999648
11099226.347988304165759 1547662.459324222500396
11099226.347988304165759 1547662.757910160000352
11099226.347988304165759 1547663.056496097500308
11099226.347988304165759 1547663.355082035000264
11099226.347988304165759 1547663.653667972500220
11099226.347988304165759 1547663.952253910000176
11099226.347988304165759 1547664.250839847500132
11099226.347988304165759 1547664.549425785000088
11099226.347988304165759 1547664.848011722500044
11099226.347988304165759 1547665.146597660000000
11099226.347988304165759 1547665.445183597499956
11099226.347988304165759 1547665.743769534999912
11099226.347988304165759 1547666.042355472499868
11099226.347988304165759 1547666.340941409999824
11099226.347988304165759 1547666.639527347499780
11099226.347988304165759 1547666.938113284999736
11099226.347988304165759 1547667.236699222499692
11099226.347988304165759 1547667.535285159999648
11099226.646569033332296 1547662.459324222500396
11099226.646569033332296 1547662.757910160000352
11099226.646569033332296 1547663.056496097500308
11099226.646569033332296 1547663.355082035000264
11099226.646569033332296 1547663.653667972500220
11099226.646569033332296 1547663.952253910000176
11099226.646569033332296 1547664.250839847500132
11099226.646569033332296 1547664.549425785000088
11099226.646569033332296 1547664.848011722500044
11099226.646569033332296 1547665.146597660000000
11099226.646569033332296 1547665.445183597499956
11099226.646569033332296 1547665.743769534999912
11099226.646569033332296 1547666.042355472499868
11099226.646569033332296 1547666.340941409999824
11099226.646569033332296 1547666.639527347499780
11099226.646569033332296 1547666.938113284999736
11099226.646569033332296 1547667.236699222499692
11099226.646569033332296 1547667.535285159999648
