11099426.994238237501167 1547816.231082032500396
11099426.994238237501167 1547816.529667970000352
11099426.994238237501167 1547816.828253907500308
11099426.994238237501167 1547817.126839845000264
11099426.994238237501167 1547817.425425782500220
11099426.994238237501167 1547817.724011720000176
11099426.994238237501167 1547818.022597657500132
11099426.994238237501167 1547818.321183595000088
11099426.994238237501167 1547818.619769532500044
11099426.994238237501167 1547818.918355470000000
11099426.994238237501167 1547819.216941407499956
11099426.994238237501167 1547819.515527344999912
11099426.994238237501167 1547819.814113282499868
11099426.994238237501167 1547820.112699219999824
11099426.994238237501167 1547820.411285157499780
11099426.994238237501167 1547820.709871094999736
11099426.994238237501167 1547821.008457032499692
11099426.994238237501167 1547821.307042969999648
11099427.292818966667704 1547816.231082032500396
11099427.292818966667704 1547816.529667970000352
11099427.292818966667704 1547816.828253907500308
11099427.292818966667704 1547817.126839845000264
11099427.292818966667704 1547817.425425782500220
11099427.292818966667704 1547817.724011720000176
11099427.292818966667704 1547818.022597657500132
11099427.292818966667704 1547818.321183595000088
11099427.292818966667704 1547818.619769532500044
11099427.292818966667704 1547818.918355470000000
11099427.292818966667704 1547819.216941407499956
11099427.292818966667704 1547819.515527344999912
11099427.292818966667704 1547819.814113282499868
11099427.292818966667704 1547820.112699219999824
11099427.292818966667704 1547820.411285157499780
11099427.292818966667704 1547820.709871094999736
11099427.292818966667704 1547821.008457032499692
11099427.292818966667704 1547821.307042969999648
11099427.591399695834241 1547816.231082032500396
11099427.591399695834241 1547816.529667970000352
11099427.591399695834241 1547816.828253907500308
11099427.591399695834241 1547817.126839845000264
11099427.591399695834241 1547817.425425782500220
11099427.591399695834241 1547817.724011720000176
11099427.591399695834241 1547818.022597657500132
11099427.591399695834241 1547818.321183595000088
11099427.591399695834241 1547818.619769532500044
11099427.591399695834241 1547818.918355470000000
11099427.591399695834241 1547819.216941407499956
11099427.591399695834241 1547819.515527344999912
11099427.591399695834241 1547819.814113282499868
11099427.591399695834241 1547820.112699219999824
11099427.591399695834241 1547820.411285157499780
11099427.591399695834241 1547820.709871094999736
11099427.591399695834241 1547821.008457032499692
11099427.591399695834241 1547821.307042969999648
11099427.889980425000778 1547816.231082032500396
11099427.889980425000778 1547816.529667970000352
11099427.889980425000778 1547816.828253907500308
11099427.889980425000778 1547817.126839845000264
11099427.889980425000778 1547817.425425782500220
11099427.889980425000778 1547817.724011720000176
11099427.889980425000778 1547818.022597657500132
11099427.889980425000778 1547818.321183595000088
11099427.889980425000778 1547818.619769532500044
11099427.889980425000778 1547818.918355470000000
11099427.889980425000778 1547819.216941407499956
11099427.889980425000778 1547819.515527344999912
11099427.889980425000778 1547819.814113282499868
11099427.889980425000778 1547820.112699219999824
11099427.889980425000778 1547820.411285157499780
11099427.889980425000778 1547820.709871094999736
11099427.889980425000778 1547821.008457032499692
11099427.889980425000778 1547821.307042969999648
11099428.188561154167315 1547816.231082032500396
11099428.188561154167315 1547816.529667970000352
11099428.188561154167315 1547816.828253907500308
11099428.188561154167315 1547817.126839845000264
11099428.188561154167315 1547817.425425782500220
11099428.188561154167315 1547817.724011720000176
11099428.188561154167315 1547818.022597657500132
11099428.188561154167315 1547818.321183595000088
11099428.188561154167315 1547818.619769532500044
11099428.188561154167315 1547818.918355470000000
11099428.188561154167315 1547819.216941407499956
11099428.188561154167315 1547819.515527344999912
11099428.188561154167315 1547819.814113282499868
11099428.188561154167315 1547820.112699219999824
11099428.188561154167315 1547820.411285157499780
11099428.188561154167315 1547820.709871094999736
11099428.188561154167315 1547821.008457032499692
11099428.188561154167315 1547821.307042969999648
11099428.487141883333852 1547816.231082032500396
11099428.487141883333852 1547816.529667970000352
11099428.487141883333852 1547816.828253907500308
11099428.487141883333852 1547817.126839845000264
11099428.487141883333852 1547817.425425782500220
11099428.487141883333852 1547817.724011720000176
11099428.487141883333852 1547818.022597657500132
11099428.487141883333852 1547818.321183595000088
11099428.487141883333852 1547818.619769532500044
11099428.487141883333852 1547818.918355470000000
11099428.487141883333852 1547819.216941407499956
11099428.487141883333852 1547819.515527344999912
11099428.487141883333852 1547819.814113282499868
11099428.487141883333852 1547820.112699219999824
11099428.487141883333852 1547820.411285157499780
11099428.487141883333852 1547820.709871094999736
11099428.487141883333852 1547821.008457032499692
11099428.487141883333852 1547821.307042969999648
11099428.785722612500389 1547816.231082032500396
11099428.785722612500389 1547816.529667970000352
11099428.785722612500389 1547816.828253907500308
11099428.785722612500389 1547817.126839845000264
11099428.785722612500389 1547817.425425782500220
11099428.785722612500389 1547817.724011720000176
11099428.785722612500389 1547818.022597657500132
11099428.785722612500389 1547818.321183595000088
11099428.785722612500389 1547818.619769532500044
11099428.785722612500389 1547818.918355470000000
11099428.785722612500389 1547819.216941407499956
11099428.785722612500389 1547819.515527344999912
11099428.785722612500389 1547819.814113282499868
11099428.785722612500389 1547820.112699219999824
11099428.785722612500389 1547820.411285157499780
11099428.785722612500389 1547820.709871094999736
11099428.785722612500389 1547821.008457032499692
11099428.785722612500389 1547821.307042969999648
11099429.084303341666926 1547816.231082032500396
11099429.084303341666926 1547816.529667970000352
11099429.084303341666926 1547816.828253907500308
11099429.084303341666926 1547817.126839845000264
11099429.084303341666926 1547817.425425782500220
11099429.084303341666926 1547817.724011720000176
11099429.084303341666926 1547818.022597657500132
11099429.084303341666926 1547818.321183595000088
11099429.084303341666926 1547818.619769532500044
11099429.084303341666926 1547818.918355470000000
11099429.084303341666926 1547819.216941407499956
11099429.084303341666926 1547819.515527344999912
11099429.084303341666926 1547819.814113282499868
11099429.084303341666926 1547820.112699219999824
11099429.084303341666926 1547820.411285157499780
11099429.084303341666926 1547820.709871094999736
11099429.084303341666926 1547821.008457032499692
11099429.084303341666926 1547821.307042969999648
11099429.382884070833463 1547816.231082032500396
11099429.382884070833463 1547816.529667970000352
11099429.382884070833463 1547816.828253907500308
11099429.382884070833463 1547817.126839845000264
11099429.382884070833463 1547817.425425782500220
11099429.382884070833463 1547817.724011720000176
11099429.382884070833463 1547818.022597657500132
11099429.382884070833463 1547818.321183595000088
11099429.382884070833463 1547818.619769532500044
11099429.382884070833463 1547818.918355470000000
11099429.382884070833463 1547819.216941407499956
11099429.382884070833463 1547819.515527344999912
11099429.382884070833463 1547819.814113282499868
11099429.382884070833463 1547820.112699219999824
11099429.382884070833463 1547820.411285157499780
11099429.382884070833463 1547820.709871094999736
11099429.382884070833463 1547821.008457032499692
11099429.382884070833463 1547821.307042969999648
11099429.681464800000000 1547816.231082032500396
11099429.681464800000000 1547816.529667970000352
11099429.681464800000000 1547816.828253907500308
11099429.681464800000000 1547817.126839845000264
11099429.681464800000000 1547817.425425782500220
11099429.681464800000000 1547817.724011720000176
11099429.681464800000000 1547818.022597657500132
11099429.681464800000000 1547818.321183595000088
11099429.681464800000000 1547818.619769532500044
11099429.681464800000000 1547818.918355470000000
11099429.681464800000000 1547819.216941407499956
11099429.681464800000000 1547819.515527344999912
11099429.681464800000000 1547819.814113282499868
11099429.681464800000000 1547820.112699219999824
11099429.681464800000000 1547820.411285157499780
11099429.681464800000000 1547820.709871094999736
11099429.681464800000000 1547821.008457032499692
11099429.681464800000000 1547821.307042969999648
11099429.980045529166537 1547816.231082032500396
11099429.980045529166537 1547816.529667970000352
11099429.980045529166537 1547816.828253907500308
11099429.980045529166537 1547817.126839845000264
11099429.980045529166537 1547817.425425782500220
11099429.980045529166537 1547817.724011720000176
11099429.980045529166537 1547818.022597657500132
11099429.980045529166537 1547818.321183595000088
11099429.980045529166537 1547818.619769532500044
11099429.980045529166537 1547818.918355470000000
11099429.980045529166537 1547819.216941407499956
11099429.980045529166537 1547819.515527344999912
11099429.980045529166537 1547819.814113282499868
11099429.980045529166537 1547820.112699219999824
11099429.980045529166537 1547820.411285157499780
11099429.980045529166537 1547820.709871094999736
11099429.980045529166537 1547821.008457032499692
11099429.980045529166537 1547821.307042969999648
11099430.278626258333074 1547816.231082032500396
11099430.278626258333074 1547816.529667970000352
11099430.278626258333074 1547816.828253907500308
11099430.278626258333074 1547817.126839845000264
11099430.278626258333074 1547817.425425782500220
11099430.278626258333074 1547817.724011720000176
11099430.278626258333074 1547818.022597657500132
11099430.278626258333074 1547818.321183595000088
11099430.278626258333074 1547818.619769532500044
11099430.278626258333074 1547818.918355470000000
11099430.278626258333074 1547819.216941407499956
11099430.278626258333074 1547819.515527344999912
11099430.278626258333074 1547819.814113282499868
11099430.278626258333074 1547820.112699219999824
11099430.278626258333074 1547820.411285157499780
11099430.278626258333074 1547820.709871094999736
11099430.278626258333074 1547821.008457032499692
11099430.278626258333074 1547821.307042969999648
11099430.577206987499611 1547816.231082032500396
11099430.577206987499611 1547816.529667970000352
11099430.577206987499611 1547816.828253907500308
11099430.577206987499611 1547817.126839845000264
11099430.577206987499611 1547817.425425782500220
11099430.577206987499611 1547817.724011720000176
11099430.577206987499611 1547818.022597657500132
11099430.577206987499611 1547818.321183595000088
11099430.577206987499611 1547818.619769532500044
11099430.577206987499611 1547818.918355470000000
11099430.577206987499611 1547819.216941407499956
11099430.577206987499611 1547819.515527344999912
11099430.577206987499611 1547819.814113282499868
11099430.577206987499611 1547820.112699219999824
11099430.577206987499611 1547820.411285157499780
11099430.577206987499611 1547820.709871094999736
11099430.577206987499611 1547821.008457032499692
11099430.577206987499611 1547821.307042969999648
11099430.875787716666148 1547816.231082032500396
11099430.875787716666148 1547816.529667970000352
11099430.875787716666148 1547816.828253907500308
11099430.875787716666148 1547817.126839845000264
11099430.875787716666148 1547817.425425782500220
11099430.875787716666148 1547817.724011720000176
11099430.875787716666148 1547818.022597657500132
11099430.875787716666148 1547818.321183595000088
11099430.875787716666148 1547818.619769532500044
11099430.875787716666148 1547818.918355470000000
11099430.875787716666148 1547819.216941407499956
11099430.875787716666148 1547819.515527344999912
11099430.875787716666148 1547819.814113282499868
11099430.875787716666148 1547820.112699219999824
11099430.875787716666148 1547820.411285157499780
11099430.875787716666148 1547820.709871094999736
11099430.875787716666148 1547821.008457032499692
11099430.875787716666148 1547821.307042969999648
11099431.174368445832685 1547816.231082032500396
11099431.174368445832685 1547816.529667970000352
11099431.174368445832685 1547816.828253907500308
11099431.174368445832685 1547817.126839845000264
11099431.174368445832685 1547817.425425782500220
11099431.174368445832685 1547817.724011720000176
11099431.174368445832685 1547818.022597657500132
11099431.174368445832685 1547818.321183595000088
11099431.174368445832685 1547818.619769532500044
11099431.174368445832685 1547818.918355470000000
11099431.174368445832685 1547819.216941407499956
11099431.174368445832685 1547819.515527344999912
11099431.174368445832685 1547819.814113282499868
11099431.174368445832685 1547820.112699219999824
11099431.174368445832685 1547820.411285157499780
11099431.174368445832685 1547820.709871094999736
11099431.174368445832685 1547821.008457032499692
11099431.174368445832685 1547821.307042969999648
11099431.472949174999222 1547816.231082032500396
11099431.472949174999222 1547816.529667970000352
11099431.472949174999222 1547816.828253907500308
11099431.472949174999222 1547817.126839845000264
11099431.472949174999222 1547817.425425782500220
11099431.472949174999222 1547817.724011720000176
11099431.472949174999222 1547818.022597657500132
11099431.472949174999222 1547818.321183595000088
11099431.472949174999222 1547818.619769532500044
11099431.472949174999222 1547818.918355470000000
11099431.472949174999222 1547819.216941407499956
11099431.472949174999222 1547819.515527344999912
11099431.472949174999222 1547819.814113282499868
11099431.472949174999222 1547820.112699219999824
11099431.472949174999222 1547820.411285157499780
11099431.472949174999222 1547820.709871094999736
11099431.472949174999222 1547821.008457032499692
11099431.472949174999222 1547821.307042969999648
11099431.771529904165759 1547816.231082032500396
11099431.771529904165759 1547816.529667970000352
11099431.771529904165759 1547816.828253907500308
11099431.771529904165759 1547817.126839845000264
11099431.771529904165759 1547817.425425782500220
11099431.771529904165759 1547817.724011720000176
11099431.771529904165759 1547818.022597657500132
11099431.771529904165759 1547818.321183595000088
11099431.771529904165759 1547818.619769532500044
11099431.771529904165759 1547818.918355470000000
11099431.771529904165759 1547819.216941407499956
11099431.771529904165759 1547819.515527344999912
11099431.771529904165759 1547819.814113282499868
11099431.771529904165759 1547820.112699219999824
11099431.771529904165759 1547820.411285157499780
11099431.771529904165759 1547820.709871094999736
11099431.771529904165759 1547821.008457032499692
11099431.771529904165759 1547821.307042969999648
11099432.070110633332296 1547816.231082032500396
11099432.070110633332296 1547816.529667970000352
11099432.070110633332296 1547816.828253907500308
11099432.070110633332296 1547817.126839845000264
11099432.070110633332296 1547817.425425782500220
11099432.070110633332296 1547817.724011720000176
11099432.070110633332296 1547818.022597657500132
11099432.070110633332296 1547818.321183595000088
11099432.070110633332296 1547818.619769532500044
11099432.070110633332296 1547818.918355470000000
11099432.070110633332296 1547819.216941407499956
11099432.070110633332296 1547819.515527344999912
11099432.070110633332296 1547819.814113282499868
11099432.070110633332296 1547820.112699219999824
11099432.070110633332296 1547820.411285157499780
11099432.070110633332296 1547820.709871094999736
11099432.070110633332296 1547821.008457032499692
11099432.070110633332296 1547821.307042969999648
