11099324.581048137501167 1547839.819371092500396
11099324.581048137501167 1547840.117957030000352
11099324.581048137501167 1547840.416542967500308
11099324.581048137501167 1547840.715128905000264
11099324.581048137501167 1547841.013714842500220
11099324.581048137501167 1547841.312300780000176
11099324.581048137501167 1547841.610886717500132
11099324.581048137501167 1547841.909472655000088
11099324.581048137501167 1547842.208058592500044
11099324.581048137501167 1547842.506644530000000
11099324.581048137501167 1547842.805230467499956
11099324.581048137501167 1547843.103816404999912
11099324.581048137501167 1547843.402402342499868
11099324.581048137501167 1547843.700988279999824
11099324.581048137501167 1547843.999574217499780
11099324.581048137501167 1547844.298160154999736
11099324.581048137501167 1547844.596746092499692
11099324.581048137501167 1547844.895332029999648
11099324.879628866667704 1547839.819371092500396
11099324.879628866667704 1547840.117957030000352
11099324.879628866667704 1547840.416542967500308
11099324.879628866667704 1547840.715128905000264
11099324.879628866667704 1547841.013714842500220
11099324.879628866667704 1547841.312300780000176
11099324.879628866667704 1547841.610886717500132
11099324.879628866667704 1547841.909472655000088
11099324.879628866667704 1547842.208058592500044
11099324.879628866667704 1547842.506644530000000
11099324.879628866667704 1547842.805230467499956
11099324.879628866667704 1547843.103816404999912
11099324.879628866667704 1547843.402402342499868
11099324.879628866667704 1547843.700988279999824
11099324.879628866667704 1547843.999574217499780
11099324.879628866667704 1547844.298160154999736
11099324.879628866667704 1547844.596746092499692
11099324.879628866667704 1547844.895332029999648
11099325.178209595834241 1547839.819371092500396
11099325.178209595834241 1547840.117957030000352
11099325.178209595834241 1547840.416542967500308
11099325.178209595834241 1547840.715128905000264
11099325.178209595834241 1547841.013714842500220
11099325.178209595834241 1547841.312300780000176
11099325.178209595834241 1547841.610886717500132
11099325.178209595834241 1547841.909472655000088
11099325.178209595834241 1547842.208058592500044
11099325.178209595834241 1547842.506644530000000
11099325.178209595834241 1547842.805230467499956
11099325.178209595834241 1547843.103816404999912
11099325.178209595834241 1547843.402402342499868
11099325.178209595834241 1547843.700988279999824
11099325.178209595834241 1547843.999574217499780
11099325.178209595834241 1547844.298160154999736
11099325.178209595834241 1547844.596746092499692
11099325.178209595834241 1547844.895332029999648
11099325.476790325000778 1547839.819371092500396
11099325.476790325000778 1547840.117957030000352
11099325.476790325000778 1547840.416542967500308
11099325.476790325000778 1547840.715128905000264
11099325.476790325000778 1547841.013714842500220
11099325.476790325000778 1547841.312300780000176
11099325.476790325000778 1547841.610886717500132
11099325.476790325000778 1547841.909472655000088
11099325.476790325000778 1547842.208058592500044
11099325.476790325000778 1547842.506644530000000
11099325.476790325000778 1547842.805230467499956
11099325.476790325000778 1547843.103816404999912
11099325.476790325000778 1547843.402402342499868
11099325.476790325000778 1547843.700988279999824
11099325.476790325000778 1547843.999574217499780
11099325.476790325000778 1547844.298160154999736
11099325.476790325000778 1547844.596746092499692
11099325.476790325000778 1547844.895332029999648
11099325.775371054167315 1547839.819371092500396
11099325.775371054167315 1547840.117957030000352
11099325.775371054167315 1547840.416542967500308
11099325.775371054167315 1547840.715128905000264
11099325.775371054167315 1547841.013714842500220
11099325.775371054167315 1547841.312300780000176
11099325.775371054167315 1547841.610886717500132
11099325.775371054167315 1547841.909472655000088
11099325.775371054167315 1547842.208058592500044
11099325.775371054167315 1547842.506644530000000
11099325.775371054167315 1547842.805230467499956
11099325.775371054167315 1547843.103816404999912
11099325.775371054167315 1547843.402402342499868
11099325.775371054167315 1547843.700988279999824
11099325.775371054167315 1547843.999574217499780
11099325.775371054167315 1547844.298160154999736
11099325.775371054167315 1547844.596746092499692
11099325.775371054167315 1547844.895332029999648
11099326.073951783333852 1547839.819371092500396
11099326.073951783333852 1547840.117957030000352
11099326.073951783333852 1547840.416542967500308
11099326.073951783333852 1547840.715128905000264
11099326.073951783333852 1547841.013714842500220
11099326.073951783333852 1547841.312300780000176
11099326.073951783333852 1547841.610886717500132
11099326.073951783333852 1547841.909472655000088
11099326.073951783333852 1547842.208058592500044
11099326.073951783333852 1547842.506644530000000
11099326.073951783333852 1547842.805230467499956
11099326.073951783333852 1547843.103816404999912
11099326.073951783333852 1547843.402402342499868
11099326.073951783333852 1547843.700988279999824
11099326.073951783333852 1547843.999574217499780
11099326.073951783333852 1547844.298160154999736
11099326.073951783333852 1547844.596746092499692
11099326.073951783333852 1547844.895332029999648
11099326.372532512500389 1547839.819371092500396
11099326.372532512500389 1547840.117957030000352
11099326.372532512500389 1547840.416542967500308
11099326.372532512500389 1547840.715128905000264
11099326.372532512500389 1547841.013714842500220
11099326.372532512500389 1547841.312300780000176
11099326.372532512500389 1547841.610886717500132
11099326.372532512500389 1547841.909472655000088
11099326.372532512500389 1547842.208058592500044
11099326.372532512500389 1547842.506644530000000
11099326.372532512500389 1547842.805230467499956
11099326.372532512500389 1547843.103816404999912
11099326.372532512500389 1547843.402402342499868
11099326.372532512500389 1547843.700988279999824
11099326.372532512500389 1547843.999574217499780
11099326.372532512500389 1547844.298160154999736
11099326.372532512500389 1547844.596746092499692
11099326.372532512500389 1547844.895332029999648
11099326.671113241666926 1547839.819371092500396
11099326.671113241666926 1547840.117957030000352
11099326.671113241666926 1547840.416542967500308
11099326.671113241666926 1547840.715128905000264
11099326.671113241666926 1547841.013714842500220
11099326.671113241666926 1547841.312300780000176
11099326.671113241666926 1547841.610886717500132
11099326.671113241666926 1547841.909472655000088
11099326.671113241666926 1547842.208058592500044
11099326.671113241666926 1547842.506644530000000
11099326.671113241666926 1547842.805230467499956
11099326.671113241666926 1547843.103816404999912
11099326.671113241666926 1547843.402402342499868
11099326.671113241666926 1547843.700988279999824
11099326.671113241666926 1547843.999574217499780
11099326.671113241666926 1547844.298160154999736
11099326.671113241666926 1547844.596746092499692
11099326.671113241666926 1547844.895332029999648
11099326.969693970833463 1547839.819371092500396
11099326.969693970833463 1547840.117957030000352
11099326.969693970833463 1547840.416542967500308
11099326.969693970833463 1547840.715128905000264
11099326.969693970833463 1547841.013714842500220
11099326.969693970833463 1547841.312300780000176
11099326.969693970833463 1547841.610886717500132
11099326.969693970833463 1547841.909472655000088
11099326.969693970833463 1547842.208058592500044
11099326.969693970833463 1547842.506644530000000
11099326.969693970833463 1547842.805230467499956
11099326.969693970833463 1547843.103816404999912
11099326.969693970833463 1547843.402402342499868
11099326.969693970833463 1547843.700988279999824
11099326.969693970833463 1547843.999574217499780
11099326.969693970833463 1547844.298160154999736
11099326.969693970833463 1547844.596746092499692
11099326.969693970833463 1547844.895332029999648
11099327.268274700000000 1547839.819371092500396
11099327.268274700000000 1547840.117957030000352
11099327.268274700000000 1547840.416542967500308
11099327.268274700000000 1547840.715128905000264
11099327.268274700000000 1547841.013714842500220
11099327.268274700000000 1547841.312300780000176
11099327.268274700000000 1547841.610886717500132
11099327.268274700000000 1547841.909472655000088
11099327.268274700000000 1547842.208058592500044
11099327.268274700000000 1547842.506644530000000
11099327.268274700000000 1547842.805230467499956
11099327.268274700000000 1547843.103816404999912
11099327.268274700000000 1547843.402402342499868
11099327.268274700000000 1547843.700988279999824
11099327.268274700000000 1547843.999574217499780
11099327.268274700000000 1547844.298160154999736
11099327.268274700000000 1547844.596746092499692
11099327.268274700000000 1547844.895332029999648
11099327.566855429166537 1547839.819371092500396
11099327.566855429166537 1547840.117957030000352
11099327.566855429166537 1547840.416542967500308
11099327.566855429166537 1547840.715128905000264
11099327.566855429166537 1547841.013714842500220
11099327.566855429166537 1547841.312300780000176
11099327.566855429166537 1547841.610886717500132
11099327.566855429166537 1547841.909472655000088
11099327.566855429166537 1547842.208058592500044
11099327.566855429166537 1547842.506644530000000
11099327.566855429166537 1547842.805230467499956
11099327.566855429166537 1547843.103816404999912
11099327.566855429166537 1547843.402402342499868
11099327.566855429166537 1547843.700988279999824
11099327.566855429166537 1547843.999574217499780
11099327.566855429166537 1547844.298160154999736
11099327.566855429166537 1547844.596746092499692
11099327.566855429166537 1547844.895332029999648
11099327.865436158333074 1547839.819371092500396
11099327.865436158333074 1547840.117957030000352
11099327.865436158333074 1547840.416542967500308
11099327.865436158333074 1547840.715128905000264
11099327.865436158333074 1547841.013714842500220
11099327.865436158333074 1547841.312300780000176
11099327.865436158333074 1547841.610886717500132
11099327.865436158333074 1547841.909472655000088
11099327.865436158333074 1547842.208058592500044
11099327.865436158333074 1547842.506644530000000
11099327.865436158333074 1547842.805230467499956
11099327.865436158333074 1547843.103816404999912
11099327.865436158333074 1547843.402402342499868
11099327.865436158333074 1547843.700988279999824
11099327.865436158333074 1547843.999574217499780
11099327.865436158333074 1547844.298160154999736
11099327.865436158333074 1547844.596746092499692
11099327.865436158333074 1547844.895332029999648
11099328.164016887499611 1547839.819371092500396
11099328.164016887499611 1547840.117957030000352
11099328.164016887499611 1547840.416542967500308
11099328.164016887499611 1547840.715128905000264
11099328.164016887499611 1547841.013714842500220
11099328.164016887499611 1547841.312300780000176
11099328.164016887499611 1547841.610886717500132
11099328.164016887499611 1547841.909472655000088
11099328.164016887499611 1547842.208058592500044
11099328.164016887499611 1547842.506644530000000
11099328.164016887499611 1547842.805230467499956
11099328.164016887499611 1547843.103816404999912
11099328.164016887499611 1547843.402402342499868
11099328.164016887499611 1547843.700988279999824
11099328.164016887499611 1547843.999574217499780
11099328.164016887499611 1547844.298160154999736
11099328.164016887499611 1547844.596746092499692
11099328.164016887499611 1547844.895332029999648
11099328.462597616666148 1547839.819371092500396
11099328.462597616666148 1547840.117957030000352
11099328.462597616666148 1547840.416542967500308
11099328.462597616666148 1547840.715128905000264
11099328.462597616666148 1547841.013714842500220
11099328.462597616666148 1547841.312300780000176
11099328.462597616666148 1547841.610886717500132
11099328.462597616666148 1547841.909472655000088
11099328.462597616666148 1547842.208058592500044
11099328.462597616666148 1547842.506644530000000
11099328.462597616666148 1547842.805230467499956
11099328.462597616666148 1547843.103816404999912
11099328.462597616666148 1547843.402402342499868
11099328.462597616666148 1547843.700988279999824
11099328.462597616666148 1547843.999574217499780
11099328.462597616666148 1547844.298160154999736
11099328.462597616666148 1547844.596746092499692
11099328.462597616666148 1547844.895332029999648
11099328.761178345832685 1547839.819371092500396
11099328.761178345832685 1547840.117957030000352
11099328.761178345832685 1547840.416542967500308
11099328.761178345832685 1547840.715128905000264
11099328.761178345832685 1547841.013714842500220
11099328.761178345832685 1547841.312300780000176
11099328.761178345832685 1547841.610886717500132
11099328.761178345832685 1547841.909472655000088
11099328.761178345832685 1547842.208058592500044
11099328.761178345832685 1547842.506644530000000
11099328.761178345832685 1547842.805230467499956
11099328.761178345832685 1547843.103816404999912
11099328.761178345832685 1547843.402402342499868
11099328.761178345832685 1547843.700988279999824
11099328.761178345832685 1547843.999574217499780
11099328.761178345832685 1547844.298160154999736
11099328.761178345832685 1547844.596746092499692
11099328.761178345832685 1547844.895332029999648
11099329.059759074999222 1547839.819371092500396
11099329.059759074999222 1547840.117957030000352
11099329.059759074999222 1547840.416542967500308
11099329.059759074999222 1547840.715128905000264
11099329.059759074999222 1547841.013714842500220
11099329.059759074999222 1547841.312300780000176
11099329.059759074999222 1547841.610886717500132
11099329.059759074999222 1547841.909472655000088
11099329.059759074999222 1547842.208058592500044
11099329.059759074999222 1547842.506644530000000
11099329.059759074999222 1547842.805230467499956
11099329.059759074999222 1547843.103816404999912
11099329.059759074999222 1547843.402402342499868
11099329.059759074999222 1547843.700988279999824
11099329.059759074999222 1547843.999574217499780
11099329.059759074999222 1547844.298160154999736
11099329.059759074999222 1547844.596746092499692
11099329.059759074999222 1547844.895332029999648
11099329.358339804165759 1547839.819371092500396
11099329.358339804165759 1547840.117957030000352
11099329.358339804165759 1547840.416542967500308
11099329.358339804165759 1547840.715128905000264
11099329.358339804165759 1547841.013714842500220
11099329.358339804165759 1547841.312300780000176
11099329.358339804165759 1547841.610886717500132
11099329.358339804165759 1547841.909472655000088
11099329.358339804165759 1547842.208058592500044
11099329.358339804165759 1547842.506644530000000
11099329.358339804165759 1547842.805230467499956
11099329.358339804165759 1547843.103816404999912
11099329.358339804165759 1547843.402402342499868
11099329.358339804165759 1547843.700988279999824
11099329.358339804165759 1547843.999574217499780
11099329.358339804165759 1547844.298160154999736
11099329.358339804165759 1547844.596746092499692
11099329.358339804165759 1547844.895332029999648
11099329.656920533332296 1547839.819371092500396
11099329.656920533332296 1547840.117957030000352
11099329.656920533332296 1547840.416542967500308
11099329.656920533332296 1547840.715128905000264
11099329.656920533332296 1547841.013714842500220
11099329.656920533332296 1547841.312300780000176
11099329.656920533332296 1547841.610886717500132
11099329.656920533332296 1547841.909472655000088
11099329.656920533332296 1547842.208058592500044
11099329.656920533332296 1547842.506644530000000
11099329.656920533332296 1547842.805230467499956
11099329.656920533332296 1547843.103816404999912
11099329.656920533332296 1547843.402402342499868
11099329.656920533332296 1547843.700988279999824
11099329.656920533332296 1547843.999574217499780
11099329.656920533332296 1547844.298160154999736
11099329.656920533332296 1547844.596746092499692
11099329.656920533332296 1547844.895332029999648
