11099351.453313837501167 1547560.044347652500396
11099351.453313837501167 1547560.342933590000352
11099351.453313837501167 1547560.641519527500308
11099351.453313837501167 1547560.940105465000264
11099351.453313837501167 1547561.238691402500220
11099351.453313837501167 1547561.537277340000176
11099351.453313837501167 1547561.835863277500132
11099351.453313837501167 1547562.134449215000088
11099351.453313837501167 1547562.433035152500044
11099351.453313837501167 1547562.731621090000000
11099351.453313837501167 1547563.030207027499956
11099351.453313837501167 1547563.328792964999912
11099351.453313837501167 1547563.627378902499868
11099351.453313837501167 1547563.925964839999824
11099351.453313837501167 1547564.224550777499780
11099351.453313837501167 1547564.523136714999736
11099351.453313837501167 1547564.821722652499692
11099351.453313837501167 1547565.120308589999648
11099351.751894566667704 1547560.044347652500396
11099351.751894566667704 1547560.342933590000352
11099351.751894566667704 1547560.641519527500308
11099351.751894566667704 1547560.940105465000264
11099351.751894566667704 1547561.238691402500220
11099351.751894566667704 1547561.537277340000176
11099351.751894566667704 1547561.835863277500132
11099351.751894566667704 1547562.134449215000088
11099351.751894566667704 1547562.433035152500044
11099351.751894566667704 1547562.731621090000000
11099351.751894566667704 1547563.030207027499956
11099351.751894566667704 1547563.328792964999912
11099351.751894566667704 1547563.627378902499868
11099351.751894566667704 1547563.925964839999824
11099351.751894566667704 1547564.224550777499780
11099351.751894566667704 1547564.523136714999736
11099351.751894566667704 1547564.821722652499692
11099351.751894566667704 1547565.120308589999648
11099352.050475295834241 1547560.044347652500396
11099352.050475295834241 1547560.342933590000352
11099352.050475295834241 1547560.641519527500308
11099352.050475295834241 1547560.940105465000264
11099352.050475295834241 1547561.238691402500220
11099352.050475295834241 1547561.537277340000176
11099352.050475295834241 1547561.835863277500132
11099352.050475295834241 1547562.134449215000088
11099352.050475295834241 1547562.433035152500044
11099352.050475295834241 1547562.731621090000000
11099352.050475295834241 1547563.030207027499956
11099352.050475295834241 1547563.328792964999912
11099352.050475295834241 1547563.627378902499868
11099352.050475295834241 1547563.925964839999824
11099352.050475295834241 1547564.224550777499780
11099352.050475295834241 1547564.523136714999736
11099352.050475295834241 1547564.821722652499692
11099352.050475295834241 1547565.120308589999648
11099352.349056025000778 1547560.044347652500396
11099352.349056025000778 1547560.342933590000352
11099352.349056025000778 1547560.641519527500308
11099352.349056025000778 1547560.940105465000264
11099352.349056025000778 1547561.238691402500220
11099352.349056025000778 1547561.537277340000176
11099352.349056025000778 1547561.835863277500132
11099352.349056025000778 1547562.134449215000088
11099352.349056025000778 1547562.433035152500044
11099352.349056025000778 1547562.731621090000000
11099352.349056025000778 1547563.030207027499956
11099352.349056025000778 1547563.328792964999912
11099352.349056025000778 1547563.627378902499868
11099352.349056025000778 1547563.925964839999824
11099352.349056025000778 1547564.224550777499780
11099352.349056025000778 1547564.523136714999736
11099352.349056025000778 1547564.821722652499692
11099352.349056025000778 1547565.120308589999648
11099352.647636754167315 1547560.044347652500396
11099352.647636754167315 1547560.342933590000352
11099352.647636754167315 1547560.641519527500308
11099352.647636754167315 1547560.940105465000264
11099352.647636754167315 1547561.238691402500220
11099352.647636754167315 1547561.537277340000176
11099352.647636754167315 1547561.835863277500132
11099352.647636754167315 1547562.134449215000088
11099352.647636754167315 1547562.433035152500044
11099352.647636754167315 1547562.731621090000000
11099352.647636754167315 1547563.030207027499956
11099352.647636754167315 1547563.328792964999912
11099352.647636754167315 1547563.627378902499868
11099352.647636754167315 1547563.925964839999824
11099352.647636754167315 1547564.224550777499780
11099352.647636754167315 1547564.523136714999736
11099352.647636754167315 1547564.821722652499692
11099352.647636754167315 1547565.120308589999648
11099352.946217483333852 1547560.044347652500396
11099352.946217483333852 1547560.342933590000352
11099352.946217483333852 1547560.641519527500308
11099352.946217483333852 1547560.940105465000264
11099352.946217483333852 1547561.238691402500220
11099352.946217483333852 1547561.537277340000176
11099352.946217483333852 1547561.835863277500132
11099352.946217483333852 1547562.134449215000088
11099352.946217483333852 1547562.433035152500044
11099352.946217483333852 1547562.731621090000000
11099352.946217483333852 1547563.030207027499956
11099352.946217483333852 1547563.328792964999912
11099352.946217483333852 1547563.627378902499868
11099352.946217483333852 1547563.925964839999824
11099352.946217483333852 1547564.224550777499780
11099352.946217483333852 1547564.523136714999736
11099352.946217483333852 1547564.821722652499692
11099352.946217483333852 1547565.120308589999648
11099353.244798212500389 1547560.044347652500396
11099353.244798212500389 1547560.342933590000352
11099353.244798212500389 1547560.641519527500308
11099353.244798212500389 1547560.940105465000264
11099353.244798212500389 1547561.238691402500220
11099353.244798212500389 1547561.537277340000176
11099353.244798212500389 1547561.835863277500132
11099353.244798212500389 1547562.134449215000088
11099353.244798212500389 1547562.433035152500044
11099353.244798212500389 1547562.731621090000000
11099353.244798212500389 1547563.030207027499956
11099353.244798212500389 1547563.328792964999912
11099353.244798212500389 1547563.627378902499868
11099353.244798212500389 1547563.925964839999824
11099353.244798212500389 1547564.224550777499780
11099353.244798212500389 1547564.523136714999736
11099353.244798212500389 1547564.821722652499692
11099353.244798212500389 1547565.120308589999648
11099353.543378941666926 1547560.044347652500396
11099353.543378941666926 1547560.342933590000352
11099353.543378941666926 1547560.641519527500308
11099353.543378941666926 1547560.940105465000264
11099353.543378941666926 1547561.238691402500220
11099353.543378941666926 1547561.537277340000176
11099353.543378941666926 1547561.835863277500132
11099353.543378941666926 1547562.134449215000088
11099353.543378941666926 1547562.433035152500044
11099353.543378941666926 1547562.731621090000000
11099353.543378941666926 1547563.030207027499956
11099353.543378941666926 1547563.328792964999912
11099353.543378941666926 1547563.627378902499868
11099353.543378941666926 1547563.925964839999824
11099353.543378941666926 1547564.224550777499780
11099353.543378941666926 1547564.523136714999736
11099353.543378941666926 1547564.821722652499692
11099353.543378941666926 1547565.120308589999648
11099353.841959670833463 1547560.044347652500396
11099353.841959670833463 1547560.342933590000352
11099353.841959670833463 1547560.641519527500308
11099353.841959670833463 1547560.940105465000264
11099353.841959670833463 1547561.238691402500220
11099353.841959670833463 1547561.537277340000176
11099353.841959670833463 1547561.835863277500132
11099353.841959670833463 1547562.134449215000088
11099353.841959670833463 1547562.433035152500044
11099353.841959670833463 1547562.731621090000000
11099353.841959670833463 1547563.030207027499956
11099353.841959670833463 1547563.328792964999912
11099353.841959670833463 1547563.627378902499868
11099353.841959670833463 1547563.925964839999824
11099353.841959670833463 1547564.224550777499780
11099353.841959670833463 1547564.523136714999736
11099353.841959670833463 1547564.821722652499692
11099353.841959670833463 1547565.120308589999648
11099354.140540400000000 1547560.044347652500396
11099354.140540400000000 1547560.342933590000352
11099354.140540400000000 1547560.641519527500308
11099354.140540400000000 1547560.940105465000264
11099354.140540400000000 1547561.238691402500220
11099354.140540400000000 1547561.537277340000176
11099354.140540400000000 1547561.835863277500132
11099354.140540400000000 1547562.134449215000088
11099354.140540400000000 1547562.433035152500044
11099354.140540400000000 1547562.731621090000000
11099354.140540400000000 1547563.030207027499956
11099354.140540400000000 1547563.328792964999912
11099354.140540400000000 1547563.627378902499868
11099354.140540400000000 1547563.925964839999824
11099354.140540400000000 1547564.224550777499780
11099354.140540400000000 1547564.523136714999736
11099354.140540400000000 1547564.821722652499692
11099354.140540400000000 1547565.120308589999648
11099354.439121129166537 1547560.044347652500396
11099354.439121129166537 1547560.342933590000352
11099354.439121129166537 1547560.641519527500308
11099354.439121129166537 1547560.940105465000264
11099354.439121129166537 1547561.238691402500220
11099354.439121129166537 1547561.537277340000176
11099354.439121129166537 1547561.835863277500132
11099354.439121129166537 1547562.134449215000088
11099354.439121129166537 1547562.433035152500044
11099354.439121129166537 1547562.731621090000000
11099354.439121129166537 1547563.030207027499956
11099354.439121129166537 1547563.328792964999912
11099354.439121129166537 1547563.627378902499868
11099354.439121129166537 1547563.925964839999824
11099354.439121129166537 1547564.224550777499780
11099354.439121129166537 1547564.523136714999736
11099354.439121129166537 1547564.821722652499692
11099354.439121129166537 1547565.120308589999648
11099354.737701858333074 1547560.044347652500396
11099354.737701858333074 1547560.342933590000352
11099354.737701858333074 1547560.641519527500308
11099354.737701858333074 1547560.940105465000264
11099354.737701858333074 1547561.238691402500220
11099354.737701858333074 1547561.537277340000176
11099354.737701858333074 1547561.835863277500132
11099354.737701858333074 1547562.134449215000088
11099354.737701858333074 1547562.433035152500044
11099354.737701858333074 1547562.731621090000000
11099354.737701858333074 1547563.030207027499956
11099354.737701858333074 1547563.328792964999912
11099354.737701858333074 1547563.627378902499868
11099354.737701858333074 1547563.925964839999824
11099354.737701858333074 1547564.224550777499780
11099354.737701858333074 1547564.523136714999736
11099354.737701858333074 1547564.821722652499692
11099354.737701858333074 1547565.120308589999648
11099355.036282587499611 1547560.044347652500396
11099355.036282587499611 1547560.342933590000352
11099355.036282587499611 1547560.641519527500308
11099355.036282587499611 1547560.940105465000264
11099355.036282587499611 1547561.238691402500220
11099355.036282587499611 1547561.537277340000176
11099355.036282587499611 1547561.835863277500132
11099355.036282587499611 1547562.134449215000088
11099355.036282587499611 1547562.433035152500044
11099355.036282587499611 1547562.731621090000000
11099355.036282587499611 1547563.030207027499956
11099355.036282587499611 1547563.328792964999912
11099355.036282587499611 1547563.627378902499868
11099355.036282587499611 1547563.925964839999824
11099355.036282587499611 1547564.224550777499780
11099355.036282587499611 1547564.523136714999736
11099355.036282587499611 1547564.821722652499692
11099355.036282587499611 1547565.120308589999648
11099355.334863316666148 1547560.044347652500396
11099355.334863316666148 1547560.342933590000352
11099355.334863316666148 1547560.641519527500308
11099355.334863316666148 1547560.940105465000264
11099355.334863316666148 1547561.238691402500220
11099355.334863316666148 1547561.537277340000176
11099355.334863316666148 1547561.835863277500132
11099355.334863316666148 1547562.134449215000088
11099355.334863316666148 1547562.433035152500044
11099355.334863316666148 1547562.731621090000000
11099355.334863316666148 1547563.030207027499956
11099355.334863316666148 1547563.328792964999912
11099355.334863316666148 1547563.627378902499868
11099355.334863316666148 1547563.925964839999824
11099355.334863316666148 1547564.224550777499780
11099355.334863316666148 1547564.523136714999736
11099355.334863316666148 1547564.821722652499692
11099355.334863316666148 1547565.120308589999648
11099355.633444045832685 1547560.044347652500396
11099355.633444045832685 1547560.342933590000352
11099355.633444045832685 1547560.641519527500308
11099355.633444045832685 1547560.940105465000264
11099355.633444045832685 1547561.238691402500220
11099355.633444045832685 1547561.537277340000176
11099355.633444045832685 1547561.835863277500132
11099355.633444045832685 1547562.134449215000088
11099355.633444045832685 1547562.433035152500044
11099355.633444045832685 1547562.731621090000000
11099355.633444045832685 1547563.030207027499956
11099355.633444045832685 1547563.328792964999912
11099355.633444045832685 1547563.627378902499868
11099355.633444045832685 1547563.925964839999824
11099355.633444045832685 1547564.224550777499780
11099355.633444045832685 1547564.523136714999736
11099355.633444045832685 1547564.821722652499692
11099355.633444045832685 1547565.120308589999648
11099355.932024774999222 1547560.044347652500396
11099355.932024774999222 1547560.342933590000352
11099355.932024774999222 1547560.641519527500308
11099355.932024774999222 1547560.940105465000264
11099355.932024774999222 1547561.238691402500220
11099355.932024774999222 1547561.537277340000176
11099355.932024774999222 1547561.835863277500132
11099355.932024774999222 1547562.134449215000088
11099355.932024774999222 1547562.433035152500044
11099355.932024774999222 1547562.731621090000000
11099355.932024774999222 1547563.030207027499956
11099355.932024774999222 1547563.328792964999912
11099355.932024774999222 1547563.627378902499868
11099355.932024774999222 1547563.925964839999824
11099355.932024774999222 1547564.224550777499780
11099355.932024774999222 1547564.523136714999736
11099355.932024774999222 1547564.821722652499692
11099355.932024774999222 1547565.120308589999648
11099356.230605504165759 1547560.044347652500396
11099356.230605504165759 1547560.342933590000352
11099356.230605504165759 1547560.641519527500308
11099356.230605504165759 1547560.940105465000264
11099356.230605504165759 1547561.238691402500220
11099356.230605504165759 1547561.537277340000176
11099356.230605504165759 1547561.835863277500132
11099356.230605504165759 1547562.134449215000088
11099356.230605504165759 1547562.433035152500044
11099356.230605504165759 1547562.731621090000000
11099356.230605504165759 1547563.030207027499956
11099356.230605504165759 1547563.328792964999912
11099356.230605504165759 1547563.627378902499868
11099356.230605504165759 1547563.925964839999824
11099356.230605504165759 1547564.224550777499780
11099356.230605504165759 1547564.523136714999736
11099356.230605504165759 1547564.821722652499692
11099356.230605504165759 1547565.120308589999648
11099356.529186233332296 1547560.044347652500396
11099356.529186233332296 1547560.342933590000352
11099356.529186233332296 1547560.641519527500308
11099356.529186233332296 1547560.940105465000264
11099356.529186233332296 1547561.238691402500220
11099356.529186233332296 1547561.537277340000176
11099356.529186233332296 1547561.835863277500132
11099356.529186233332296 1547562.134449215000088
11099356.529186233332296 1547562.433035152500044
11099356.529186233332296 1547562.731621090000000
11099356.529186233332296 1547563.030207027499956
11099356.529186233332296 1547563.328792964999912
11099356.529186233332296 1547563.627378902499868
11099356.529186233332296 1547563.925964839999824
11099356.529186233332296 1547564.224550777499780
11099356.529186233332296 1547564.523136714999736
11099356.529186233332296 1547564.821722652499692
11099356.529186233332296 1547565.120308589999648
