11099310.249173137501167 1547583.632636722500396
11099310.249173137501167 1547583.931222660000352
11099310.249173137501167 1547584.229808597500308
11099310.249173137501167 1547584.528394535000264
11099310.249173137501167 1547584.826980472500220
11099310.249173137501167 1547585.125566410000176
11099310.249173137501167 1547585.424152347500132
11099310.249173137501167 1547585.722738285000088
11099310.249173137501167 1547586.021324222500044
11099310.249173137501167 1547586.319910160000000
11099310.249173137501167 1547586.618496097499956
11099310.249173137501167 1547586.917082034999912
11099310.249173137501167 1547587.215667972499868
11099310.249173137501167 1547587.514253909999824
11099310.249173137501167 1547587.812839847499780
11099310.249173137501167 1547588.111425784999736
11099310.249173137501167 1547588.410011722499692
11099310.249173137501167 1547588.708597659999648
11099310.547753866667704 1547583.632636722500396
11099310.547753866667704 1547583.931222660000352
11099310.547753866667704 1547584.229808597500308
11099310.547753866667704 1547584.528394535000264
11099310.547753866667704 1547584.826980472500220
11099310.547753866667704 1547585.125566410000176
11099310.547753866667704 1547585.424152347500132
11099310.547753866667704 1547585.722738285000088
11099310.547753866667704 1547586.021324222500044
11099310.547753866667704 1547586.319910160000000
11099310.547753866667704 1547586.618496097499956
11099310.547753866667704 1547586.917082034999912
11099310.547753866667704 1547587.215667972499868
11099310.547753866667704 1547587.514253909999824
11099310.547753866667704 1547587.812839847499780
11099310.547753866667704 1547588.111425784999736
11099310.547753866667704 1547588.410011722499692
11099310.547753866667704 1547588.708597659999648
11099310.846334595834241 1547583.632636722500396
11099310.846334595834241 1547583.931222660000352
11099310.846334595834241 1547584.229808597500308
11099310.846334595834241 1547584.528394535000264
11099310.846334595834241 1547584.826980472500220
11099310.846334595834241 1547585.125566410000176
11099310.846334595834241 1547585.424152347500132
11099310.846334595834241 1547585.722738285000088
11099310.846334595834241 1547586.021324222500044
11099310.846334595834241 1547586.319910160000000
11099310.846334595834241 1547586.618496097499956
11099310.846334595834241 1547586.917082034999912
11099310.846334595834241 1547587.215667972499868
11099310.846334595834241 1547587.514253909999824
11099310.846334595834241 1547587.812839847499780
11099310.846334595834241 1547588.111425784999736
11099310.846334595834241 1547588.410011722499692
11099310.846334595834241 1547588.708597659999648
11099311.144915325000778 1547583.632636722500396
11099311.144915325000778 1547583.931222660000352
11099311.144915325000778 1547584.229808597500308
11099311.144915325000778 1547584.528394535000264
11099311.144915325000778 1547584.826980472500220
11099311.144915325000778 1547585.125566410000176
11099311.144915325000778 1547585.424152347500132
11099311.144915325000778 1547585.722738285000088
11099311.144915325000778 1547586.021324222500044
11099311.144915325000778 1547586.319910160000000
11099311.144915325000778 1547586.618496097499956
11099311.144915325000778 1547586.917082034999912
11099311.144915325000778 1547587.215667972499868
11099311.144915325000778 1547587.514253909999824
11099311.144915325000778 1547587.812839847499780
11099311.144915325000778 1547588.111425784999736
11099311.144915325000778 1547588.410011722499692
11099311.144915325000778 1547588.708597659999648
11099311.443496054167315 1547583.632636722500396
11099311.443496054167315 1547583.931222660000352
11099311.443496054167315 1547584.229808597500308
11099311.443496054167315 1547584.528394535000264
11099311.443496054167315 1547584.826980472500220
11099311.443496054167315 1547585.125566410000176
11099311.443496054167315 1547585.424152347500132
11099311.443496054167315 1547585.722738285000088
11099311.443496054167315 1547586.021324222500044
11099311.443496054167315 1547586.319910160000000
11099311.443496054167315 1547586.618496097499956
11099311.443496054167315 1547586.917082034999912
11099311.443496054167315 1547587.215667972499868
11099311.443496054167315 1547587.514253909999824
11099311.443496054167315 1547587.812839847499780
11099311.443496054167315 1547588.111425784999736
11099311.443496054167315 1547588.410011722499692
11099311.443496054167315 1547588.708597659999648
11099311.742076783333852 1547583.632636722500396
11099311.742076783333852 1547583.931222660000352
11099311.742076783333852 1547584.229808597500308
11099311.742076783333852 1547584.528394535000264
11099311.742076783333852 1547584.826980472500220
11099311.742076783333852 1547585.125566410000176
11099311.742076783333852 1547585.424152347500132
11099311.742076783333852 1547585.722738285000088
11099311.742076783333852 1547586.021324222500044
11099311.742076783333852 1547586.319910160000000
11099311.742076783333852 1547586.618496097499956
11099311.742076783333852 1547586.917082034999912
11099311.742076783333852 1547587.215667972499868
11099311.742076783333852 1547587.514253909999824
11099311.742076783333852 1547587.812839847499780
11099311.742076783333852 1547588.111425784999736
11099311.742076783333852 1547588.410011722499692
11099311.742076783333852 1547588.708597659999648
11099312.040657512500389 1547583.632636722500396
11099312.040657512500389 1547583.931222660000352
11099312.040657512500389 1547584.229808597500308
11099312.040657512500389 1547584.528394535000264
11099312.040657512500389 1547584.826980472500220
11099312.040657512500389 1547585.125566410000176
11099312.040657512500389 1547585.424152347500132
11099312.040657512500389 1547585.722738285000088
11099312.040657512500389 1547586.021324222500044
11099312.040657512500389 1547586.319910160000000
11099312.040657512500389 1547586.618496097499956
11099312.040657512500389 1547586.917082034999912
11099312.040657512500389 1547587.215667972499868
11099312.040657512500389 1547587.514253909999824
11099312.040657512500389 1547587.812839847499780
11099312.040657512500389 1547588.111425784999736
11099312.040657512500389 1547588.410011722499692
11099312.040657512500389 1547588.708597659999648
11099312.339238241666926 1547583.632636722500396
11099312.339238241666926 1547583.931222660000352
11099312.339238241666926 1547584.229808597500308
11099312.339238241666926 1547584.528394535000264
11099312.339238241666926 1547584.826980472500220
11099312.339238241666926 1547585.125566410000176
11099312.339238241666926 1547585.424152347500132
11099312.339238241666926 1547585.722738285000088
11099312.339238241666926 1547586.021324222500044
11099312.339238241666926 1547586.319910160000000
11099312.339238241666926 1547586.618496097499956
11099312.339238241666926 1547586.917082034999912
11099312.339238241666926 1547587.215667972499868
11099312.339238241666926 1547587.514253909999824
11099312.339238241666926 1547587.812839847499780
11099312.339238241666926 1547588.111425784999736
11099312.339238241666926 1547588.410011722499692
11099312.339238241666926 1547588.708597659999648
11099312.637818970833463 1547583.632636722500396
11099312.637818970833463 1547583.931222660000352
11099312.637818970833463 1547584.229808597500308
11099312.637818970833463 1547584.528394535000264
11099312.637818970833463 1547584.826980472500220
11099312.637818970833463 1547585.125566410000176
11099312.637818970833463 1547585.424152347500132
11099312.637818970833463 1547585.722738285000088
11099312.637818970833463 1547586.021324222500044
11099312.637818970833463 1547586.319910160000000
11099312.637818970833463 1547586.618496097499956
11099312.637818970833463 1547586.917082034999912
11099312.637818970833463 1547587.215667972499868
11099312.637818970833463 1547587.514253909999824
11099312.637818970833463 1547587.812839847499780
11099312.637818970833463 1547588.111425784999736
11099312.637818970833463 1547588.410011722499692
11099312.637818970833463 1547588.708597659999648
11099312.936399700000000 1547583.632636722500396
11099312.936399700000000 1547583.931222660000352
11099312.936399700000000 1547584.229808597500308
11099312.936399700000000 1547584.528394535000264
11099312.936399700000000 1547584.826980472500220
11099312.936399700000000 1547585.125566410000176
11099312.936399700000000 1547585.424152347500132
11099312.936399700000000 1547585.722738285000088
11099312.936399700000000 1547586.021324222500044
11099312.936399700000000 1547586.319910160000000
11099312.936399700000000 1547586.618496097499956
11099312.936399700000000 1547586.917082034999912
11099312.936399700000000 1547587.215667972499868
11099312.936399700000000 1547587.514253909999824
11099312.936399700000000 1547587.812839847499780
11099312.936399700000000 1547588.111425784999736
11099312.936399700000000 1547588.410011722499692
11099312.936399700000000 1547588.708597659999648
11099313.234980429166537 1547583.632636722500396
11099313.234980429166537 1547583.931222660000352
11099313.234980429166537 1547584.229808597500308
11099313.234980429166537 1547584.528394535000264
11099313.234980429166537 1547584.826980472500220
11099313.234980429166537 1547585.125566410000176
11099313.234980429166537 1547585.424152347500132
11099313.234980429166537 1547585.722738285000088
11099313.234980429166537 1547586.021324222500044
11099313.234980429166537 1547586.319910160000000
11099313.234980429166537 1547586.618496097499956
11099313.234980429166537 1547586.917082034999912
11099313.234980429166537 1547587.215667972499868
11099313.234980429166537 1547587.514253909999824
11099313.234980429166537 1547587.812839847499780
11099313.234980429166537 1547588.111425784999736
11099313.234980429166537 1547588.410011722499692
11099313.234980429166537 1547588.708597659999648
11099313.533561158333074 1547583.632636722500396
11099313.533561158333074 1547583.931222660000352
11099313.533561158333074 1547584.229808597500308
11099313.533561158333074 1547584.528394535000264
11099313.533561158333074 1547584.826980472500220
11099313.533561158333074 1547585.125566410000176
11099313.533561158333074 1547585.424152347500132
11099313.533561158333074 1547585.722738285000088
11099313.533561158333074 1547586.021324222500044
11099313.533561158333074 1547586.319910160000000
11099313.533561158333074 1547586.618496097499956
11099313.533561158333074 1547586.917082034999912
11099313.533561158333074 1547587.215667972499868
11099313.533561158333074 1547587.514253909999824
11099313.533561158333074 1547587.812839847499780
11099313.533561158333074 1547588.111425784999736
11099313.533561158333074 1547588.410011722499692
11099313.533561158333074 1547588.708597659999648
11099313.832141887499611 1547583.632636722500396
11099313.832141887499611 1547583.931222660000352
11099313.832141887499611 1547584.229808597500308
11099313.832141887499611 1547584.528394535000264
11099313.832141887499611 1547584.826980472500220
11099313.832141887499611 1547585.125566410000176
11099313.832141887499611 1547585.424152347500132
11099313.832141887499611 1547585.722738285000088
11099313.832141887499611 1547586.021324222500044
11099313.832141887499611 1547586.319910160000000
11099313.832141887499611 1547586.618496097499956
11099313.832141887499611 1547586.917082034999912
11099313.832141887499611 1547587.215667972499868
11099313.832141887499611 1547587.514253909999824
11099313.832141887499611 1547587.812839847499780
11099313.832141887499611 1547588.111425784999736
11099313.832141887499611 1547588.410011722499692
11099313.832141887499611 1547588.708597659999648
11099314.130722616666148 1547583.632636722500396
11099314.130722616666148 1547583.931222660000352
11099314.130722616666148 1547584.229808597500308
11099314.130722616666148 1547584.528394535000264
11099314.130722616666148 1547584.826980472500220
11099314.130722616666148 1547585.125566410000176
11099314.130722616666148 1547585.424152347500132
11099314.130722616666148 1547585.722738285000088
11099314.130722616666148 1547586.021324222500044
11099314.130722616666148 1547586.319910160000000
11099314.130722616666148 1547586.618496097499956
11099314.130722616666148 1547586.917082034999912
11099314.130722616666148 1547587.215667972499868
11099314.130722616666148 1547587.514253909999824
11099314.130722616666148 1547587.812839847499780
11099314.130722616666148 1547588.111425784999736
11099314.130722616666148 1547588.410011722499692
11099314.130722616666148 1547588.708597659999648
11099314.429303345832685 1547583.632636722500396
11099314.429303345832685 1547583.931222660000352
11099314.429303345832685 1547584.229808597500308
11099314.429303345832685 1547584.528394535000264
11099314.429303345832685 1547584.826980472500220
11099314.429303345832685 1547585.125566410000176
11099314.429303345832685 1547585.424152347500132
11099314.429303345832685 1547585.722738285000088
11099314.429303345832685 1547586.021324222500044
11099314.429303345832685 1547586.319910160000000
11099314.429303345832685 1547586.618496097499956
11099314.429303345832685 1547586.917082034999912
11099314.429303345832685 1547587.215667972499868
11099314.429303345832685 1547587.514253909999824
11099314.429303345832685 1547587.812839847499780
11099314.429303345832685 1547588.111425784999736
11099314.429303345832685 1547588.410011722499692
11099314.429303345832685 1547588.708597659999648
11099314.727884074999222 1547583.632636722500396
11099314.727884074999222 1547583.931222660000352
11099314.727884074999222 1547584.229808597500308
11099314.727884074999222 1547584.528394535000264
11099314.727884074999222 1547584.826980472500220
11099314.727884074999222 1547585.125566410000176
11099314.727884074999222 1547585.424152347500132
11099314.727884074999222 1547585.722738285000088
11099314.727884074999222 1547586.021324222500044
11099314.727884074999222 1547586.319910160000000
11099314.727884074999222 1547586.618496097499956
11099314.727884074999222 1547586.917082034999912
11099314.727884074999222 1547587.215667972499868
11099314.727884074999222 1547587.514253909999824
11099314.727884074999222 1547587.812839847499780
11099314.727884074999222 1547588.111425784999736
11099314.727884074999222 1547588.410011722499692
11099314.727884074999222 1547588.708597659999648
11099315.026464804165759 1547583.632636722500396
11099315.026464804165759 1547583.931222660000352
11099315.026464804165759 1547584.229808597500308
11099315.026464804165759 1547584.528394535000264
11099315.026464804165759 1547584.826980472500220
11099315.026464804165759 1547585.125566410000176
11099315.026464804165759 1547585.424152347500132
11099315.026464804165759 1547585.722738285000088
11099315.026464804165759 1547586.021324222500044
11099315.026464804165759 1547586.319910160000000
11099315.026464804165759 1547586.618496097499956
11099315.026464804165759 1547586.917082034999912
11099315.026464804165759 1547587.215667972499868
11099315.026464804165759 1547587.514253909999824
11099315.026464804165759 1547587.812839847499780
11099315.026464804165759 1547588.111425784999736
11099315.026464804165759 1547588.410011722499692
11099315.026464804165759 1547588.708597659999648
11099315.325045533332296 1547583.632636722500396
11099315.325045533332296 1547583.931222660000352
11099315.325045533332296 1547584.229808597500308
11099315.325045533332296 1547584.528394535000264
11099315.325045533332296 1547584.826980472500220
11099315.325045533332296 1547585.125566410000176
11099315.325045533332296 1547585.424152347500132
11099315.325045533332296 1547585.722738285000088
11099315.325045533332296 1547586.021324222500044
11099315.325045533332296 1547586.319910160000000
11099315.325045533332296 1547586.618496097499956
11099315.325045533332296 1547586.917082034999912
11099315.325045533332296 1547587.215667972499868
11099315.325045533332296 1547587.514253909999824
11099315.325045533332296 1547587.812839847499780
11099315.325045533332296 1547588.111425784999736
11099315.325045533332296 1547588.410011722499692
11099315.325045533332296 1547588.708597659999648
