11099424.008431037501167 1547828.771691402500396
11099424.008431037501167 1547829.070277340000352
11099424.008431037501167 1547829.368863277500308
11099424.008431037501167 1547829.667449215000264
11099424.008431037501167 1547829.966035152500220
11099424.008431037501167 1547830.264621090000176
11099424.008431037501167 1547830.563207027500132
11099424.008431037501167 1547830.861792965000088
11099424.008431037501167 1547831.160378902500044
11099424.008431037501167 1547831.458964840000000
11099424.008431037501167 1547831.757550777499956
11099424.008431037501167 1547832.056136714999912
11099424.008431037501167 1547832.354722652499868
11099424.008431037501167 1547832.653308589999824
11099424.008431037501167 1547832.951894527499780
11099424.008431037501167 1547833.250480464999736
11099424.008431037501167 1547833.549066402499692
11099424.008431037501167 1547833.847652339999648
11099424.307011766667704 1547828.771691402500396
11099424.307011766667704 1547829.070277340000352
11099424.307011766667704 1547829.368863277500308
11099424.307011766667704 1547829.667449215000264
11099424.307011766667704 1547829.966035152500220
11099424.307011766667704 1547830.264621090000176
11099424.307011766667704 1547830.563207027500132
11099424.307011766667704 1547830.861792965000088
11099424.307011766667704 1547831.160378902500044
11099424.307011766667704 1547831.458964840000000
11099424.307011766667704 1547831.757550777499956
11099424.307011766667704 1547832.056136714999912
11099424.307011766667704 1547832.354722652499868
11099424.307011766667704 1547832.653308589999824
11099424.307011766667704 1547832.951894527499780
11099424.307011766667704 1547833.250480464999736
11099424.307011766667704 1547833.549066402499692
11099424.307011766667704 1547833.847652339999648
11099424.605592495834241 1547828.771691402500396
11099424.605592495834241 1547829.070277340000352
11099424.605592495834241 1547829.368863277500308
11099424.605592495834241 1547829.667449215000264
11099424.605592495834241 1547829.966035152500220
11099424.605592495834241 1547830.264621090000176
11099424.605592495834241 1547830.563207027500132
11099424.605592495834241 1547830.861792965000088
11099424.605592495834241 1547831.160378902500044
11099424.605592495834241 1547831.458964840000000
11099424.605592495834241 1547831.757550777499956
11099424.605592495834241 1547832.056136714999912
11099424.605592495834241 1547832.354722652499868
11099424.605592495834241 1547832.653308589999824
11099424.605592495834241 1547832.951894527499780
11099424.605592495834241 1547833.250480464999736
11099424.605592495834241 1547833.549066402499692
11099424.605592495834241 1547833.847652339999648
11099424.904173225000778 1547828.771691402500396
11099424.904173225000778 1547829.070277340000352
11099424.904173225000778 1547829.368863277500308
11099424.904173225000778 1547829.667449215000264
11099424.904173225000778 1547829.966035152500220
11099424.904173225000778 1547830.264621090000176
11099424.904173225000778 1547830.563207027500132
11099424.904173225000778 1547830.861792965000088
11099424.904173225000778 1547831.160378902500044
11099424.904173225000778 1547831.458964840000000
11099424.904173225000778 1547831.757550777499956
11099424.904173225000778 1547832.056136714999912
11099424.904173225000778 1547832.354722652499868
11099424.904173225000778 1547832.653308589999824
11099424.904173225000778 1547832.951894527499780
11099424.904173225000778 1547833.250480464999736
11099424.904173225000778 1547833.549066402499692
11099424.904173225000778 1547833.847652339999648
11099425.202753954167315 1547828.771691402500396
11099425.202753954167315 1547829.070277340000352
11099425.202753954167315 1547829.368863277500308
11099425.202753954167315 1547829.667449215000264
11099425.202753954167315 1547829.966035152500220
11099425.202753954167315 1547830.264621090000176
11099425.202753954167315 1547830.563207027500132
11099425.202753954167315 1547830.861792965000088
11099425.202753954167315 1547831.160378902500044
11099425.202753954167315 1547831.458964840000000
11099425.202753954167315 1547831.757550777499956
11099425.202753954167315 1547832.056136714999912
11099425.202753954167315 1547832.354722652499868
11099425.202753954167315 1547832.653308589999824
11099425.202753954167315 1547832.951894527499780
11099425.202753954167315 1547833.250480464999736
11099425.202753954167315 1547833.549066402499692
11099425.202753954167315 1547833.847652339999648
11099425.501334683333852 1547828.771691402500396
11099425.501334683333852 1547829.070277340000352
11099425.501334683333852 1547829.368863277500308
11099425.501334683333852 1547829.667449215000264
11099425.501334683333852 1547829.966035152500220
11099425.501334683333852 1547830.264621090000176
11099425.501334683333852 1547830.563207027500132
11099425.501334683333852 1547830.861792965000088
11099425.501334683333852 1547831.160378902500044
11099425.501334683333852 1547831.458964840000000
11099425.501334683333852 1547831.757550777499956
11099425.501334683333852 1547832.056136714999912
11099425.501334683333852 1547832.354722652499868
11099425.501334683333852 1547832.653308589999824
11099425.501334683333852 1547832.951894527499780
11099425.501334683333852 1547833.250480464999736
11099425.501334683333852 1547833.549066402499692
11099425.501334683333852 1547833.847652339999648
11099425.799915412500389 1547828.771691402500396
11099425.799915412500389 1547829.070277340000352
11099425.799915412500389 1547829.368863277500308
11099425.799915412500389 1547829.667449215000264
11099425.799915412500389 1547829.966035152500220
11099425.799915412500389 1547830.264621090000176
11099425.799915412500389 1547830.563207027500132
11099425.799915412500389 1547830.861792965000088
11099425.799915412500389 1547831.160378902500044
11099425.799915412500389 1547831.458964840000000
11099425.799915412500389 1547831.757550777499956
11099425.799915412500389 1547832.056136714999912
11099425.799915412500389 1547832.354722652499868
11099425.799915412500389 1547832.653308589999824
11099425.799915412500389 1547832.951894527499780
11099425.799915412500389 1547833.250480464999736
11099425.799915412500389 1547833.549066402499692
11099425.799915412500389 1547833.847652339999648
11099426.098496141666926 1547828.771691402500396
11099426.098496141666926 1547829.070277340000352
11099426.098496141666926 1547829.368863277500308
11099426.098496141666926 1547829.667449215000264
11099426.098496141666926 1547829.966035152500220
11099426.098496141666926 1547830.264621090000176
11099426.098496141666926 1547830.563207027500132
11099426.098496141666926 1547830.861792965000088
11099426.098496141666926 1547831.160378902500044
11099426.098496141666926 1547831.458964840000000
11099426.098496141666926 1547831.757550777499956
11099426.098496141666926 1547832.056136714999912
11099426.098496141666926 1547832.354722652499868
11099426.098496141666926 1547832.653308589999824
11099426.098496141666926 1547832.951894527499780
11099426.098496141666926 1547833.250480464999736
11099426.098496141666926 1547833.549066402499692
11099426.098496141666926 1547833.847652339999648
11099426.397076870833463 1547828.771691402500396
11099426.397076870833463 1547829.070277340000352
11099426.397076870833463 1547829.368863277500308
11099426.397076870833463 1547829.667449215000264
11099426.397076870833463 1547829.966035152500220
11099426.397076870833463 1547830.264621090000176
11099426.397076870833463 1547830.563207027500132
11099426.397076870833463 1547830.861792965000088
11099426.397076870833463 1547831.160378902500044
11099426.397076870833463 1547831.458964840000000
11099426.397076870833463 1547831.757550777499956
11099426.397076870833463 1547832.056136714999912
11099426.397076870833463 1547832.354722652499868
11099426.397076870833463 1547832.653308589999824
11099426.397076870833463 1547832.951894527499780
11099426.397076870833463 1547833.250480464999736
11099426.397076870833463 1547833.549066402499692
11099426.397076870833463 1547833.847652339999648
11099426.695657600000000 1547828.771691402500396
11099426.695657600000000 1547829.070277340000352
11099426.695657600000000 1547829.368863277500308
11099426.695657600000000 1547829.667449215000264
11099426.695657600000000 1547829.966035152500220
11099426.695657600000000 1547830.264621090000176
11099426.695657600000000 1547830.563207027500132
11099426.695657600000000 1547830.861792965000088
11099426.695657600000000 1547831.160378902500044
11099426.695657600000000 1547831.458964840000000
11099426.695657600000000 1547831.757550777499956
11099426.695657600000000 1547832.056136714999912
11099426.695657600000000 1547832.354722652499868
11099426.695657600000000 1547832.653308589999824
11099426.695657600000000 1547832.951894527499780
11099426.695657600000000 1547833.250480464999736
11099426.695657600000000 1547833.549066402499692
11099426.695657600000000 1547833.847652339999648
11099426.994238329166537 1547828.771691402500396
11099426.994238329166537 1547829.070277340000352
11099426.994238329166537 1547829.368863277500308
11099426.994238329166537 1547829.667449215000264
11099426.994238329166537 1547829.966035152500220
11099426.994238329166537 1547830.264621090000176
11099426.994238329166537 1547830.563207027500132
11099426.994238329166537 1547830.861792965000088
11099426.994238329166537 1547831.160378902500044
11099426.994238329166537 1547831.458964840000000
11099426.994238329166537 1547831.757550777499956
11099426.994238329166537 1547832.056136714999912
11099426.994238329166537 1547832.354722652499868
11099426.994238329166537 1547832.653308589999824
11099426.994238329166537 1547832.951894527499780
11099426.994238329166537 1547833.250480464999736
11099426.994238329166537 1547833.549066402499692
11099426.994238329166537 1547833.847652339999648
11099427.292819058333074 1547828.771691402500396
11099427.292819058333074 1547829.070277340000352
11099427.292819058333074 1547829.368863277500308
11099427.292819058333074 1547829.667449215000264
11099427.292819058333074 1547829.966035152500220
11099427.292819058333074 1547830.264621090000176
11099427.292819058333074 1547830.563207027500132
11099427.292819058333074 1547830.861792965000088
11099427.292819058333074 1547831.160378902500044
11099427.292819058333074 1547831.458964840000000
11099427.292819058333074 1547831.757550777499956
11099427.292819058333074 1547832.056136714999912
11099427.292819058333074 1547832.354722652499868
11099427.292819058333074 1547832.653308589999824
11099427.292819058333074 1547832.951894527499780
11099427.292819058333074 1547833.250480464999736
11099427.292819058333074 1547833.549066402499692
11099427.292819058333074 1547833.847652339999648
11099427.591399787499611 1547828.771691402500396
11099427.591399787499611 1547829.070277340000352
11099427.591399787499611 1547829.368863277500308
11099427.591399787499611 1547829.667449215000264
11099427.591399787499611 1547829.966035152500220
11099427.591399787499611 1547830.264621090000176
11099427.591399787499611 1547830.563207027500132
11099427.591399787499611 1547830.861792965000088
11099427.591399787499611 1547831.160378902500044
11099427.591399787499611 1547831.458964840000000
11099427.591399787499611 1547831.757550777499956
11099427.591399787499611 1547832.056136714999912
11099427.591399787499611 1547832.354722652499868
11099427.591399787499611 1547832.653308589999824
11099427.591399787499611 1547832.951894527499780
11099427.591399787499611 1547833.250480464999736
11099427.591399787499611 1547833.549066402499692
11099427.591399787499611 1547833.847652339999648
11099427.889980516666148 1547828.771691402500396
11099427.889980516666148 1547829.070277340000352
11099427.889980516666148 1547829.368863277500308
11099427.889980516666148 1547829.667449215000264
11099427.889980516666148 1547829.966035152500220
11099427.889980516666148 1547830.264621090000176
11099427.889980516666148 1547830.563207027500132
11099427.889980516666148 1547830.861792965000088
11099427.889980516666148 1547831.160378902500044
11099427.889980516666148 1547831.458964840000000
11099427.889980516666148 1547831.757550777499956
11099427.889980516666148 1547832.056136714999912
11099427.889980516666148 1547832.354722652499868
11099427.889980516666148 1547832.653308589999824
11099427.889980516666148 1547832.951894527499780
11099427.889980516666148 1547833.250480464999736
11099427.889980516666148 1547833.549066402499692
11099427.889980516666148 1547833.847652339999648
11099428.188561245832685 1547828.771691402500396
11099428.188561245832685 1547829.070277340000352
11099428.188561245832685 1547829.368863277500308
11099428.188561245832685 1547829.667449215000264
11099428.188561245832685 1547829.966035152500220
11099428.188561245832685 1547830.264621090000176
11099428.188561245832685 1547830.563207027500132
11099428.188561245832685 1547830.861792965000088
11099428.188561245832685 1547831.160378902500044
11099428.188561245832685 1547831.458964840000000
11099428.188561245832685 1547831.757550777499956
11099428.188561245832685 1547832.056136714999912
11099428.188561245832685 1547832.354722652499868
11099428.188561245832685 1547832.653308589999824
11099428.188561245832685 1547832.951894527499780
11099428.188561245832685 1547833.250480464999736
11099428.188561245832685 1547833.549066402499692
11099428.188561245832685 1547833.847652339999648
11099428.487141974999222 1547828.771691402500396
11099428.487141974999222 1547829.070277340000352
11099428.487141974999222 1547829.368863277500308
11099428.487141974999222 1547829.667449215000264
11099428.487141974999222 1547829.966035152500220
11099428.487141974999222 1547830.264621090000176
11099428.487141974999222 1547830.563207027500132
11099428.487141974999222 1547830.861792965000088
11099428.487141974999222 1547831.160378902500044
11099428.487141974999222 1547831.458964840000000
11099428.487141974999222 1547831.757550777499956
11099428.487141974999222 1547832.056136714999912
11099428.487141974999222 1547832.354722652499868
11099428.487141974999222 1547832.653308589999824
11099428.487141974999222 1547832.951894527499780
11099428.487141974999222 1547833.250480464999736
11099428.487141974999222 1547833.549066402499692
11099428.487141974999222 1547833.847652339999648
11099428.785722704165759 1547828.771691402500396
11099428.785722704165759 1547829.070277340000352
11099428.785722704165759 1547829.368863277500308
11099428.785722704165759 1547829.667449215000264
11099428.785722704165759 1547829.966035152500220
11099428.785722704165759 1547830.264621090000176
11099428.785722704165759 1547830.563207027500132
11099428.785722704165759 1547830.861792965000088
11099428.785722704165759 1547831.160378902500044
11099428.785722704165759 1547831.458964840000000
11099428.785722704165759 1547831.757550777499956
11099428.785722704165759 1547832.056136714999912
11099428.785722704165759 1547832.354722652499868
11099428.785722704165759 1547832.653308589999824
11099428.785722704165759 1547832.951894527499780
11099428.785722704165759 1547833.250480464999736
11099428.785722704165759 1547833.549066402499692
11099428.785722704165759 1547833.847652339999648
11099429.084303433332296 1547828.771691402500396
11099429.084303433332296 1547829.070277340000352
11099429.084303433332296 1547829.368863277500308
11099429.084303433332296 1547829.667449215000264
11099429.084303433332296 1547829.966035152500220
11099429.084303433332296 1547830.264621090000176
11099429.084303433332296 1547830.563207027500132
11099429.084303433332296 1547830.861792965000088
11099429.084303433332296 1547831.160378902500044
11099429.084303433332296 1547831.458964840000000
11099429.084303433332296 1547831.757550777499956
11099429.084303433332296 1547832.056136714999912
11099429.084303433332296 1547832.354722652499868
11099429.084303433332296 1547832.653308589999824
11099429.084303433332296 1547832.951894527499780
11099429.084303433332296 1547833.250480464999736
11099429.084303433332296 1547833.549066402499692
11099429.084303433332296 1547833.847652339999648
