11099466.108313837501167 1547835.937753902500396
11099466.108313837501167 1547836.236339840000352
11099466.108313837501167 1547836.534925777500308
11099466.108313837501167 1547836.833511715000264
11099466.108313837501167 1547837.132097652500220
11099466.108313837501167 1547837.430683590000176
11099466.108313837501167 1547837.729269527500132
11099466.108313837501167 1547838.027855465000088
11099466.108313837501167 1547838.326441402500044
11099466.108313837501167 1547838.625027340000000
11099466.108313837501167 1547838.923613277499956
11099466.108313837501167 1547839.222199214999912
11099466.108313837501167 1547839.520785152499868
11099466.108313837501167 1547839.819371089999824
11099466.108313837501167 1547840.117957027499780
11099466.108313837501167 1547840.416542964999736
11099466.108313837501167 1547840.715128902499692
11099466.108313837501167 1547841.013714839999648
11099466.406894566667704 1547835.937753902500396
11099466.406894566667704 1547836.236339840000352
11099466.406894566667704 1547836.534925777500308
11099466.406894566667704 1547836.833511715000264
11099466.406894566667704 1547837.132097652500220
11099466.406894566667704 1547837.430683590000176
11099466.406894566667704 1547837.729269527500132
11099466.406894566667704 1547838.027855465000088
11099466.406894566667704 1547838.326441402500044
11099466.406894566667704 1547838.625027340000000
11099466.406894566667704 1547838.923613277499956
11099466.406894566667704 1547839.222199214999912
11099466.406894566667704 1547839.520785152499868
11099466.406894566667704 1547839.819371089999824
11099466.406894566667704 1547840.117957027499780
11099466.406894566667704 1547840.416542964999736
11099466.406894566667704 1547840.715128902499692
11099466.406894566667704 1547841.013714839999648
11099466.705475295834241 1547835.937753902500396
11099466.705475295834241 1547836.236339840000352
11099466.705475295834241 1547836.534925777500308
11099466.705475295834241 1547836.833511715000264
11099466.705475295834241 1547837.132097652500220
11099466.705475295834241 1547837.430683590000176
11099466.705475295834241 1547837.729269527500132
11099466.705475295834241 1547838.027855465000088
11099466.705475295834241 1547838.326441402500044
11099466.705475295834241 1547838.625027340000000
11099466.705475295834241 1547838.923613277499956
11099466.705475295834241 1547839.222199214999912
11099466.705475295834241 1547839.520785152499868
11099466.705475295834241 1547839.819371089999824
11099466.705475295834241 1547840.117957027499780
11099466.705475295834241 1547840.416542964999736
11099466.705475295834241 1547840.715128902499692
11099466.705475295834241 1547841.013714839999648
11099467.004056025000778 1547835.937753902500396
11099467.004056025000778 1547836.236339840000352
11099467.004056025000778 1547836.534925777500308
11099467.004056025000778 1547836.833511715000264
11099467.004056025000778 1547837.132097652500220
11099467.004056025000778 1547837.430683590000176
11099467.004056025000778 1547837.729269527500132
11099467.004056025000778 1547838.027855465000088
11099467.004056025000778 1547838.326441402500044
11099467.004056025000778 1547838.625027340000000
11099467.004056025000778 1547838.923613277499956
11099467.004056025000778 1547839.222199214999912
11099467.004056025000778 1547839.520785152499868
11099467.004056025000778 1547839.819371089999824
11099467.004056025000778 1547840.117957027499780
11099467.004056025000778 1547840.416542964999736
11099467.004056025000778 1547840.715128902499692
11099467.004056025000778 1547841.013714839999648
11099467.302636754167315 1547835.937753902500396
11099467.302636754167315 1547836.236339840000352
11099467.302636754167315 1547836.534925777500308
11099467.302636754167315 1547836.833511715000264
11099467.302636754167315 1547837.132097652500220
11099467.302636754167315 1547837.430683590000176
11099467.302636754167315 1547837.729269527500132
11099467.302636754167315 1547838.027855465000088
11099467.302636754167315 1547838.326441402500044
11099467.302636754167315 1547838.625027340000000
11099467.302636754167315 1547838.923613277499956
11099467.302636754167315 1547839.222199214999912
11099467.302636754167315 1547839.520785152499868
11099467.302636754167315 1547839.819371089999824
11099467.302636754167315 1547840.117957027499780
11099467.302636754167315 1547840.416542964999736
11099467.302636754167315 1547840.715128902499692
11099467.302636754167315 1547841.013714839999648
11099467.601217483333852 1547835.937753902500396
11099467.601217483333852 1547836.236339840000352
11099467.601217483333852 1547836.534925777500308
11099467.601217483333852 1547836.833511715000264
11099467.601217483333852 1547837.132097652500220
11099467.601217483333852 1547837.430683590000176
11099467.601217483333852 1547837.729269527500132
11099467.601217483333852 1547838.027855465000088
11099467.601217483333852 1547838.326441402500044
11099467.601217483333852 1547838.625027340000000
11099467.601217483333852 1547838.923613277499956
11099467.601217483333852 1547839.222199214999912
11099467.601217483333852 1547839.520785152499868
11099467.601217483333852 1547839.819371089999824
11099467.601217483333852 1547840.117957027499780
11099467.601217483333852 1547840.416542964999736
11099467.601217483333852 1547840.715128902499692
11099467.601217483333852 1547841.013714839999648
11099467.899798212500389 1547835.937753902500396
11099467.899798212500389 1547836.236339840000352
11099467.899798212500389 1547836.534925777500308
11099467.899798212500389 1547836.833511715000264
11099467.899798212500389 1547837.132097652500220
11099467.899798212500389 1547837.430683590000176
11099467.899798212500389 1547837.729269527500132
11099467.899798212500389 1547838.027855465000088
11099467.899798212500389 1547838.326441402500044
11099467.899798212500389 1547838.625027340000000
11099467.899798212500389 1547838.923613277499956
11099467.899798212500389 1547839.222199214999912
11099467.899798212500389 1547839.520785152499868
11099467.899798212500389 1547839.819371089999824
11099467.899798212500389 1547840.117957027499780
11099467.899798212500389 1547840.416542964999736
11099467.899798212500389 1547840.715128902499692
11099467.899798212500389 1547841.013714839999648
11099468.198378941666926 1547835.937753902500396
11099468.198378941666926 1547836.236339840000352
11099468.198378941666926 1547836.534925777500308
11099468.198378941666926 1547836.833511715000264
11099468.198378941666926 1547837.132097652500220
11099468.198378941666926 1547837.430683590000176
11099468.198378941666926 1547837.729269527500132
11099468.198378941666926 1547838.027855465000088
11099468.198378941666926 1547838.326441402500044
11099468.198378941666926 1547838.625027340000000
11099468.198378941666926 1547838.923613277499956
11099468.198378941666926 1547839.222199214999912
11099468.198378941666926 1547839.520785152499868
11099468.198378941666926 1547839.819371089999824
11099468.198378941666926 1547840.117957027499780
11099468.198378941666926 1547840.416542964999736
11099468.198378941666926 1547840.715128902499692
11099468.198378941666926 1547841.013714839999648
11099468.496959670833463 1547835.937753902500396
11099468.496959670833463 1547836.236339840000352
11099468.496959670833463 1547836.534925777500308
11099468.496959670833463 1547836.833511715000264
11099468.496959670833463 1547837.132097652500220
11099468.496959670833463 1547837.430683590000176
11099468.496959670833463 1547837.729269527500132
11099468.496959670833463 1547838.027855465000088
11099468.496959670833463 1547838.326441402500044
11099468.496959670833463 1547838.625027340000000
11099468.496959670833463 1547838.923613277499956
11099468.496959670833463 1547839.222199214999912
11099468.496959670833463 1547839.520785152499868
11099468.496959670833463 1547839.819371089999824
11099468.496959670833463 1547840.117957027499780
11099468.496959670833463 1547840.416542964999736
11099468.496959670833463 1547840.715128902499692
11099468.496959670833463 1547841.013714839999648
11099468.795540400000000 1547835.937753902500396
11099468.795540400000000 1547836.236339840000352
11099468.795540400000000 1547836.534925777500308
11099468.795540400000000 1547836.833511715000264
11099468.795540400000000 1547837.132097652500220
11099468.795540400000000 1547837.430683590000176
11099468.795540400000000 1547837.729269527500132
11099468.795540400000000 1547838.027855465000088
11099468.795540400000000 1547838.326441402500044
11099468.795540400000000 1547838.625027340000000
11099468.795540400000000 1547838.923613277499956
11099468.795540400000000 1547839.222199214999912
11099468.795540400000000 1547839.520785152499868
11099468.795540400000000 1547839.819371089999824
11099468.795540400000000 1547840.117957027499780
11099468.795540400000000 1547840.416542964999736
11099468.795540400000000 1547840.715128902499692
11099468.795540400000000 1547841.013714839999648
11099469.094121129166537 1547835.937753902500396
11099469.094121129166537 1547836.236339840000352
11099469.094121129166537 1547836.534925777500308
11099469.094121129166537 1547836.833511715000264
11099469.094121129166537 1547837.132097652500220
11099469.094121129166537 1547837.430683590000176
11099469.094121129166537 1547837.729269527500132
11099469.094121129166537 1547838.027855465000088
11099469.094121129166537 1547838.326441402500044
11099469.094121129166537 1547838.625027340000000
11099469.094121129166537 1547838.923613277499956
11099469.094121129166537 1547839.222199214999912
11099469.094121129166537 1547839.520785152499868
11099469.094121129166537 1547839.819371089999824
11099469.094121129166537 1547840.117957027499780
11099469.094121129166537 1547840.416542964999736
11099469.094121129166537 1547840.715128902499692
11099469.094121129166537 1547841.013714839999648
11099469.392701858333074 1547835.937753902500396
11099469.392701858333074 1547836.236339840000352
11099469.392701858333074 1547836.534925777500308
11099469.392701858333074 1547836.833511715000264
11099469.392701858333074 1547837.132097652500220
11099469.392701858333074 1547837.430683590000176
11099469.392701858333074 1547837.729269527500132
11099469.392701858333074 1547838.027855465000088
11099469.392701858333074 1547838.326441402500044
11099469.392701858333074 1547838.625027340000000
11099469.392701858333074 1547838.923613277499956
11099469.392701858333074 1547839.222199214999912
11099469.392701858333074 1547839.520785152499868
11099469.392701858333074 1547839.819371089999824
11099469.392701858333074 1547840.117957027499780
11099469.392701858333074 1547840.416542964999736
11099469.392701858333074 1547840.715128902499692
11099469.392701858333074 1547841.013714839999648
11099469.691282587499611 1547835.937753902500396
11099469.691282587499611 1547836.236339840000352
11099469.691282587499611 1547836.534925777500308
11099469.691282587499611 1547836.833511715000264
11099469.691282587499611 1547837.132097652500220
11099469.691282587499611 1547837.430683590000176
11099469.691282587499611 1547837.729269527500132
11099469.691282587499611 1547838.027855465000088
11099469.691282587499611 1547838.326441402500044
11099469.691282587499611 1547838.625027340000000
11099469.691282587499611 1547838.923613277499956
11099469.691282587499611 1547839.222199214999912
11099469.691282587499611 1547839.520785152499868
11099469.691282587499611 1547839.819371089999824
11099469.691282587499611 1547840.117957027499780
11099469.691282587499611 1547840.416542964999736
11099469.691282587499611 1547840.715128902499692
11099469.691282587499611 1547841.013714839999648
11099469.989863316666148 1547835.937753902500396
11099469.989863316666148 1547836.236339840000352
11099469.989863316666148 1547836.534925777500308
11099469.989863316666148 1547836.833511715000264
11099469.989863316666148 1547837.132097652500220
11099469.989863316666148 1547837.430683590000176
11099469.989863316666148 1547837.729269527500132
11099469.989863316666148 1547838.027855465000088
11099469.989863316666148 1547838.326441402500044
11099469.989863316666148 1547838.625027340000000
11099469.989863316666148 1547838.923613277499956
11099469.989863316666148 1547839.222199214999912
11099469.989863316666148 1547839.520785152499868
11099469.989863316666148 1547839.819371089999824
11099469.989863316666148 1547840.117957027499780
11099469.989863316666148 1547840.416542964999736
11099469.989863316666148 1547840.715128902499692
11099469.989863316666148 1547841.013714839999648
11099470.288444045832685 1547835.937753902500396
11099470.288444045832685 1547836.236339840000352
11099470.288444045832685 1547836.534925777500308
11099470.288444045832685 1547836.833511715000264
11099470.288444045832685 1547837.132097652500220
11099470.288444045832685 1547837.430683590000176
11099470.288444045832685 1547837.729269527500132
11099470.288444045832685 1547838.027855465000088
11099470.288444045832685 1547838.326441402500044
11099470.288444045832685 1547838.625027340000000
11099470.288444045832685 1547838.923613277499956
11099470.288444045832685 1547839.222199214999912
11099470.288444045832685 1547839.520785152499868
11099470.288444045832685 1547839.819371089999824
11099470.288444045832685 1547840.117957027499780
11099470.288444045832685 1547840.416542964999736
11099470.288444045832685 1547840.715128902499692
11099470.288444045832685 1547841.013714839999648
11099470.587024774999222 1547835.937753902500396
11099470.587024774999222 1547836.236339840000352
11099470.587024774999222 1547836.534925777500308
11099470.587024774999222 1547836.833511715000264
11099470.587024774999222 1547837.132097652500220
11099470.587024774999222 1547837.430683590000176
11099470.587024774999222 1547837.729269527500132
11099470.587024774999222 1547838.027855465000088
11099470.587024774999222 1547838.326441402500044
11099470.587024774999222 1547838.625027340000000
11099470.587024774999222 1547838.923613277499956
11099470.587024774999222 1547839.222199214999912
11099470.587024774999222 1547839.520785152499868
11099470.587024774999222 1547839.819371089999824
11099470.587024774999222 1547840.117957027499780
11099470.587024774999222 1547840.416542964999736
11099470.587024774999222 1547840.715128902499692
11099470.587024774999222 1547841.013714839999648
11099470.885605504165759 1547835.937753902500396
11099470.885605504165759 1547836.236339840000352
11099470.885605504165759 1547836.534925777500308
11099470.885605504165759 1547836.833511715000264
11099470.885605504165759 1547837.132097652500220
11099470.885605504165759 1547837.430683590000176
11099470.885605504165759 1547837.729269527500132
11099470.885605504165759 1547838.027855465000088
11099470.885605504165759 1547838.326441402500044
11099470.885605504165759 1547838.625027340000000
11099470.885605504165759 1547838.923613277499956
11099470.885605504165759 1547839.222199214999912
11099470.885605504165759 1547839.520785152499868
11099470.885605504165759 1547839.819371089999824
11099470.885605504165759 1547840.117957027499780
11099470.885605504165759 1547840.416542964999736
11099470.885605504165759 1547840.715128902499692
11099470.885605504165759 1547841.013714839999648
11099471.184186233332296 1547835.937753902500396
11099471.184186233332296 1547836.236339840000352
11099471.184186233332296 1547836.534925777500308
11099471.184186233332296 1547836.833511715000264
11099471.184186233332296 1547837.132097652500220
11099471.184186233332296 1547837.430683590000176
11099471.184186233332296 1547837.729269527500132
11099471.184186233332296 1547838.027855465000088
11099471.184186233332296 1547838.326441402500044
11099471.184186233332296 1547838.625027340000000
11099471.184186233332296 1547838.923613277499956
11099471.184186233332296 1547839.222199214999912
11099471.184186233332296 1547839.520785152499868
11099471.184186233332296 1547839.819371089999824
11099471.184186233332296 1547840.117957027499780
11099471.184186233332296 1547840.416542964999736
11099471.184186233332296 1547840.715128902499692
11099471.184186233332296 1547841.013714839999648
