11098915.525449237501167 1547644.245582032500396
11098915.525449237501167 1547644.544167970000352
11098915.525449237501167 1547644.842753907500308
11098915.525449237501167 1547645.141339845000264
11098915.525449237501167 1547645.439925782500220
11098915.525449237501167 1547645.738511720000176
11098915.525449237501167 1547646.037097657500132
11098915.525449237501167 1547646.335683595000088
11098915.525449237501167 1547646.634269532500044
11098915.525449237501167 1547646.932855470000000
11098915.525449237501167 1547647.231441407499956
11098915.525449237501167 1547647.530027344999912
11098915.525449237501167 1547647.828613282499868
11098915.525449237501167 1547648.127199219999824
11098915.525449237501167 1547648.425785157499780
11098915.525449237501167 1547648.724371094999736
11098915.525449237501167 1547649.022957032499692
11098915.525449237501167 1547649.321542969999648
11098915.824029966667704 1547644.245582032500396
11098915.824029966667704 1547644.544167970000352
11098915.824029966667704 1547644.842753907500308
11098915.824029966667704 1547645.141339845000264
11098915.824029966667704 1547645.439925782500220
11098915.824029966667704 1547645.738511720000176
11098915.824029966667704 1547646.037097657500132
11098915.824029966667704 1547646.335683595000088
11098915.824029966667704 1547646.634269532500044
11098915.824029966667704 1547646.932855470000000
11098915.824029966667704 1547647.231441407499956
11098915.824029966667704 1547647.530027344999912
11098915.824029966667704 1547647.828613282499868
11098915.824029966667704 1547648.127199219999824
11098915.824029966667704 1547648.425785157499780
11098915.824029966667704 1547648.724371094999736
11098915.824029966667704 1547649.022957032499692
11098915.824029966667704 1547649.321542969999648
11098916.122610695834241 1547644.245582032500396
11098916.122610695834241 1547644.544167970000352
11098916.122610695834241 1547644.842753907500308
11098916.122610695834241 1547645.141339845000264
11098916.122610695834241 1547645.439925782500220
11098916.122610695834241 1547645.738511720000176
11098916.122610695834241 1547646.037097657500132
11098916.122610695834241 1547646.335683595000088
11098916.122610695834241 1547646.634269532500044
11098916.122610695834241 1547646.932855470000000
11098916.122610695834241 1547647.231441407499956
11098916.122610695834241 1547647.530027344999912
11098916.122610695834241 1547647.828613282499868
11098916.122610695834241 1547648.127199219999824
11098916.122610695834241 1547648.425785157499780
11098916.122610695834241 1547648.724371094999736
11098916.122610695834241 1547649.022957032499692
11098916.122610695834241 1547649.321542969999648
11098916.421191425000778 1547644.245582032500396
11098916.421191425000778 1547644.544167970000352
11098916.421191425000778 1547644.842753907500308
11098916.421191425000778 1547645.141339845000264
11098916.421191425000778 1547645.439925782500220
11098916.421191425000778 1547645.738511720000176
11098916.421191425000778 1547646.037097657500132
11098916.421191425000778 1547646.335683595000088
11098916.421191425000778 1547646.634269532500044
11098916.421191425000778 1547646.932855470000000
11098916.421191425000778 1547647.231441407499956
11098916.421191425000778 1547647.530027344999912
11098916.421191425000778 1547647.828613282499868
11098916.421191425000778 1547648.127199219999824
11098916.421191425000778 1547648.425785157499780
11098916.421191425000778 1547648.724371094999736
11098916.421191425000778 1547649.022957032499692
11098916.421191425000778 1547649.321542969999648
11098916.719772154167315 1547644.245582032500396
11098916.719772154167315 1547644.544167970000352
11098916.719772154167315 1547644.842753907500308
11098916.719772154167315 1547645.141339845000264
11098916.719772154167315 1547645.439925782500220
11098916.719772154167315 1547645.738511720000176
11098916.719772154167315 1547646.037097657500132
11098916.719772154167315 1547646.335683595000088
11098916.719772154167315 1547646.634269532500044
11098916.719772154167315 1547646.932855470000000
11098916.719772154167315 1547647.231441407499956
11098916.719772154167315 1547647.530027344999912
11098916.719772154167315 1547647.828613282499868
11098916.719772154167315 1547648.127199219999824
11098916.719772154167315 1547648.425785157499780
11098916.719772154167315 1547648.724371094999736
11098916.719772154167315 1547649.022957032499692
11098916.719772154167315 1547649.321542969999648
11098917.018352883333852 1547644.245582032500396
11098917.018352883333852 1547644.544167970000352
11098917.018352883333852 1547644.842753907500308
11098917.018352883333852 1547645.141339845000264
11098917.018352883333852 1547645.439925782500220
11098917.018352883333852 1547645.738511720000176
11098917.018352883333852 1547646.037097657500132
11098917.018352883333852 1547646.335683595000088
11098917.018352883333852 1547646.634269532500044
11098917.018352883333852 1547646.932855470000000
11098917.018352883333852 1547647.231441407499956
11098917.018352883333852 1547647.530027344999912
11098917.018352883333852 1547647.828613282499868
11098917.018352883333852 1547648.127199219999824
11098917.018352883333852 1547648.425785157499780
11098917.018352883333852 1547648.724371094999736
11098917.018352883333852 1547649.022957032499692
11098917.018352883333852 1547649.321542969999648
11098917.316933612500389 1547644.245582032500396
11098917.316933612500389 1547644.544167970000352
11098917.316933612500389 1547644.842753907500308
11098917.316933612500389 1547645.141339845000264
11098917.316933612500389 1547645.439925782500220
11098917.316933612500389 1547645.738511720000176
11098917.316933612500389 1547646.037097657500132
11098917.316933612500389 1547646.335683595000088
11098917.316933612500389 1547646.634269532500044
11098917.316933612500389 1547646.932855470000000
11098917.316933612500389 1547647.231441407499956
11098917.316933612500389 1547647.530027344999912
11098917.316933612500389 1547647.828613282499868
11098917.316933612500389 1547648.127199219999824
11098917.316933612500389 1547648.425785157499780
11098917.316933612500389 1547648.724371094999736
11098917.316933612500389 1547649.022957032499692
11098917.316933612500389 1547649.321542969999648
11098917.615514341666926 1547644.245582032500396
11098917.615514341666926 1547644.544167970000352
11098917.615514341666926 1547644.842753907500308
11098917.615514341666926 1547645.141339845000264
11098917.615514341666926 1547645.439925782500220
11098917.615514341666926 1547645.738511720000176
11098917.615514341666926 1547646.037097657500132
11098917.615514341666926 1547646.335683595000088
11098917.615514341666926 1547646.634269532500044
11098917.615514341666926 1547646.932855470000000
11098917.615514341666926 1547647.231441407499956
11098917.615514341666926 1547647.530027344999912
11098917.615514341666926 1547647.828613282499868
11098917.615514341666926 1547648.127199219999824
11098917.615514341666926 1547648.425785157499780
11098917.615514341666926 1547648.724371094999736
11098917.615514341666926 1547649.022957032499692
11098917.615514341666926 1547649.321542969999648
11098917.914095070833463 1547644.245582032500396
11098917.914095070833463 1547644.544167970000352
11098917.914095070833463 1547644.842753907500308
11098917.914095070833463 1547645.141339845000264
11098917.914095070833463 1547645.439925782500220
11098917.914095070833463 1547645.738511720000176
11098917.914095070833463 1547646.037097657500132
11098917.914095070833463 1547646.335683595000088
11098917.914095070833463 1547646.634269532500044
11098917.914095070833463 1547646.932855470000000
11098917.914095070833463 1547647.231441407499956
11098917.914095070833463 1547647.530027344999912
11098917.914095070833463 1547647.828613282499868
11098917.914095070833463 1547648.127199219999824
11098917.914095070833463 1547648.425785157499780
11098917.914095070833463 1547648.724371094999736
11098917.914095070833463 1547649.022957032499692
11098917.914095070833463 1547649.321542969999648
11098918.212675800000000 1547644.245582032500396
11098918.212675800000000 1547644.544167970000352
11098918.212675800000000 1547644.842753907500308
11098918.212675800000000 1547645.141339845000264
11098918.212675800000000 1547645.439925782500220
11098918.212675800000000 1547645.738511720000176
11098918.212675800000000 1547646.037097657500132
11098918.212675800000000 1547646.335683595000088
11098918.212675800000000 1547646.634269532500044
11098918.212675800000000 1547646.932855470000000
11098918.212675800000000 1547647.231441407499956
11098918.212675800000000 1547647.530027344999912
11098918.212675800000000 1547647.828613282499868
11098918.212675800000000 1547648.127199219999824
11098918.212675800000000 1547648.425785157499780
11098918.212675800000000 1547648.724371094999736
11098918.212675800000000 1547649.022957032499692
11098918.212675800000000 1547649.321542969999648
11098918.511256529166537 1547644.245582032500396
11098918.511256529166537 1547644.544167970000352
11098918.511256529166537 1547644.842753907500308
11098918.511256529166537 1547645.141339845000264
11098918.511256529166537 1547645.439925782500220
11098918.511256529166537 1547645.738511720000176
11098918.511256529166537 1547646.037097657500132
11098918.511256529166537 1547646.335683595000088
11098918.511256529166537 1547646.634269532500044
11098918.511256529166537 1547646.932855470000000
11098918.511256529166537 1547647.231441407499956
11098918.511256529166537 1547647.530027344999912
11098918.511256529166537 1547647.828613282499868
11098918.511256529166537 1547648.127199219999824
11098918.511256529166537 1547648.425785157499780
11098918.511256529166537 1547648.724371094999736
11098918.511256529166537 1547649.022957032499692
11098918.511256529166537 1547649.321542969999648
11098918.809837258333074 1547644.245582032500396
11098918.809837258333074 1547644.544167970000352
11098918.809837258333074 1547644.842753907500308
11098918.809837258333074 1547645.141339845000264
11098918.809837258333074 1547645.439925782500220
11098918.809837258333074 1547645.738511720000176
11098918.809837258333074 1547646.037097657500132
11098918.809837258333074 1547646.335683595000088
11098918.809837258333074 1547646.634269532500044
11098918.809837258333074 1547646.932855470000000
11098918.809837258333074 1547647.231441407499956
11098918.809837258333074 1547647.530027344999912
11098918.809837258333074 1547647.828613282499868
11098918.809837258333074 1547648.127199219999824
11098918.809837258333074 1547648.425785157499780
11098918.809837258333074 1547648.724371094999736
11098918.809837258333074 1547649.022957032499692
11098918.809837258333074 1547649.321542969999648
11098919.108417987499611 1547644.245582032500396
11098919.108417987499611 1547644.544167970000352
11098919.108417987499611 1547644.842753907500308
11098919.108417987499611 1547645.141339845000264
11098919.108417987499611 1547645.439925782500220
11098919.108417987499611 1547645.738511720000176
11098919.108417987499611 1547646.037097657500132
11098919.108417987499611 1547646.335683595000088
11098919.108417987499611 1547646.634269532500044
11098919.108417987499611 1547646.932855470000000
11098919.108417987499611 1547647.231441407499956
11098919.108417987499611 1547647.530027344999912
11098919.108417987499611 1547647.828613282499868
11098919.108417987499611 1547648.127199219999824
11098919.108417987499611 1547648.425785157499780
11098919.108417987499611 1547648.724371094999736
11098919.108417987499611 1547649.022957032499692
11098919.108417987499611 1547649.321542969999648
11098919.406998716666148 1547644.245582032500396
11098919.406998716666148 1547644.544167970000352
11098919.406998716666148 1547644.842753907500308
11098919.406998716666148 1547645.141339845000264
11098919.406998716666148 1547645.439925782500220
11098919.406998716666148 1547645.738511720000176
11098919.406998716666148 1547646.037097657500132
11098919.406998716666148 1547646.335683595000088
11098919.406998716666148 1547646.634269532500044
11098919.406998716666148 1547646.932855470000000
11098919.406998716666148 1547647.231441407499956
11098919.406998716666148 1547647.530027344999912
11098919.406998716666148 1547647.828613282499868
11098919.406998716666148 1547648.127199219999824
11098919.406998716666148 1547648.425785157499780
11098919.406998716666148 1547648.724371094999736
11098919.406998716666148 1547649.022957032499692
11098919.406998716666148 1547649.321542969999648
11098919.705579445832685 1547644.245582032500396
11098919.705579445832685 1547644.544167970000352
11098919.705579445832685 1547644.842753907500308
11098919.705579445832685 1547645.141339845000264
11098919.705579445832685 1547645.439925782500220
11098919.705579445832685 1547645.738511720000176
11098919.705579445832685 1547646.037097657500132
11098919.705579445832685 1547646.335683595000088
11098919.705579445832685 1547646.634269532500044
11098919.705579445832685 1547646.932855470000000
11098919.705579445832685 1547647.231441407499956
11098919.705579445832685 1547647.530027344999912
11098919.705579445832685 1547647.828613282499868
11098919.705579445832685 1547648.127199219999824
11098919.705579445832685 1547648.425785157499780
11098919.705579445832685 1547648.724371094999736
11098919.705579445832685 1547649.022957032499692
11098919.705579445832685 1547649.321542969999648
11098920.004160174999222 1547644.245582032500396
11098920.004160174999222 1547644.544167970000352
11098920.004160174999222 1547644.842753907500308
11098920.004160174999222 1547645.141339845000264
11098920.004160174999222 1547645.439925782500220
11098920.004160174999222 1547645.738511720000176
11098920.004160174999222 1547646.037097657500132
11098920.004160174999222 1547646.335683595000088
11098920.004160174999222 1547646.634269532500044
11098920.004160174999222 1547646.932855470000000
11098920.004160174999222 1547647.231441407499956
11098920.004160174999222 1547647.530027344999912
11098920.004160174999222 1547647.828613282499868
11098920.004160174999222 1547648.127199219999824
11098920.004160174999222 1547648.425785157499780
11098920.004160174999222 1547648.724371094999736
11098920.004160174999222 1547649.022957032499692
11098920.004160174999222 1547649.321542969999648
11098920.302740904165759 1547644.245582032500396
11098920.302740904165759 1547644.544167970000352
11098920.302740904165759 1547644.842753907500308
11098920.302740904165759 1547645.141339845000264
11098920.302740904165759 1547645.439925782500220
11098920.302740904165759 1547645.738511720000176
11098920.302740904165759 1547646.037097657500132
11098920.302740904165759 1547646.335683595000088
11098920.302740904165759 1547646.634269532500044
11098920.302740904165759 1547646.932855470000000
11098920.302740904165759 1547647.231441407499956
11098920.302740904165759 1547647.530027344999912
11098920.302740904165759 1547647.828613282499868
11098920.302740904165759 1547648.127199219999824
11098920.302740904165759 1547648.425785157499780
11098920.302740904165759 1547648.724371094999736
11098920.302740904165759 1547649.022957032499692
11098920.302740904165759 1547649.321542969999648
11098920.601321633332296 1547644.245582032500396
11098920.601321633332296 1547644.544167970000352
11098920.601321633332296 1547644.842753907500308
11098920.601321633332296 1547645.141339845000264
11098920.601321633332296 1547645.439925782500220
11098920.601321633332296 1547645.738511720000176
11098920.601321633332296 1547646.037097657500132
11098920.601321633332296 1547646.335683595000088
11098920.601321633332296 1547646.634269532500044
11098920.601321633332296 1547646.932855470000000
11098920.601321633332296 1547647.231441407499956
11098920.601321633332296 1547647.530027344999912
11098920.601321633332296 1547647.828613282499868
11098920.601321633332296 1547648.127199219999824
11098920.601321633332296 1547648.425785157499780
11098920.601321633332296 1547648.724371094999736
11098920.601321633332296 1547649.022957032499692
11098920.601321633332296 1547649.321542969999648
