11099114.678795537501167 1547553.475457032500396
11099114.678795537501167 1547553.774042970000352
11099114.678795537501167 1547554.072628907500308
11099114.678795537501167 1547554.371214845000264
11099114.678795537501167 1547554.669800782500220
11099114.678795537501167 1547554.968386720000176
11099114.678795537501167 1547555.266972657500132
11099114.678795537501167 1547555.565558595000088
11099114.678795537501167 1547555.864144532500044
11099114.678795537501167 1547556.162730470000000
11099114.678795537501167 1547556.461316407499956
11099114.678795537501167 1547556.759902344999912
11099114.678795537501167 1547557.058488282499868
11099114.678795537501167 1547557.357074219999824
11099114.678795537501167 1547557.655660157499780
11099114.678795537501167 1547557.954246094999736
11099114.678795537501167 1547558.252832032499692
11099114.678795537501167 1547558.551417969999648
11099114.977376266667704 1547553.475457032500396
11099114.977376266667704 1547553.774042970000352
11099114.977376266667704 1547554.072628907500308
11099114.977376266667704 1547554.371214845000264
11099114.977376266667704 1547554.669800782500220
11099114.977376266667704 1547554.968386720000176
11099114.977376266667704 1547555.266972657500132
11099114.977376266667704 1547555.565558595000088
11099114.977376266667704 1547555.864144532500044
11099114.977376266667704 1547556.162730470000000
11099114.977376266667704 1547556.461316407499956
11099114.977376266667704 1547556.759902344999912
11099114.977376266667704 1547557.058488282499868
11099114.977376266667704 1547557.357074219999824
11099114.977376266667704 1547557.655660157499780
11099114.977376266667704 1547557.954246094999736
11099114.977376266667704 1547558.252832032499692
11099114.977376266667704 1547558.551417969999648
11099115.275956995834241 1547553.475457032500396
11099115.275956995834241 1547553.774042970000352
11099115.275956995834241 1547554.072628907500308
11099115.275956995834241 1547554.371214845000264
11099115.275956995834241 1547554.669800782500220
11099115.275956995834241 1547554.968386720000176
11099115.275956995834241 1547555.266972657500132
11099115.275956995834241 1547555.565558595000088
11099115.275956995834241 1547555.864144532500044
11099115.275956995834241 1547556.162730470000000
11099115.275956995834241 1547556.461316407499956
11099115.275956995834241 1547556.759902344999912
11099115.275956995834241 1547557.058488282499868
11099115.275956995834241 1547557.357074219999824
11099115.275956995834241 1547557.655660157499780
11099115.275956995834241 1547557.954246094999736
11099115.275956995834241 1547558.252832032499692
11099115.275956995834241 1547558.551417969999648
11099115.574537725000778 1547553.475457032500396
11099115.574537725000778 1547553.774042970000352
11099115.574537725000778 1547554.072628907500308
11099115.574537725000778 1547554.371214845000264
11099115.574537725000778 1547554.669800782500220
11099115.574537725000778 1547554.968386720000176
11099115.574537725000778 1547555.266972657500132
11099115.574537725000778 1547555.565558595000088
11099115.574537725000778 1547555.864144532500044
11099115.574537725000778 1547556.162730470000000
11099115.574537725000778 1547556.461316407499956
11099115.574537725000778 1547556.759902344999912
11099115.574537725000778 1547557.058488282499868
11099115.574537725000778 1547557.357074219999824
11099115.574537725000778 1547557.655660157499780
11099115.574537725000778 1547557.954246094999736
11099115.574537725000778 1547558.252832032499692
11099115.574537725000778 1547558.551417969999648
11099115.873118454167315 1547553.475457032500396
11099115.873118454167315 1547553.774042970000352
11099115.873118454167315 1547554.072628907500308
11099115.873118454167315 1547554.371214845000264
11099115.873118454167315 1547554.669800782500220
11099115.873118454167315 1547554.968386720000176
11099115.873118454167315 1547555.266972657500132
11099115.873118454167315 1547555.565558595000088
11099115.873118454167315 1547555.864144532500044
11099115.873118454167315 1547556.162730470000000
11099115.873118454167315 1547556.461316407499956
11099115.873118454167315 1547556.759902344999912
11099115.873118454167315 1547557.058488282499868
11099115.873118454167315 1547557.357074219999824
11099115.873118454167315 1547557.655660157499780
11099115.873118454167315 1547557.954246094999736
11099115.873118454167315 1547558.252832032499692
11099115.873118454167315 1547558.551417969999648
11099116.171699183333852 1547553.475457032500396
11099116.171699183333852 1547553.774042970000352
11099116.171699183333852 1547554.072628907500308
11099116.171699183333852 1547554.371214845000264
11099116.171699183333852 1547554.669800782500220
11099116.171699183333852 1547554.968386720000176
11099116.171699183333852 1547555.266972657500132
11099116.171699183333852 1547555.565558595000088
11099116.171699183333852 1547555.864144532500044
11099116.171699183333852 1547556.162730470000000
11099116.171699183333852 1547556.461316407499956
11099116.171699183333852 1547556.759902344999912
11099116.171699183333852 1547557.058488282499868
11099116.171699183333852 1547557.357074219999824
11099116.171699183333852 1547557.655660157499780
11099116.171699183333852 1547557.954246094999736
11099116.171699183333852 1547558.252832032499692
11099116.171699183333852 1547558.551417969999648
11099116.470279912500389 1547553.475457032500396
11099116.470279912500389 1547553.774042970000352
11099116.470279912500389 1547554.072628907500308
11099116.470279912500389 1547554.371214845000264
11099116.470279912500389 1547554.669800782500220
11099116.470279912500389 1547554.968386720000176
11099116.470279912500389 1547555.266972657500132
11099116.470279912500389 1547555.565558595000088
11099116.470279912500389 1547555.864144532500044
11099116.470279912500389 1547556.162730470000000
11099116.470279912500389 1547556.461316407499956
11099116.470279912500389 1547556.759902344999912
11099116.470279912500389 1547557.058488282499868
11099116.470279912500389 1547557.357074219999824
11099116.470279912500389 1547557.655660157499780
11099116.470279912500389 1547557.954246094999736
11099116.470279912500389 1547558.252832032499692
11099116.470279912500389 1547558.551417969999648
11099116.768860641666926 1547553.475457032500396
11099116.768860641666926 1547553.774042970000352
11099116.768860641666926 1547554.072628907500308
11099116.768860641666926 1547554.371214845000264
11099116.768860641666926 1547554.669800782500220
11099116.768860641666926 1547554.968386720000176
11099116.768860641666926 1547555.266972657500132
11099116.768860641666926 1547555.565558595000088
11099116.768860641666926 1547555.864144532500044
11099116.768860641666926 1547556.162730470000000
11099116.768860641666926 1547556.461316407499956
11099116.768860641666926 1547556.759902344999912
11099116.768860641666926 1547557.058488282499868
11099116.768860641666926 1547557.357074219999824
11099116.768860641666926 1547557.655660157499780
11099116.768860641666926 1547557.954246094999736
11099116.768860641666926 1547558.252832032499692
11099116.768860641666926 1547558.551417969999648
11099117.067441370833463 1547553.475457032500396
11099117.067441370833463 1547553.774042970000352
11099117.067441370833463 1547554.072628907500308
11099117.067441370833463 1547554.371214845000264
11099117.067441370833463 1547554.669800782500220
11099117.067441370833463 1547554.968386720000176
11099117.067441370833463 1547555.266972657500132
11099117.067441370833463 1547555.565558595000088
11099117.067441370833463 1547555.864144532500044
11099117.067441370833463 1547556.162730470000000
11099117.067441370833463 1547556.461316407499956
11099117.067441370833463 1547556.759902344999912
11099117.067441370833463 1547557.058488282499868
11099117.067441370833463 1547557.357074219999824
11099117.067441370833463 1547557.655660157499780
11099117.067441370833463 1547557.954246094999736
11099117.067441370833463 1547558.252832032499692
11099117.067441370833463 1547558.551417969999648
11099117.366022100000000 1547553.475457032500396
11099117.366022100000000 1547553.774042970000352
11099117.366022100000000 1547554.072628907500308
11099117.366022100000000 1547554.371214845000264
11099117.366022100000000 1547554.669800782500220
11099117.366022100000000 1547554.968386720000176
11099117.366022100000000 1547555.266972657500132
11099117.366022100000000 1547555.565558595000088
11099117.366022100000000 1547555.864144532500044
11099117.366022100000000 1547556.162730470000000
11099117.366022100000000 1547556.461316407499956
11099117.366022100000000 1547556.759902344999912
11099117.366022100000000 1547557.058488282499868
11099117.366022100000000 1547557.357074219999824
11099117.366022100000000 1547557.655660157499780
11099117.366022100000000 1547557.954246094999736
11099117.366022100000000 1547558.252832032499692
11099117.366022100000000 1547558.551417969999648
11099117.664602829166537 1547553.475457032500396
11099117.664602829166537 1547553.774042970000352
11099117.664602829166537 1547554.072628907500308
11099117.664602829166537 1547554.371214845000264
11099117.664602829166537 1547554.669800782500220
11099117.664602829166537 1547554.968386720000176
11099117.664602829166537 1547555.266972657500132
11099117.664602829166537 1547555.565558595000088
11099117.664602829166537 1547555.864144532500044
11099117.664602829166537 1547556.162730470000000
11099117.664602829166537 1547556.461316407499956
11099117.664602829166537 1547556.759902344999912
11099117.664602829166537 1547557.058488282499868
11099117.664602829166537 1547557.357074219999824
11099117.664602829166537 1547557.655660157499780
11099117.664602829166537 1547557.954246094999736
11099117.664602829166537 1547558.252832032499692
11099117.664602829166537 1547558.551417969999648
11099117.963183558333074 1547553.475457032500396
11099117.963183558333074 1547553.774042970000352
11099117.963183558333074 1547554.072628907500308
11099117.963183558333074 1547554.371214845000264
11099117.963183558333074 1547554.669800782500220
11099117.963183558333074 1547554.968386720000176
11099117.963183558333074 1547555.266972657500132
11099117.963183558333074 1547555.565558595000088
11099117.963183558333074 1547555.864144532500044
11099117.963183558333074 1547556.162730470000000
11099117.963183558333074 1547556.461316407499956
11099117.963183558333074 1547556.759902344999912
11099117.963183558333074 1547557.058488282499868
11099117.963183558333074 1547557.357074219999824
11099117.963183558333074 1547557.655660157499780
11099117.963183558333074 1547557.954246094999736
11099117.963183558333074 1547558.252832032499692
11099117.963183558333074 1547558.551417969999648
11099118.261764287499611 1547553.475457032500396
11099118.261764287499611 1547553.774042970000352
11099118.261764287499611 1547554.072628907500308
11099118.261764287499611 1547554.371214845000264
11099118.261764287499611 1547554.669800782500220
11099118.261764287499611 1547554.968386720000176
11099118.261764287499611 1547555.266972657500132
11099118.261764287499611 1547555.565558595000088
11099118.261764287499611 1547555.864144532500044
11099118.261764287499611 1547556.162730470000000
11099118.261764287499611 1547556.461316407499956
11099118.261764287499611 1547556.759902344999912
11099118.261764287499611 1547557.058488282499868
11099118.261764287499611 1547557.357074219999824
11099118.261764287499611 1547557.655660157499780
11099118.261764287499611 1547557.954246094999736
11099118.261764287499611 1547558.252832032499692
11099118.261764287499611 1547558.551417969999648
11099118.560345016666148 1547553.475457032500396
11099118.560345016666148 1547553.774042970000352
11099118.560345016666148 1547554.072628907500308
11099118.560345016666148 1547554.371214845000264
11099118.560345016666148 1547554.669800782500220
11099118.560345016666148 1547554.968386720000176
11099118.560345016666148 1547555.266972657500132
11099118.560345016666148 1547555.565558595000088
11099118.560345016666148 1547555.864144532500044
11099118.560345016666148 1547556.162730470000000
11099118.560345016666148 1547556.461316407499956
11099118.560345016666148 1547556.759902344999912
11099118.560345016666148 1547557.058488282499868
11099118.560345016666148 1547557.357074219999824
11099118.560345016666148 1547557.655660157499780
11099118.560345016666148 1547557.954246094999736
11099118.560345016666148 1547558.252832032499692
11099118.560345016666148 1547558.551417969999648
11099118.858925745832685 1547553.475457032500396
11099118.858925745832685 1547553.774042970000352
11099118.858925745832685 1547554.072628907500308
11099118.858925745832685 1547554.371214845000264
11099118.858925745832685 1547554.669800782500220
11099118.858925745832685 1547554.968386720000176
11099118.858925745832685 1547555.266972657500132
11099118.858925745832685 1547555.565558595000088
11099118.858925745832685 1547555.864144532500044
11099118.858925745832685 1547556.162730470000000
11099118.858925745832685 1547556.461316407499956
11099118.858925745832685 1547556.759902344999912
11099118.858925745832685 1547557.058488282499868
11099118.858925745832685 1547557.357074219999824
11099118.858925745832685 1547557.655660157499780
11099118.858925745832685 1547557.954246094999736
11099118.858925745832685 1547558.252832032499692
11099118.858925745832685 1547558.551417969999648
11099119.157506474999222 1547553.475457032500396
11099119.157506474999222 1547553.774042970000352
11099119.157506474999222 1547554.072628907500308
11099119.157506474999222 1547554.371214845000264
11099119.157506474999222 1547554.669800782500220
11099119.157506474999222 1547554.968386720000176
11099119.157506474999222 1547555.266972657500132
11099119.157506474999222 1547555.565558595000088
11099119.157506474999222 1547555.864144532500044
11099119.157506474999222 1547556.162730470000000
11099119.157506474999222 1547556.461316407499956
11099119.157506474999222 1547556.759902344999912
11099119.157506474999222 1547557.058488282499868
11099119.157506474999222 1547557.357074219999824
11099119.157506474999222 1547557.655660157499780
11099119.157506474999222 1547557.954246094999736
11099119.157506474999222 1547558.252832032499692
11099119.157506474999222 1547558.551417969999648
11099119.456087204165759 1547553.475457032500396
11099119.456087204165759 1547553.774042970000352
11099119.456087204165759 1547554.072628907500308
11099119.456087204165759 1547554.371214845000264
11099119.456087204165759 1547554.669800782500220
11099119.456087204165759 1547554.968386720000176
11099119.456087204165759 1547555.266972657500132
11099119.456087204165759 1547555.565558595000088
11099119.456087204165759 1547555.864144532500044
11099119.456087204165759 1547556.162730470000000
11099119.456087204165759 1547556.461316407499956
11099119.456087204165759 1547556.759902344999912
11099119.456087204165759 1547557.058488282499868
11099119.456087204165759 1547557.357074219999824
11099119.456087204165759 1547557.655660157499780
11099119.456087204165759 1547557.954246094999736
11099119.456087204165759 1547558.252832032499692
11099119.456087204165759 1547558.551417969999648
11099119.754667933332296 1547553.475457032500396
11099119.754667933332296 1547553.774042970000352
11099119.754667933332296 1547554.072628907500308
11099119.754667933332296 1547554.371214845000264
11099119.754667933332296 1547554.669800782500220
11099119.754667933332296 1547554.968386720000176
11099119.754667933332296 1547555.266972657500132
11099119.754667933332296 1547555.565558595000088
11099119.754667933332296 1547555.864144532500044
11099119.754667933332296 1547556.162730470000000
11099119.754667933332296 1547556.461316407499956
11099119.754667933332296 1547556.759902344999912
11099119.754667933332296 1547557.058488282499868
11099119.754667933332296 1547557.357074219999824
11099119.754667933332296 1547557.655660157499780
11099119.754667933332296 1547557.954246094999736
11099119.754667933332296 1547558.252832032499692
11099119.754667933332296 1547558.551417969999648
