11099456.255149737501167 1547835.937753902500396
11099456.255149737501167 1547836.236339840000352
11099456.255149737501167 1547836.534925777500308
11099456.255149737501167 1547836.833511715000264
11099456.255149737501167 1547837.132097652500220
11099456.255149737501167 1547837.430683590000176
11099456.255149737501167 1547837.729269527500132
11099456.255149737501167 1547838.027855465000088
11099456.255149737501167 1547838.326441402500044
11099456.255149737501167 1547838.625027340000000
11099456.255149737501167 1547838.923613277499956
11099456.255149737501167 1547839.222199214999912
11099456.255149737501167 1547839.520785152499868
11099456.255149737501167 1547839.819371089999824
11099456.255149737501167 1547840.117957027499780
11099456.255149737501167 1547840.416542964999736
11099456.255149737501167 1547840.715128902499692
11099456.255149737501167 1547841.013714839999648
11099456.553730466667704 1547835.937753902500396
11099456.553730466667704 1547836.236339840000352
11099456.553730466667704 1547836.534925777500308
11099456.553730466667704 1547836.833511715000264
11099456.553730466667704 1547837.132097652500220
11099456.553730466667704 1547837.430683590000176
11099456.553730466667704 1547837.729269527500132
11099456.553730466667704 1547838.027855465000088
11099456.553730466667704 1547838.326441402500044
11099456.553730466667704 1547838.625027340000000
11099456.553730466667704 1547838.923613277499956
11099456.553730466667704 1547839.222199214999912
11099456.553730466667704 1547839.520785152499868
11099456.553730466667704 1547839.819371089999824
11099456.553730466667704 1547840.117957027499780
11099456.553730466667704 1547840.416542964999736
11099456.553730466667704 1547840.715128902499692
11099456.553730466667704 1547841.013714839999648
11099456.852311195834241 1547835.937753902500396
11099456.852311195834241 1547836.236339840000352
11099456.852311195834241 1547836.534925777500308
11099456.852311195834241 1547836.833511715000264
11099456.852311195834241 1547837.132097652500220
11099456.852311195834241 1547837.430683590000176
11099456.852311195834241 1547837.729269527500132
11099456.852311195834241 1547838.027855465000088
11099456.852311195834241 1547838.326441402500044
11099456.852311195834241 1547838.625027340000000
11099456.852311195834241 1547838.923613277499956
11099456.852311195834241 1547839.222199214999912
11099456.852311195834241 1547839.520785152499868
11099456.852311195834241 1547839.819371089999824
11099456.852311195834241 1547840.117957027499780
11099456.852311195834241 1547840.416542964999736
11099456.852311195834241 1547840.715128902499692
11099456.852311195834241 1547841.013714839999648
11099457.150891925000778 1547835.937753902500396
11099457.150891925000778 1547836.236339840000352
11099457.150891925000778 1547836.534925777500308
11099457.150891925000778 1547836.833511715000264
11099457.150891925000778 1547837.132097652500220
11099457.150891925000778 1547837.430683590000176
11099457.150891925000778 1547837.729269527500132
11099457.150891925000778 1547838.027855465000088
11099457.150891925000778 1547838.326441402500044
11099457.150891925000778 1547838.625027340000000
11099457.150891925000778 1547838.923613277499956
11099457.150891925000778 1547839.222199214999912
11099457.150891925000778 1547839.520785152499868
11099457.150891925000778 1547839.819371089999824
11099457.150891925000778 1547840.117957027499780
11099457.150891925000778 1547840.416542964999736
11099457.150891925000778 1547840.715128902499692
11099457.150891925000778 1547841.013714839999648
11099457.449472654167315 1547835.937753902500396
11099457.449472654167315 1547836.236339840000352
11099457.449472654167315 1547836.534925777500308
11099457.449472654167315 1547836.833511715000264
11099457.449472654167315 1547837.132097652500220
11099457.449472654167315 1547837.430683590000176
11099457.449472654167315 1547837.729269527500132
11099457.449472654167315 1547838.027855465000088
11099457.449472654167315 1547838.326441402500044
11099457.449472654167315 1547838.625027340000000
11099457.449472654167315 1547838.923613277499956
11099457.449472654167315 1547839.222199214999912
11099457.449472654167315 1547839.520785152499868
11099457.449472654167315 1547839.819371089999824
11099457.449472654167315 1547840.117957027499780
11099457.449472654167315 1547840.416542964999736
11099457.449472654167315 1547840.715128902499692
11099457.449472654167315 1547841.013714839999648
11099457.748053383333852 1547835.937753902500396
11099457.748053383333852 1547836.236339840000352
11099457.748053383333852 1547836.534925777500308
11099457.748053383333852 1547836.833511715000264
11099457.748053383333852 1547837.132097652500220
11099457.748053383333852 1547837.430683590000176
11099457.748053383333852 1547837.729269527500132
11099457.748053383333852 1547838.027855465000088
11099457.748053383333852 1547838.326441402500044
11099457.748053383333852 1547838.625027340000000
11099457.748053383333852 1547838.923613277499956
11099457.748053383333852 1547839.222199214999912
11099457.748053383333852 1547839.520785152499868
11099457.748053383333852 1547839.819371089999824
11099457.748053383333852 1547840.117957027499780
11099457.748053383333852 1547840.416542964999736
11099457.748053383333852 1547840.715128902499692
11099457.748053383333852 1547841.013714839999648
11099458.046634112500389 1547835.937753902500396
11099458.046634112500389 1547836.236339840000352
11099458.046634112500389 1547836.534925777500308
11099458.046634112500389 1547836.833511715000264
11099458.046634112500389 1547837.132097652500220
11099458.046634112500389 1547837.430683590000176
11099458.046634112500389 1547837.729269527500132
11099458.046634112500389 1547838.027855465000088
11099458.046634112500389 1547838.326441402500044
11099458.046634112500389 1547838.625027340000000
11099458.046634112500389 1547838.923613277499956
11099458.046634112500389 1547839.222199214999912
11099458.046634112500389 1547839.520785152499868
11099458.046634112500389 1547839.819371089999824
11099458.046634112500389 1547840.117957027499780
11099458.046634112500389 1547840.416542964999736
11099458.046634112500389 1547840.715128902499692
11099458.046634112500389 1547841.013714839999648
11099458.345214841666926 1547835.937753902500396
11099458.345214841666926 1547836.236339840000352
11099458.345214841666926 1547836.534925777500308
11099458.345214841666926 1547836.833511715000264
11099458.345214841666926 1547837.132097652500220
11099458.345214841666926 1547837.430683590000176
11099458.345214841666926 1547837.729269527500132
11099458.345214841666926 1547838.027855465000088
11099458.345214841666926 1547838.326441402500044
11099458.345214841666926 1547838.625027340000000
11099458.345214841666926 1547838.923613277499956
11099458.345214841666926 1547839.222199214999912
11099458.345214841666926 1547839.520785152499868
11099458.345214841666926 1547839.819371089999824
11099458.345214841666926 1547840.117957027499780
11099458.345214841666926 1547840.416542964999736
11099458.345214841666926 1547840.715128902499692
11099458.345214841666926 1547841.013714839999648
11099458.643795570833463 1547835.937753902500396
11099458.643795570833463 1547836.236339840000352
11099458.643795570833463 1547836.534925777500308
11099458.643795570833463 1547836.833511715000264
11099458.643795570833463 1547837.132097652500220
11099458.643795570833463 1547837.430683590000176
11099458.643795570833463 1547837.729269527500132
11099458.643795570833463 1547838.027855465000088
11099458.643795570833463 1547838.326441402500044
11099458.643795570833463 1547838.625027340000000
11099458.643795570833463 1547838.923613277499956
11099458.643795570833463 1547839.222199214999912
11099458.643795570833463 1547839.520785152499868
11099458.643795570833463 1547839.819371089999824
11099458.643795570833463 1547840.117957027499780
11099458.643795570833463 1547840.416542964999736
11099458.643795570833463 1547840.715128902499692
11099458.643795570833463 1547841.013714839999648
11099458.942376300000000 1547835.937753902500396
11099458.942376300000000 1547836.236339840000352
11099458.942376300000000 1547836.534925777500308
11099458.942376300000000 1547836.833511715000264
11099458.942376300000000 1547837.132097652500220
11099458.942376300000000 1547837.430683590000176
11099458.942376300000000 1547837.729269527500132
11099458.942376300000000 1547838.027855465000088
11099458.942376300000000 1547838.326441402500044
11099458.942376300000000 1547838.625027340000000
11099458.942376300000000 1547838.923613277499956
11099458.942376300000000 1547839.222199214999912
11099458.942376300000000 1547839.520785152499868
11099458.942376300000000 1547839.819371089999824
11099458.942376300000000 1547840.117957027499780
11099458.942376300000000 1547840.416542964999736
11099458.942376300000000 1547840.715128902499692
11099458.942376300000000 1547841.013714839999648
11099459.240957029166537 1547835.937753902500396
11099459.240957029166537 1547836.236339840000352
11099459.240957029166537 1547836.534925777500308
11099459.240957029166537 1547836.833511715000264
11099459.240957029166537 1547837.132097652500220
11099459.240957029166537 1547837.430683590000176
11099459.240957029166537 1547837.729269527500132
11099459.240957029166537 1547838.027855465000088
11099459.240957029166537 1547838.326441402500044
11099459.240957029166537 1547838.625027340000000
11099459.240957029166537 1547838.923613277499956
11099459.240957029166537 1547839.222199214999912
11099459.240957029166537 1547839.520785152499868
11099459.240957029166537 1547839.819371089999824
11099459.240957029166537 1547840.117957027499780
11099459.240957029166537 1547840.416542964999736
11099459.240957029166537 1547840.715128902499692
11099459.240957029166537 1547841.013714839999648
11099459.539537758333074 1547835.937753902500396
11099459.539537758333074 1547836.236339840000352
11099459.539537758333074 1547836.534925777500308
11099459.539537758333074 1547836.833511715000264
11099459.539537758333074 1547837.132097652500220
11099459.539537758333074 1547837.430683590000176
11099459.539537758333074 1547837.729269527500132
11099459.539537758333074 1547838.027855465000088
11099459.539537758333074 1547838.326441402500044
11099459.539537758333074 1547838.625027340000000
11099459.539537758333074 1547838.923613277499956
11099459.539537758333074 1547839.222199214999912
11099459.539537758333074 1547839.520785152499868
11099459.539537758333074 1547839.819371089999824
11099459.539537758333074 1547840.117957027499780
11099459.539537758333074 1547840.416542964999736
11099459.539537758333074 1547840.715128902499692
11099459.539537758333074 1547841.013714839999648
11099459.838118487499611 1547835.937753902500396
11099459.838118487499611 1547836.236339840000352
11099459.838118487499611 1547836.534925777500308
11099459.838118487499611 1547836.833511715000264
11099459.838118487499611 1547837.132097652500220
11099459.838118487499611 1547837.430683590000176
11099459.838118487499611 1547837.729269527500132
11099459.838118487499611 1547838.027855465000088
11099459.838118487499611 1547838.326441402500044
11099459.838118487499611 1547838.625027340000000
11099459.838118487499611 1547838.923613277499956
11099459.838118487499611 1547839.222199214999912
11099459.838118487499611 1547839.520785152499868
11099459.838118487499611 1547839.819371089999824
11099459.838118487499611 1547840.117957027499780
11099459.838118487499611 1547840.416542964999736
11099459.838118487499611 1547840.715128902499692
11099459.838118487499611 1547841.013714839999648
11099460.136699216666148 1547835.937753902500396
11099460.136699216666148 1547836.236339840000352
11099460.136699216666148 1547836.534925777500308
11099460.136699216666148 1547836.833511715000264
11099460.136699216666148 1547837.132097652500220
11099460.136699216666148 1547837.430683590000176
11099460.136699216666148 1547837.729269527500132
11099460.136699216666148 1547838.027855465000088
11099460.136699216666148 1547838.326441402500044
11099460.136699216666148 1547838.625027340000000
11099460.136699216666148 1547838.923613277499956
11099460.136699216666148 1547839.222199214999912
11099460.136699216666148 1547839.520785152499868
11099460.136699216666148 1547839.819371089999824
11099460.136699216666148 1547840.117957027499780
11099460.136699216666148 1547840.416542964999736
11099460.136699216666148 1547840.715128902499692
11099460.136699216666148 1547841.013714839999648
11099460.435279945832685 1547835.937753902500396
11099460.435279945832685 1547836.236339840000352
11099460.435279945832685 1547836.534925777500308
11099460.435279945832685 1547836.833511715000264
11099460.435279945832685 1547837.132097652500220
11099460.435279945832685 1547837.430683590000176
11099460.435279945832685 1547837.729269527500132
11099460.435279945832685 1547838.027855465000088
11099460.435279945832685 1547838.326441402500044
11099460.435279945832685 1547838.625027340000000
11099460.435279945832685 1547838.923613277499956
11099460.435279945832685 1547839.222199214999912
11099460.435279945832685 1547839.520785152499868
11099460.435279945832685 1547839.819371089999824
11099460.435279945832685 1547840.117957027499780
11099460.435279945832685 1547840.416542964999736
11099460.435279945832685 1547840.715128902499692
11099460.435279945832685 1547841.013714839999648
11099460.733860674999222 1547835.937753902500396
11099460.733860674999222 1547836.236339840000352
11099460.733860674999222 1547836.534925777500308
11099460.733860674999222 1547836.833511715000264
11099460.733860674999222 1547837.132097652500220
11099460.733860674999222 1547837.430683590000176
11099460.733860674999222 1547837.729269527500132
11099460.733860674999222 1547838.027855465000088
11099460.733860674999222 1547838.326441402500044
11099460.733860674999222 1547838.625027340000000
11099460.733860674999222 1547838.923613277499956
11099460.733860674999222 1547839.222199214999912
11099460.733860674999222 1547839.520785152499868
11099460.733860674999222 1547839.819371089999824
11099460.733860674999222 1547840.117957027499780
11099460.733860674999222 1547840.416542964999736
11099460.733860674999222 1547840.715128902499692
11099460.733860674999222 1547841.013714839999648
11099461.032441404165759 1547835.937753902500396
11099461.032441404165759 1547836.236339840000352
11099461.032441404165759 1547836.534925777500308
11099461.032441404165759 1547836.833511715000264
11099461.032441404165759 1547837.132097652500220
11099461.032441404165759 1547837.430683590000176
11099461.032441404165759 1547837.729269527500132
11099461.032441404165759 1547838.027855465000088
11099461.032441404165759 1547838.326441402500044
11099461.032441404165759 1547838.625027340000000
11099461.032441404165759 1547838.923613277499956
11099461.032441404165759 1547839.222199214999912
11099461.032441404165759 1547839.520785152499868
11099461.032441404165759 1547839.819371089999824
11099461.032441404165759 1547840.117957027499780
11099461.032441404165759 1547840.416542964999736
11099461.032441404165759 1547840.715128902499692
11099461.032441404165759 1547841.013714839999648
11099461.331022133332296 1547835.937753902500396
11099461.331022133332296 1547836.236339840000352
11099461.331022133332296 1547836.534925777500308
11099461.331022133332296 1547836.833511715000264
11099461.331022133332296 1547837.132097652500220
11099461.331022133332296 1547837.430683590000176
11099461.331022133332296 1547837.729269527500132
11099461.331022133332296 1547838.027855465000088
11099461.331022133332296 1547838.326441402500044
11099461.331022133332296 1547838.625027340000000
11099461.331022133332296 1547838.923613277499956
11099461.331022133332296 1547839.222199214999912
11099461.331022133332296 1547839.520785152499868
11099461.331022133332296 1547839.819371089999824
11099461.331022133332296 1547840.117957027499780
11099461.331022133332296 1547840.416542964999736
11099461.331022133332296 1547840.715128902499692
11099461.331022133332296 1547841.013714839999648
