11099100.346920537501167 1547634.093660152500396
11099100.346920537501167 1547634.392246090000352
11099100.346920537501167 1547634.690832027500308
11099100.346920537501167 1547634.989417965000264
11099100.346920537501167 1547635.288003902500220
11099100.346920537501167 1547635.586589840000176
11099100.346920537501167 1547635.885175777500132
11099100.346920537501167 1547636.183761715000088
11099100.346920537501167 1547636.482347652500044
11099100.346920537501167 1547636.780933590000000
11099100.346920537501167 1547637.079519527499956
11099100.346920537501167 1547637.378105464999912
11099100.346920537501167 1547637.676691402499868
11099100.346920537501167 1547637.975277339999824
11099100.346920537501167 1547638.273863277499780
11099100.346920537501167 1547638.572449214999736
11099100.346920537501167 1547638.871035152499692
11099100.346920537501167 1547639.169621089999648
11099100.645501266667704 1547634.093660152500396
11099100.645501266667704 1547634.392246090000352
11099100.645501266667704 1547634.690832027500308
11099100.645501266667704 1547634.989417965000264
11099100.645501266667704 1547635.288003902500220
11099100.645501266667704 1547635.586589840000176
11099100.645501266667704 1547635.885175777500132
11099100.645501266667704 1547636.183761715000088
11099100.645501266667704 1547636.482347652500044
11099100.645501266667704 1547636.780933590000000
11099100.645501266667704 1547637.079519527499956
11099100.645501266667704 1547637.378105464999912
11099100.645501266667704 1547637.676691402499868
11099100.645501266667704 1547637.975277339999824
11099100.645501266667704 1547638.273863277499780
11099100.645501266667704 1547638.572449214999736
11099100.645501266667704 1547638.871035152499692
11099100.645501266667704 1547639.169621089999648
11099100.944081995834241 1547634.093660152500396
11099100.944081995834241 1547634.392246090000352
11099100.944081995834241 1547634.690832027500308
11099100.944081995834241 1547634.989417965000264
11099100.944081995834241 1547635.288003902500220
11099100.944081995834241 1547635.586589840000176
11099100.944081995834241 1547635.885175777500132
11099100.944081995834241 1547636.183761715000088
11099100.944081995834241 1547636.482347652500044
11099100.944081995834241 1547636.780933590000000
11099100.944081995834241 1547637.079519527499956
11099100.944081995834241 1547637.378105464999912
11099100.944081995834241 1547637.676691402499868
11099100.944081995834241 1547637.975277339999824
11099100.944081995834241 1547638.273863277499780
11099100.944081995834241 1547638.572449214999736
11099100.944081995834241 1547638.871035152499692
11099100.944081995834241 1547639.169621089999648
11099101.242662725000778 1547634.093660152500396
11099101.242662725000778 1547634.392246090000352
11099101.242662725000778 1547634.690832027500308
11099101.242662725000778 1547634.989417965000264
11099101.242662725000778 1547635.288003902500220
11099101.242662725000778 1547635.586589840000176
11099101.242662725000778 1547635.885175777500132
11099101.242662725000778 1547636.183761715000088
11099101.242662725000778 1547636.482347652500044
11099101.242662725000778 1547636.780933590000000
11099101.242662725000778 1547637.079519527499956
11099101.242662725000778 1547637.378105464999912
11099101.242662725000778 1547637.676691402499868
11099101.242662725000778 1547637.975277339999824
11099101.242662725000778 1547638.273863277499780
11099101.242662725000778 1547638.572449214999736
11099101.242662725000778 1547638.871035152499692
11099101.242662725000778 1547639.169621089999648
11099101.541243454167315 1547634.093660152500396
11099101.541243454167315 1547634.392246090000352
11099101.541243454167315 1547634.690832027500308
11099101.541243454167315 1547634.989417965000264
11099101.541243454167315 1547635.288003902500220
11099101.541243454167315 1547635.586589840000176
11099101.541243454167315 1547635.885175777500132
11099101.541243454167315 1547636.183761715000088
11099101.541243454167315 1547636.482347652500044
11099101.541243454167315 1547636.780933590000000
11099101.541243454167315 1547637.079519527499956
11099101.541243454167315 1547637.378105464999912
11099101.541243454167315 1547637.676691402499868
11099101.541243454167315 1547637.975277339999824
11099101.541243454167315 1547638.273863277499780
11099101.541243454167315 1547638.572449214999736
11099101.541243454167315 1547638.871035152499692
11099101.541243454167315 1547639.169621089999648
11099101.839824183333852 1547634.093660152500396
11099101.839824183333852 1547634.392246090000352
11099101.839824183333852 1547634.690832027500308
11099101.839824183333852 1547634.989417965000264
11099101.839824183333852 1547635.288003902500220
11099101.839824183333852 1547635.586589840000176
11099101.839824183333852 1547635.885175777500132
11099101.839824183333852 1547636.183761715000088
11099101.839824183333852 1547636.482347652500044
11099101.839824183333852 1547636.780933590000000
11099101.839824183333852 1547637.079519527499956
11099101.839824183333852 1547637.378105464999912
11099101.839824183333852 1547637.676691402499868
11099101.839824183333852 1547637.975277339999824
11099101.839824183333852 1547638.273863277499780
11099101.839824183333852 1547638.572449214999736
11099101.839824183333852 1547638.871035152499692
11099101.839824183333852 1547639.169621089999648
11099102.138404912500389 1547634.093660152500396
11099102.138404912500389 1547634.392246090000352
11099102.138404912500389 1547634.690832027500308
11099102.138404912500389 1547634.989417965000264
11099102.138404912500389 1547635.288003902500220
11099102.138404912500389 1547635.586589840000176
11099102.138404912500389 1547635.885175777500132
11099102.138404912500389 1547636.183761715000088
11099102.138404912500389 1547636.482347652500044
11099102.138404912500389 1547636.780933590000000
11099102.138404912500389 1547637.079519527499956
11099102.138404912500389 1547637.378105464999912
11099102.138404912500389 1547637.676691402499868
11099102.138404912500389 1547637.975277339999824
11099102.138404912500389 1547638.273863277499780
11099102.138404912500389 1547638.572449214999736
11099102.138404912500389 1547638.871035152499692
11099102.138404912500389 1547639.169621089999648
11099102.436985641666926 1547634.093660152500396
11099102.436985641666926 1547634.392246090000352
11099102.436985641666926 1547634.690832027500308
11099102.436985641666926 1547634.989417965000264
11099102.436985641666926 1547635.288003902500220
11099102.436985641666926 1547635.586589840000176
11099102.436985641666926 1547635.885175777500132
11099102.436985641666926 1547636.183761715000088
11099102.436985641666926 1547636.482347652500044
11099102.436985641666926 1547636.780933590000000
11099102.436985641666926 1547637.079519527499956
11099102.436985641666926 1547637.378105464999912
11099102.436985641666926 1547637.676691402499868
11099102.436985641666926 1547637.975277339999824
11099102.436985641666926 1547638.273863277499780
11099102.436985641666926 1547638.572449214999736
11099102.436985641666926 1547638.871035152499692
11099102.436985641666926 1547639.169621089999648
11099102.735566370833463 1547634.093660152500396
11099102.735566370833463 1547634.392246090000352
11099102.735566370833463 1547634.690832027500308
11099102.735566370833463 1547634.989417965000264
11099102.735566370833463 1547635.288003902500220
11099102.735566370833463 1547635.586589840000176
11099102.735566370833463 1547635.885175777500132
11099102.735566370833463 1547636.183761715000088
11099102.735566370833463 1547636.482347652500044
11099102.735566370833463 1547636.780933590000000
11099102.735566370833463 1547637.079519527499956
11099102.735566370833463 1547637.378105464999912
11099102.735566370833463 1547637.676691402499868
11099102.735566370833463 1547637.975277339999824
11099102.735566370833463 1547638.273863277499780
11099102.735566370833463 1547638.572449214999736
11099102.735566370833463 1547638.871035152499692
11099102.735566370833463 1547639.169621089999648
11099103.034147100000000 1547634.093660152500396
11099103.034147100000000 1547634.392246090000352
11099103.034147100000000 1547634.690832027500308
11099103.034147100000000 1547634.989417965000264
11099103.034147100000000 1547635.288003902500220
11099103.034147100000000 1547635.586589840000176
11099103.034147100000000 1547635.885175777500132
11099103.034147100000000 1547636.183761715000088
11099103.034147100000000 1547636.482347652500044
11099103.034147100000000 1547636.780933590000000
11099103.034147100000000 1547637.079519527499956
11099103.034147100000000 1547637.378105464999912
11099103.034147100000000 1547637.676691402499868
11099103.034147100000000 1547637.975277339999824
11099103.034147100000000 1547638.273863277499780
11099103.034147100000000 1547638.572449214999736
11099103.034147100000000 1547638.871035152499692
11099103.034147100000000 1547639.169621089999648
11099103.332727829166537 1547634.093660152500396
11099103.332727829166537 1547634.392246090000352
11099103.332727829166537 1547634.690832027500308
11099103.332727829166537 1547634.989417965000264
11099103.332727829166537 1547635.288003902500220
11099103.332727829166537 1547635.586589840000176
11099103.332727829166537 1547635.885175777500132
11099103.332727829166537 1547636.183761715000088
11099103.332727829166537 1547636.482347652500044
11099103.332727829166537 1547636.780933590000000
11099103.332727829166537 1547637.079519527499956
11099103.332727829166537 1547637.378105464999912
11099103.332727829166537 1547637.676691402499868
11099103.332727829166537 1547637.975277339999824
11099103.332727829166537 1547638.273863277499780
11099103.332727829166537 1547638.572449214999736
11099103.332727829166537 1547638.871035152499692
11099103.332727829166537 1547639.169621089999648
11099103.631308558333074 1547634.093660152500396
11099103.631308558333074 1547634.392246090000352
11099103.631308558333074 1547634.690832027500308
11099103.631308558333074 1547634.989417965000264
11099103.631308558333074 1547635.288003902500220
11099103.631308558333074 1547635.586589840000176
11099103.631308558333074 1547635.885175777500132
11099103.631308558333074 1547636.183761715000088
11099103.631308558333074 1547636.482347652500044
11099103.631308558333074 1547636.780933590000000
11099103.631308558333074 1547637.079519527499956
11099103.631308558333074 1547637.378105464999912
11099103.631308558333074 1547637.676691402499868
11099103.631308558333074 1547637.975277339999824
11099103.631308558333074 1547638.273863277499780
11099103.631308558333074 1547638.572449214999736
11099103.631308558333074 1547638.871035152499692
11099103.631308558333074 1547639.169621089999648
11099103.929889287499611 1547634.093660152500396
11099103.929889287499611 1547634.392246090000352
11099103.929889287499611 1547634.690832027500308
11099103.929889287499611 1547634.989417965000264
11099103.929889287499611 1547635.288003902500220
11099103.929889287499611 1547635.586589840000176
11099103.929889287499611 1547635.885175777500132
11099103.929889287499611 1547636.183761715000088
11099103.929889287499611 1547636.482347652500044
11099103.929889287499611 1547636.780933590000000
11099103.929889287499611 1547637.079519527499956
11099103.929889287499611 1547637.378105464999912
11099103.929889287499611 1547637.676691402499868
11099103.929889287499611 1547637.975277339999824
11099103.929889287499611 1547638.273863277499780
11099103.929889287499611 1547638.572449214999736
11099103.929889287499611 1547638.871035152499692
11099103.929889287499611 1547639.169621089999648
11099104.228470016666148 1547634.093660152500396
11099104.228470016666148 1547634.392246090000352
11099104.228470016666148 1547634.690832027500308
11099104.228470016666148 1547634.989417965000264
11099104.228470016666148 1547635.288003902500220
11099104.228470016666148 1547635.586589840000176
11099104.228470016666148 1547635.885175777500132
11099104.228470016666148 1547636.183761715000088
11099104.228470016666148 1547636.482347652500044
11099104.228470016666148 1547636.780933590000000
11099104.228470016666148 1547637.079519527499956
11099104.228470016666148 1547637.378105464999912
11099104.228470016666148 1547637.676691402499868
11099104.228470016666148 1547637.975277339999824
11099104.228470016666148 1547638.273863277499780
11099104.228470016666148 1547638.572449214999736
11099104.228470016666148 1547638.871035152499692
11099104.228470016666148 1547639.169621089999648
11099104.527050745832685 1547634.093660152500396
11099104.527050745832685 1547634.392246090000352
11099104.527050745832685 1547634.690832027500308
11099104.527050745832685 1547634.989417965000264
11099104.527050745832685 1547635.288003902500220
11099104.527050745832685 1547635.586589840000176
11099104.527050745832685 1547635.885175777500132
11099104.527050745832685 1547636.183761715000088
11099104.527050745832685 1547636.482347652500044
11099104.527050745832685 1547636.780933590000000
11099104.527050745832685 1547637.079519527499956
11099104.527050745832685 1547637.378105464999912
11099104.527050745832685 1547637.676691402499868
11099104.527050745832685 1547637.975277339999824
11099104.527050745832685 1547638.273863277499780
11099104.527050745832685 1547638.572449214999736
11099104.527050745832685 1547638.871035152499692
11099104.527050745832685 1547639.169621089999648
11099104.825631474999222 1547634.093660152500396
11099104.825631474999222 1547634.392246090000352
11099104.825631474999222 1547634.690832027500308
11099104.825631474999222 1547634.989417965000264
11099104.825631474999222 1547635.288003902500220
11099104.825631474999222 1547635.586589840000176
11099104.825631474999222 1547635.885175777500132
11099104.825631474999222 1547636.183761715000088
11099104.825631474999222 1547636.482347652500044
11099104.825631474999222 1547636.780933590000000
11099104.825631474999222 1547637.079519527499956
11099104.825631474999222 1547637.378105464999912
11099104.825631474999222 1547637.676691402499868
11099104.825631474999222 1547637.975277339999824
11099104.825631474999222 1547638.273863277499780
11099104.825631474999222 1547638.572449214999736
11099104.825631474999222 1547638.871035152499692
11099104.825631474999222 1547639.169621089999648
11099105.124212204165759 1547634.093660152500396
11099105.124212204165759 1547634.392246090000352
11099105.124212204165759 1547634.690832027500308
11099105.124212204165759 1547634.989417965000264
11099105.124212204165759 1547635.288003902500220
11099105.124212204165759 1547635.586589840000176
11099105.124212204165759 1547635.885175777500132
11099105.124212204165759 1547636.183761715000088
11099105.124212204165759 1547636.482347652500044
11099105.124212204165759 1547636.780933590000000
11099105.124212204165759 1547637.079519527499956
11099105.124212204165759 1547637.378105464999912
11099105.124212204165759 1547637.676691402499868
11099105.124212204165759 1547637.975277339999824
11099105.124212204165759 1547638.273863277499780
11099105.124212204165759 1547638.572449214999736
11099105.124212204165759 1547638.871035152499692
11099105.124212204165759 1547639.169621089999648
11099105.422792933332296 1547634.093660152500396
11099105.422792933332296 1547634.392246090000352
11099105.422792933332296 1547634.690832027500308
11099105.422792933332296 1547634.989417965000264
11099105.422792933332296 1547635.288003902500220
11099105.422792933332296 1547635.586589840000176
11099105.422792933332296 1547635.885175777500132
11099105.422792933332296 1547636.183761715000088
11099105.422792933332296 1547636.482347652500044
11099105.422792933332296 1547636.780933590000000
11099105.422792933332296 1547637.079519527499956
11099105.422792933332296 1547637.378105464999912
11099105.422792933332296 1547637.676691402499868
11099105.422792933332296 1547637.975277339999824
11099105.422792933332296 1547638.273863277499780
11099105.422792933332296 1547638.572449214999736
11099105.422792933332296 1547638.871035152499692
11099105.422792933332296 1547639.169621089999648
