11099137.669511737501167 1547814.738152342500396
11099137.669511737501167 1547815.036738280000352
11099137.669511737501167 1547815.335324217500308
11099137.669511737501167 1547815.633910155000264
11099137.669511737501167 1547815.932496092500220
11099137.669511737501167 1547816.231082030000176
11099137.669511737501167 1547816.529667967500132
11099137.669511737501167 1547816.828253905000088
11099137.669511737501167 1547817.126839842500044
11099137.669511737501167 1547817.425425780000000
11099137.669511737501167 1547817.724011717499956
11099137.669511737501167 1547818.022597654999912
11099137.669511737501167 1547818.321183592499868
11099137.669511737501167 1547818.619769529999824
11099137.669511737501167 1547818.918355467499780
11099137.669511737501167 1547819.216941404999736
11099137.669511737501167 1547819.515527342499692
11099137.669511737501167 1547819.814113279999648
11099137.968092466667704 1547814.738152342500396
11099137.968092466667704 1547815.036738280000352
11099137.968092466667704 1547815.335324217500308
11099137.968092466667704 1547815.633910155000264
11099137.968092466667704 1547815.932496092500220
11099137.968092466667704 1547816.231082030000176
11099137.968092466667704 1547816.529667967500132
11099137.968092466667704 1547816.828253905000088
11099137.968092466667704 1547817.126839842500044
11099137.968092466667704 1547817.425425780000000
11099137.968092466667704 1547817.724011717499956
11099137.968092466667704 1547818.022597654999912
11099137.968092466667704 1547818.321183592499868
11099137.968092466667704 1547818.619769529999824
11099137.968092466667704 1547818.918355467499780
11099137.968092466667704 1547819.216941404999736
11099137.968092466667704 1547819.515527342499692
11099137.968092466667704 1547819.814113279999648
11099138.266673195834241 1547814.738152342500396
11099138.266673195834241 1547815.036738280000352
11099138.266673195834241 1547815.335324217500308
11099138.266673195834241 1547815.633910155000264
11099138.266673195834241 1547815.932496092500220
11099138.266673195834241 1547816.231082030000176
11099138.266673195834241 1547816.529667967500132
11099138.266673195834241 1547816.828253905000088
11099138.266673195834241 1547817.126839842500044
11099138.266673195834241 1547817.425425780000000
11099138.266673195834241 1547817.724011717499956
11099138.266673195834241 1547818.022597654999912
11099138.266673195834241 1547818.321183592499868
11099138.266673195834241 1547818.619769529999824
11099138.266673195834241 1547818.918355467499780
11099138.266673195834241 1547819.216941404999736
11099138.266673195834241 1547819.515527342499692
11099138.266673195834241 1547819.814113279999648
11099138.565253925000778 1547814.738152342500396
11099138.565253925000778 1547815.036738280000352
11099138.565253925000778 1547815.335324217500308
11099138.565253925000778 1547815.633910155000264
11099138.565253925000778 1547815.932496092500220
11099138.565253925000778 1547816.231082030000176
11099138.565253925000778 1547816.529667967500132
11099138.565253925000778 1547816.828253905000088
11099138.565253925000778 1547817.126839842500044
11099138.565253925000778 1547817.425425780000000
11099138.565253925000778 1547817.724011717499956
11099138.565253925000778 1547818.022597654999912
11099138.565253925000778 1547818.321183592499868
11099138.565253925000778 1547818.619769529999824
11099138.565253925000778 1547818.918355467499780
11099138.565253925000778 1547819.216941404999736
11099138.565253925000778 1547819.515527342499692
11099138.565253925000778 1547819.814113279999648
11099138.863834654167315 1547814.738152342500396
11099138.863834654167315 1547815.036738280000352
11099138.863834654167315 1547815.335324217500308
11099138.863834654167315 1547815.633910155000264
11099138.863834654167315 1547815.932496092500220
11099138.863834654167315 1547816.231082030000176
11099138.863834654167315 1547816.529667967500132
11099138.863834654167315 1547816.828253905000088
11099138.863834654167315 1547817.126839842500044
11099138.863834654167315 1547817.425425780000000
11099138.863834654167315 1547817.724011717499956
11099138.863834654167315 1547818.022597654999912
11099138.863834654167315 1547818.321183592499868
11099138.863834654167315 1547818.619769529999824
11099138.863834654167315 1547818.918355467499780
11099138.863834654167315 1547819.216941404999736
11099138.863834654167315 1547819.515527342499692
11099138.863834654167315 1547819.814113279999648
11099139.162415383333852 1547814.738152342500396
11099139.162415383333852 1547815.036738280000352
11099139.162415383333852 1547815.335324217500308
11099139.162415383333852 1547815.633910155000264
11099139.162415383333852 1547815.932496092500220
11099139.162415383333852 1547816.231082030000176
11099139.162415383333852 1547816.529667967500132
11099139.162415383333852 1547816.828253905000088
11099139.162415383333852 1547817.126839842500044
11099139.162415383333852 1547817.425425780000000
11099139.162415383333852 1547817.724011717499956
11099139.162415383333852 1547818.022597654999912
11099139.162415383333852 1547818.321183592499868
11099139.162415383333852 1547818.619769529999824
11099139.162415383333852 1547818.918355467499780
11099139.162415383333852 1547819.216941404999736
11099139.162415383333852 1547819.515527342499692
11099139.162415383333852 1547819.814113279999648
11099139.460996112500389 1547814.738152342500396
11099139.460996112500389 1547815.036738280000352
11099139.460996112500389 1547815.335324217500308
11099139.460996112500389 1547815.633910155000264
11099139.460996112500389 1547815.932496092500220
11099139.460996112500389 1547816.231082030000176
11099139.460996112500389 1547816.529667967500132
11099139.460996112500389 1547816.828253905000088
11099139.460996112500389 1547817.126839842500044
11099139.460996112500389 1547817.425425780000000
11099139.460996112500389 1547817.724011717499956
11099139.460996112500389 1547818.022597654999912
11099139.460996112500389 1547818.321183592499868
11099139.460996112500389 1547818.619769529999824
11099139.460996112500389 1547818.918355467499780
11099139.460996112500389 1547819.216941404999736
11099139.460996112500389 1547819.515527342499692
11099139.460996112500389 1547819.814113279999648
11099139.759576841666926 1547814.738152342500396
11099139.759576841666926 1547815.036738280000352
11099139.759576841666926 1547815.335324217500308
11099139.759576841666926 1547815.633910155000264
11099139.759576841666926 1547815.932496092500220
11099139.759576841666926 1547816.231082030000176
11099139.759576841666926 1547816.529667967500132
11099139.759576841666926 1547816.828253905000088
11099139.759576841666926 1547817.126839842500044
11099139.759576841666926 1547817.425425780000000
11099139.759576841666926 1547817.724011717499956
11099139.759576841666926 1547818.022597654999912
11099139.759576841666926 1547818.321183592499868
11099139.759576841666926 1547818.619769529999824
11099139.759576841666926 1547818.918355467499780
11099139.759576841666926 1547819.216941404999736
11099139.759576841666926 1547819.515527342499692
11099139.759576841666926 1547819.814113279999648
11099140.058157570833463 1547814.738152342500396
11099140.058157570833463 1547815.036738280000352
11099140.058157570833463 1547815.335324217500308
11099140.058157570833463 1547815.633910155000264
11099140.058157570833463 1547815.932496092500220
11099140.058157570833463 1547816.231082030000176
11099140.058157570833463 1547816.529667967500132
11099140.058157570833463 1547816.828253905000088
11099140.058157570833463 1547817.126839842500044
11099140.058157570833463 1547817.425425780000000
11099140.058157570833463 1547817.724011717499956
11099140.058157570833463 1547818.022597654999912
11099140.058157570833463 1547818.321183592499868
11099140.058157570833463 1547818.619769529999824
11099140.058157570833463 1547818.918355467499780
11099140.058157570833463 1547819.216941404999736
11099140.058157570833463 1547819.515527342499692
11099140.058157570833463 1547819.814113279999648
11099140.356738300000000 1547814.738152342500396
11099140.356738300000000 1547815.036738280000352
11099140.356738300000000 1547815.335324217500308
11099140.356738300000000 1547815.633910155000264
11099140.356738300000000 1547815.932496092500220
11099140.356738300000000 1547816.231082030000176
11099140.356738300000000 1547816.529667967500132
11099140.356738300000000 1547816.828253905000088
11099140.356738300000000 1547817.126839842500044
11099140.356738300000000 1547817.425425780000000
11099140.356738300000000 1547817.724011717499956
11099140.356738300000000 1547818.022597654999912
11099140.356738300000000 1547818.321183592499868
11099140.356738300000000 1547818.619769529999824
11099140.356738300000000 1547818.918355467499780
11099140.356738300000000 1547819.216941404999736
11099140.356738300000000 1547819.515527342499692
11099140.356738300000000 1547819.814113279999648
11099140.655319029166537 1547814.738152342500396
11099140.655319029166537 1547815.036738280000352
11099140.655319029166537 1547815.335324217500308
11099140.655319029166537 1547815.633910155000264
11099140.655319029166537 1547815.932496092500220
11099140.655319029166537 1547816.231082030000176
11099140.655319029166537 1547816.529667967500132
11099140.655319029166537 1547816.828253905000088
11099140.655319029166537 1547817.126839842500044
11099140.655319029166537 1547817.425425780000000
11099140.655319029166537 1547817.724011717499956
11099140.655319029166537 1547818.022597654999912
11099140.655319029166537 1547818.321183592499868
11099140.655319029166537 1547818.619769529999824
11099140.655319029166537 1547818.918355467499780
11099140.655319029166537 1547819.216941404999736
11099140.655319029166537 1547819.515527342499692
11099140.655319029166537 1547819.814113279999648
11099140.953899758333074 1547814.738152342500396
11099140.953899758333074 1547815.036738280000352
11099140.953899758333074 1547815.335324217500308
11099140.953899758333074 1547815.633910155000264
11099140.953899758333074 1547815.932496092500220
11099140.953899758333074 1547816.231082030000176
11099140.953899758333074 1547816.529667967500132
11099140.953899758333074 1547816.828253905000088
11099140.953899758333074 1547817.126839842500044
11099140.953899758333074 1547817.425425780000000
11099140.953899758333074 1547817.724011717499956
11099140.953899758333074 1547818.022597654999912
11099140.953899758333074 1547818.321183592499868
11099140.953899758333074 1547818.619769529999824
11099140.953899758333074 1547818.918355467499780
11099140.953899758333074 1547819.216941404999736
11099140.953899758333074 1547819.515527342499692
11099140.953899758333074 1547819.814113279999648
11099141.252480487499611 1547814.738152342500396
11099141.252480487499611 1547815.036738280000352
11099141.252480487499611 1547815.335324217500308
11099141.252480487499611 1547815.633910155000264
11099141.252480487499611 1547815.932496092500220
11099141.252480487499611 1547816.231082030000176
11099141.252480487499611 1547816.529667967500132
11099141.252480487499611 1547816.828253905000088
11099141.252480487499611 1547817.126839842500044
11099141.252480487499611 1547817.425425780000000
11099141.252480487499611 1547817.724011717499956
11099141.252480487499611 1547818.022597654999912
11099141.252480487499611 1547818.321183592499868
11099141.252480487499611 1547818.619769529999824
11099141.252480487499611 1547818.918355467499780
11099141.252480487499611 1547819.216941404999736
11099141.252480487499611 1547819.515527342499692
11099141.252480487499611 1547819.814113279999648
11099141.551061216666148 1547814.738152342500396
11099141.551061216666148 1547815.036738280000352
11099141.551061216666148 1547815.335324217500308
11099141.551061216666148 1547815.633910155000264
11099141.551061216666148 1547815.932496092500220
11099141.551061216666148 1547816.231082030000176
11099141.551061216666148 1547816.529667967500132
11099141.551061216666148 1547816.828253905000088
11099141.551061216666148 1547817.126839842500044
11099141.551061216666148 1547817.425425780000000
11099141.551061216666148 1547817.724011717499956
11099141.551061216666148 1547818.022597654999912
11099141.551061216666148 1547818.321183592499868
11099141.551061216666148 1547818.619769529999824
11099141.551061216666148 1547818.918355467499780
11099141.551061216666148 1547819.216941404999736
11099141.551061216666148 1547819.515527342499692
11099141.551061216666148 1547819.814113279999648
11099141.849641945832685 1547814.738152342500396
11099141.849641945832685 1547815.036738280000352
11099141.849641945832685 1547815.335324217500308
11099141.849641945832685 1547815.633910155000264
11099141.849641945832685 1547815.932496092500220
11099141.849641945832685 1547816.231082030000176
11099141.849641945832685 1547816.529667967500132
11099141.849641945832685 1547816.828253905000088
11099141.849641945832685 1547817.126839842500044
11099141.849641945832685 1547817.425425780000000
11099141.849641945832685 1547817.724011717499956
11099141.849641945832685 1547818.022597654999912
11099141.849641945832685 1547818.321183592499868
11099141.849641945832685 1547818.619769529999824
11099141.849641945832685 1547818.918355467499780
11099141.849641945832685 1547819.216941404999736
11099141.849641945832685 1547819.515527342499692
11099141.849641945832685 1547819.814113279999648
11099142.148222674999222 1547814.738152342500396
11099142.148222674999222 1547815.036738280000352
11099142.148222674999222 1547815.335324217500308
11099142.148222674999222 1547815.633910155000264
11099142.148222674999222 1547815.932496092500220
11099142.148222674999222 1547816.231082030000176
11099142.148222674999222 1547816.529667967500132
11099142.148222674999222 1547816.828253905000088
11099142.148222674999222 1547817.126839842500044
11099142.148222674999222 1547817.425425780000000
11099142.148222674999222 1547817.724011717499956
11099142.148222674999222 1547818.022597654999912
11099142.148222674999222 1547818.321183592499868
11099142.148222674999222 1547818.619769529999824
11099142.148222674999222 1547818.918355467499780
11099142.148222674999222 1547819.216941404999736
11099142.148222674999222 1547819.515527342499692
11099142.148222674999222 1547819.814113279999648
11099142.446803404165759 1547814.738152342500396
11099142.446803404165759 1547815.036738280000352
11099142.446803404165759 1547815.335324217500308
11099142.446803404165759 1547815.633910155000264
11099142.446803404165759 1547815.932496092500220
11099142.446803404165759 1547816.231082030000176
11099142.446803404165759 1547816.529667967500132
11099142.446803404165759 1547816.828253905000088
11099142.446803404165759 1547817.126839842500044
11099142.446803404165759 1547817.425425780000000
11099142.446803404165759 1547817.724011717499956
11099142.446803404165759 1547818.022597654999912
11099142.446803404165759 1547818.321183592499868
11099142.446803404165759 1547818.619769529999824
11099142.446803404165759 1547818.918355467499780
11099142.446803404165759 1547819.216941404999736
11099142.446803404165759 1547819.515527342499692
11099142.446803404165759 1547819.814113279999648
11099142.745384133332296 1547814.738152342500396
11099142.745384133332296 1547815.036738280000352
11099142.745384133332296 1547815.335324217500308
11099142.745384133332296 1547815.633910155000264
11099142.745384133332296 1547815.932496092500220
11099142.745384133332296 1547816.231082030000176
11099142.745384133332296 1547816.529667967500132
11099142.745384133332296 1547816.828253905000088
11099142.745384133332296 1547817.126839842500044
11099142.745384133332296 1547817.425425780000000
11099142.745384133332296 1547817.724011717499956
11099142.745384133332296 1547818.022597654999912
11099142.745384133332296 1547818.321183592499868
11099142.745384133332296 1547818.619769529999824
11099142.745384133332296 1547818.918355467499780
11099142.745384133332296 1547819.216941404999736
11099142.745384133332296 1547819.515527342499692
11099142.745384133332296 1547819.814113279999648
