11099307.561946637501167 1547732.029847652500396
11099307.561946637501167 1547732.328433590000352
11099307.561946637501167 1547732.627019527500308
11099307.561946637501167 1547732.925605465000264
11099307.561946637501167 1547733.224191402500220
11099307.561946637501167 1547733.522777340000176
11099307.561946637501167 1547733.821363277500132
11099307.561946637501167 1547734.119949215000088
11099307.561946637501167 1547734.418535152500044
11099307.561946637501167 1547734.717121090000000
11099307.561946637501167 1547735.015707027499956
11099307.561946637501167 1547735.314292964999912
11099307.561946637501167 1547735.612878902499868
11099307.561946637501167 1547735.911464839999824
11099307.561946637501167 1547736.210050777499780
11099307.561946637501167 1547736.508636714999736
11099307.561946637501167 1547736.807222652499692
11099307.561946637501167 1547737.105808589999648
11099307.860527366667704 1547732.029847652500396
11099307.860527366667704 1547732.328433590000352
11099307.860527366667704 1547732.627019527500308
11099307.860527366667704 1547732.925605465000264
11099307.860527366667704 1547733.224191402500220
11099307.860527366667704 1547733.522777340000176
11099307.860527366667704 1547733.821363277500132
11099307.860527366667704 1547734.119949215000088
11099307.860527366667704 1547734.418535152500044
11099307.860527366667704 1547734.717121090000000
11099307.860527366667704 1547735.015707027499956
11099307.860527366667704 1547735.314292964999912
11099307.860527366667704 1547735.612878902499868
11099307.860527366667704 1547735.911464839999824
11099307.860527366667704 1547736.210050777499780
11099307.860527366667704 1547736.508636714999736
11099307.860527366667704 1547736.807222652499692
11099307.860527366667704 1547737.105808589999648
11099308.159108095834241 1547732.029847652500396
11099308.159108095834241 1547732.328433590000352
11099308.159108095834241 1547732.627019527500308
11099308.159108095834241 1547732.925605465000264
11099308.159108095834241 1547733.224191402500220
11099308.159108095834241 1547733.522777340000176
11099308.159108095834241 1547733.821363277500132
11099308.159108095834241 1547734.119949215000088
11099308.159108095834241 1547734.418535152500044
11099308.159108095834241 1547734.717121090000000
11099308.159108095834241 1547735.015707027499956
11099308.159108095834241 1547735.314292964999912
11099308.159108095834241 1547735.612878902499868
11099308.159108095834241 1547735.911464839999824
11099308.159108095834241 1547736.210050777499780
11099308.159108095834241 1547736.508636714999736
11099308.159108095834241 1547736.807222652499692
11099308.159108095834241 1547737.105808589999648
11099308.457688825000778 1547732.029847652500396
11099308.457688825000778 1547732.328433590000352
11099308.457688825000778 1547732.627019527500308
11099308.457688825000778 1547732.925605465000264
11099308.457688825000778 1547733.224191402500220
11099308.457688825000778 1547733.522777340000176
11099308.457688825000778 1547733.821363277500132
11099308.457688825000778 1547734.119949215000088
11099308.457688825000778 1547734.418535152500044
11099308.457688825000778 1547734.717121090000000
11099308.457688825000778 1547735.015707027499956
11099308.457688825000778 1547735.314292964999912
11099308.457688825000778 1547735.612878902499868
11099308.457688825000778 1547735.911464839999824
11099308.457688825000778 1547736.210050777499780
11099308.457688825000778 1547736.508636714999736
11099308.457688825000778 1547736.807222652499692
11099308.457688825000778 1547737.105808589999648
11099308.756269554167315 1547732.029847652500396
11099308.756269554167315 1547732.328433590000352
11099308.756269554167315 1547732.627019527500308
11099308.756269554167315 1547732.925605465000264
11099308.756269554167315 1547733.224191402500220
11099308.756269554167315 1547733.522777340000176
11099308.756269554167315 1547733.821363277500132
11099308.756269554167315 1547734.119949215000088
11099308.756269554167315 1547734.418535152500044
11099308.756269554167315 1547734.717121090000000
11099308.756269554167315 1547735.015707027499956
11099308.756269554167315 1547735.314292964999912
11099308.756269554167315 1547735.612878902499868
11099308.756269554167315 1547735.911464839999824
11099308.756269554167315 1547736.210050777499780
11099308.756269554167315 1547736.508636714999736
11099308.756269554167315 1547736.807222652499692
11099308.756269554167315 1547737.105808589999648
11099309.054850283333852 1547732.029847652500396
11099309.054850283333852 1547732.328433590000352
11099309.054850283333852 1547732.627019527500308
11099309.054850283333852 1547732.925605465000264
11099309.054850283333852 1547733.224191402500220
11099309.054850283333852 1547733.522777340000176
11099309.054850283333852 1547733.821363277500132
11099309.054850283333852 1547734.119949215000088
11099309.054850283333852 1547734.418535152500044
11099309.054850283333852 1547734.717121090000000
11099309.054850283333852 1547735.015707027499956
11099309.054850283333852 1547735.314292964999912
11099309.054850283333852 1547735.612878902499868
11099309.054850283333852 1547735.911464839999824
11099309.054850283333852 1547736.210050777499780
11099309.054850283333852 1547736.508636714999736
11099309.054850283333852 1547736.807222652499692
11099309.054850283333852 1547737.105808589999648
11099309.353431012500389 1547732.029847652500396
11099309.353431012500389 1547732.328433590000352
11099309.353431012500389 1547732.627019527500308
11099309.353431012500389 1547732.925605465000264
11099309.353431012500389 1547733.224191402500220
11099309.353431012500389 1547733.522777340000176
11099309.353431012500389 1547733.821363277500132
11099309.353431012500389 1547734.119949215000088
11099309.353431012500389 1547734.418535152500044
11099309.353431012500389 1547734.717121090000000
11099309.353431012500389 1547735.015707027499956
11099309.353431012500389 1547735.314292964999912
11099309.353431012500389 1547735.612878902499868
11099309.353431012500389 1547735.911464839999824
11099309.353431012500389 1547736.210050777499780
11099309.353431012500389 1547736.508636714999736
11099309.353431012500389 1547736.807222652499692
11099309.353431012500389 1547737.105808589999648
11099309.652011741666926 1547732.029847652500396
11099309.652011741666926 1547732.328433590000352
11099309.652011741666926 1547732.627019527500308
11099309.652011741666926 1547732.925605465000264
11099309.652011741666926 1547733.224191402500220
11099309.652011741666926 1547733.522777340000176
11099309.652011741666926 1547733.821363277500132
11099309.652011741666926 1547734.119949215000088
11099309.652011741666926 1547734.418535152500044
11099309.652011741666926 1547734.717121090000000
11099309.652011741666926 1547735.015707027499956
11099309.652011741666926 1547735.314292964999912
11099309.652011741666926 1547735.612878902499868
11099309.652011741666926 1547735.911464839999824
11099309.652011741666926 1547736.210050777499780
11099309.652011741666926 1547736.508636714999736
11099309.652011741666926 1547736.807222652499692
11099309.652011741666926 1547737.105808589999648
11099309.950592470833463 1547732.029847652500396
11099309.950592470833463 1547732.328433590000352
11099309.950592470833463 1547732.627019527500308
11099309.950592470833463 1547732.925605465000264
11099309.950592470833463 1547733.224191402500220
11099309.950592470833463 1547733.522777340000176
11099309.950592470833463 1547733.821363277500132
11099309.950592470833463 1547734.119949215000088
11099309.950592470833463 1547734.418535152500044
11099309.950592470833463 1547734.717121090000000
11099309.950592470833463 1547735.015707027499956
11099309.950592470833463 1547735.314292964999912
11099309.950592470833463 1547735.612878902499868
11099309.950592470833463 1547735.911464839999824
11099309.950592470833463 1547736.210050777499780
11099309.950592470833463 1547736.508636714999736
11099309.950592470833463 1547736.807222652499692
11099309.950592470833463 1547737.105808589999648
11099310.249173200000000 1547732.029847652500396
11099310.249173200000000 1547732.328433590000352
11099310.249173200000000 1547732.627019527500308
11099310.249173200000000 1547732.925605465000264
11099310.249173200000000 1547733.224191402500220
11099310.249173200000000 1547733.522777340000176
11099310.249173200000000 1547733.821363277500132
11099310.249173200000000 1547734.119949215000088
11099310.249173200000000 1547734.418535152500044
11099310.249173200000000 1547734.717121090000000
11099310.249173200000000 1547735.015707027499956
11099310.249173200000000 1547735.314292964999912
11099310.249173200000000 1547735.612878902499868
11099310.249173200000000 1547735.911464839999824
11099310.249173200000000 1547736.210050777499780
11099310.249173200000000 1547736.508636714999736
11099310.249173200000000 1547736.807222652499692
11099310.249173200000000 1547737.105808589999648
11099310.547753929166537 1547732.029847652500396
11099310.547753929166537 1547732.328433590000352
11099310.547753929166537 1547732.627019527500308
11099310.547753929166537 1547732.925605465000264
11099310.547753929166537 1547733.224191402500220
11099310.547753929166537 1547733.522777340000176
11099310.547753929166537 1547733.821363277500132
11099310.547753929166537 1547734.119949215000088
11099310.547753929166537 1547734.418535152500044
11099310.547753929166537 1547734.717121090000000
11099310.547753929166537 1547735.015707027499956
11099310.547753929166537 1547735.314292964999912
11099310.547753929166537 1547735.612878902499868
11099310.547753929166537 1547735.911464839999824
11099310.547753929166537 1547736.210050777499780
11099310.547753929166537 1547736.508636714999736
11099310.547753929166537 1547736.807222652499692
11099310.547753929166537 1547737.105808589999648
11099310.846334658333074 1547732.029847652500396
11099310.846334658333074 1547732.328433590000352
11099310.846334658333074 1547732.627019527500308
11099310.846334658333074 1547732.925605465000264
11099310.846334658333074 1547733.224191402500220
11099310.846334658333074 1547733.522777340000176
11099310.846334658333074 1547733.821363277500132
11099310.846334658333074 1547734.119949215000088
11099310.846334658333074 1547734.418535152500044
11099310.846334658333074 1547734.717121090000000
11099310.846334658333074 1547735.015707027499956
11099310.846334658333074 1547735.314292964999912
11099310.846334658333074 1547735.612878902499868
11099310.846334658333074 1547735.911464839999824
11099310.846334658333074 1547736.210050777499780
11099310.846334658333074 1547736.508636714999736
11099310.846334658333074 1547736.807222652499692
11099310.846334658333074 1547737.105808589999648
11099311.144915387499611 1547732.029847652500396
11099311.144915387499611 1547732.328433590000352
11099311.144915387499611 1547732.627019527500308
11099311.144915387499611 1547732.925605465000264
11099311.144915387499611 1547733.224191402500220
11099311.144915387499611 1547733.522777340000176
11099311.144915387499611 1547733.821363277500132
11099311.144915387499611 1547734.119949215000088
11099311.144915387499611 1547734.418535152500044
11099311.144915387499611 1547734.717121090000000
11099311.144915387499611 1547735.015707027499956
11099311.144915387499611 1547735.314292964999912
11099311.144915387499611 1547735.612878902499868
11099311.144915387499611 1547735.911464839999824
11099311.144915387499611 1547736.210050777499780
11099311.144915387499611 1547736.508636714999736
11099311.144915387499611 1547736.807222652499692
11099311.144915387499611 1547737.105808589999648
11099311.443496116666148 1547732.029847652500396
11099311.443496116666148 1547732.328433590000352
11099311.443496116666148 1547732.627019527500308
11099311.443496116666148 1547732.925605465000264
11099311.443496116666148 1547733.224191402500220
11099311.443496116666148 1547733.522777340000176
11099311.443496116666148 1547733.821363277500132
11099311.443496116666148 1547734.119949215000088
11099311.443496116666148 1547734.418535152500044
11099311.443496116666148 1547734.717121090000000
11099311.443496116666148 1547735.015707027499956
11099311.443496116666148 1547735.314292964999912
11099311.443496116666148 1547735.612878902499868
11099311.443496116666148 1547735.911464839999824
11099311.443496116666148 1547736.210050777499780
11099311.443496116666148 1547736.508636714999736
11099311.443496116666148 1547736.807222652499692
11099311.443496116666148 1547737.105808589999648
11099311.742076845832685 1547732.029847652500396
11099311.742076845832685 1547732.328433590000352
11099311.742076845832685 1547732.627019527500308
11099311.742076845832685 1547732.925605465000264
11099311.742076845832685 1547733.224191402500220
11099311.742076845832685 1547733.522777340000176
11099311.742076845832685 1547733.821363277500132
11099311.742076845832685 1547734.119949215000088
11099311.742076845832685 1547734.418535152500044
11099311.742076845832685 1547734.717121090000000
11099311.742076845832685 1547735.015707027499956
11099311.742076845832685 1547735.314292964999912
11099311.742076845832685 1547735.612878902499868
11099311.742076845832685 1547735.911464839999824
11099311.742076845832685 1547736.210050777499780
11099311.742076845832685 1547736.508636714999736
11099311.742076845832685 1547736.807222652499692
11099311.742076845832685 1547737.105808589999648
11099312.040657574999222 1547732.029847652500396
11099312.040657574999222 1547732.328433590000352
11099312.040657574999222 1547732.627019527500308
11099312.040657574999222 1547732.925605465000264
11099312.040657574999222 1547733.224191402500220
11099312.040657574999222 1547733.522777340000176
11099312.040657574999222 1547733.821363277500132
11099312.040657574999222 1547734.119949215000088
11099312.040657574999222 1547734.418535152500044
11099312.040657574999222 1547734.717121090000000
11099312.040657574999222 1547735.015707027499956
11099312.040657574999222 1547735.314292964999912
11099312.040657574999222 1547735.612878902499868
11099312.040657574999222 1547735.911464839999824
11099312.040657574999222 1547736.210050777499780
11099312.040657574999222 1547736.508636714999736
11099312.040657574999222 1547736.807222652499692
11099312.040657574999222 1547737.105808589999648
11099312.339238304165759 1547732.029847652500396
11099312.339238304165759 1547732.328433590000352
11099312.339238304165759 1547732.627019527500308
11099312.339238304165759 1547732.925605465000264
11099312.339238304165759 1547733.224191402500220
11099312.339238304165759 1547733.522777340000176
11099312.339238304165759 1547733.821363277500132
11099312.339238304165759 1547734.119949215000088
11099312.339238304165759 1547734.418535152500044
11099312.339238304165759 1547734.717121090000000
11099312.339238304165759 1547735.015707027499956
11099312.339238304165759 1547735.314292964999912
11099312.339238304165759 1547735.612878902499868
11099312.339238304165759 1547735.911464839999824
11099312.339238304165759 1547736.210050777499780
11099312.339238304165759 1547736.508636714999736
11099312.339238304165759 1547736.807222652499692
11099312.339238304165759 1547737.105808589999648
11099312.637819033332296 1547732.029847652500396
11099312.637819033332296 1547732.328433590000352
11099312.637819033332296 1547732.627019527500308
11099312.637819033332296 1547732.925605465000264
11099312.637819033332296 1547733.224191402500220
11099312.637819033332296 1547733.522777340000176
11099312.637819033332296 1547733.821363277500132
11099312.637819033332296 1547734.119949215000088
11099312.637819033332296 1547734.418535152500044
11099312.637819033332296 1547734.717121090000000
11099312.637819033332296 1547735.015707027499956
11099312.637819033332296 1547735.314292964999912
11099312.637819033332296 1547735.612878902499868
11099312.637819033332296 1547735.911464839999824
11099312.637819033332296 1547736.210050777499780
11099312.637819033332296 1547736.508636714999736
11099312.637819033332296 1547736.807222652499692
11099312.637819033332296 1547737.105808589999648
