11099039.436451837501167 1547664.549425782500396
11099039.436451837501167 1547664.848011720000352
11099039.436451837501167 1547665.146597657500308
11099039.436451837501167 1547665.445183595000264
11099039.436451837501167 1547665.743769532500220
11099039.436451837501167 1547666.042355470000176
11099039.436451837501167 1547666.340941407500132
11099039.436451837501167 1547666.639527345000088
11099039.436451837501167 1547666.938113282500044
11099039.436451837501167 1547667.236699220000000
11099039.436451837501167 1547667.535285157499956
11099039.436451837501167 1547667.833871094999912
11099039.436451837501167 1547668.132457032499868
11099039.436451837501167 1547668.431042969999824
11099039.436451837501167 1547668.729628907499780
11099039.436451837501167 1547669.028214844999736
11099039.436451837501167 1547669.326800782499692
11099039.436451837501167 1547669.625386719999648
11099039.735032566667704 1547664.549425782500396
11099039.735032566667704 1547664.848011720000352
11099039.735032566667704 1547665.146597657500308
11099039.735032566667704 1547665.445183595000264
11099039.735032566667704 1547665.743769532500220
11099039.735032566667704 1547666.042355470000176
11099039.735032566667704 1547666.340941407500132
11099039.735032566667704 1547666.639527345000088
11099039.735032566667704 1547666.938113282500044
11099039.735032566667704 1547667.236699220000000
11099039.735032566667704 1547667.535285157499956
11099039.735032566667704 1547667.833871094999912
11099039.735032566667704 1547668.132457032499868
11099039.735032566667704 1547668.431042969999824
11099039.735032566667704 1547668.729628907499780
11099039.735032566667704 1547669.028214844999736
11099039.735032566667704 1547669.326800782499692
11099039.735032566667704 1547669.625386719999648
11099040.033613295834241 1547664.549425782500396
11099040.033613295834241 1547664.848011720000352
11099040.033613295834241 1547665.146597657500308
11099040.033613295834241 1547665.445183595000264
11099040.033613295834241 1547665.743769532500220
11099040.033613295834241 1547666.042355470000176
11099040.033613295834241 1547666.340941407500132
11099040.033613295834241 1547666.639527345000088
11099040.033613295834241 1547666.938113282500044
11099040.033613295834241 1547667.236699220000000
11099040.033613295834241 1547667.535285157499956
11099040.033613295834241 1547667.833871094999912
11099040.033613295834241 1547668.132457032499868
11099040.033613295834241 1547668.431042969999824
11099040.033613295834241 1547668.729628907499780
11099040.033613295834241 1547669.028214844999736
11099040.033613295834241 1547669.326800782499692
11099040.033613295834241 1547669.625386719999648
11099040.332194025000778 1547664.549425782500396
11099040.332194025000778 1547664.848011720000352
11099040.332194025000778 1547665.146597657500308
11099040.332194025000778 1547665.445183595000264
11099040.332194025000778 1547665.743769532500220
11099040.332194025000778 1547666.042355470000176
11099040.332194025000778 1547666.340941407500132
11099040.332194025000778 1547666.639527345000088
11099040.332194025000778 1547666.938113282500044
11099040.332194025000778 1547667.236699220000000
11099040.332194025000778 1547667.535285157499956
11099040.332194025000778 1547667.833871094999912
11099040.332194025000778 1547668.132457032499868
11099040.332194025000778 1547668.431042969999824
11099040.332194025000778 1547668.729628907499780
11099040.332194025000778 1547669.028214844999736
11099040.332194025000778 1547669.326800782499692
11099040.332194025000778 1547669.625386719999648
11099040.630774754167315 1547664.549425782500396
11099040.630774754167315 1547664.848011720000352
11099040.630774754167315 1547665.146597657500308
11099040.630774754167315 1547665.445183595000264
11099040.630774754167315 1547665.743769532500220
11099040.630774754167315 1547666.042355470000176
11099040.630774754167315 1547666.340941407500132
11099040.630774754167315 1547666.639527345000088
11099040.630774754167315 1547666.938113282500044
11099040.630774754167315 1547667.236699220000000
11099040.630774754167315 1547667.535285157499956
11099040.630774754167315 1547667.833871094999912
11099040.630774754167315 1547668.132457032499868
11099040.630774754167315 1547668.431042969999824
11099040.630774754167315 1547668.729628907499780
11099040.630774754167315 1547669.028214844999736
11099040.630774754167315 1547669.326800782499692
11099040.630774754167315 1547669.625386719999648
11099040.929355483333852 1547664.549425782500396
11099040.929355483333852 1547664.848011720000352
11099040.929355483333852 1547665.146597657500308
11099040.929355483333852 1547665.445183595000264
11099040.929355483333852 1547665.743769532500220
11099040.929355483333852 1547666.042355470000176
11099040.929355483333852 1547666.340941407500132
11099040.929355483333852 1547666.639527345000088
11099040.929355483333852 1547666.938113282500044
11099040.929355483333852 1547667.236699220000000
11099040.929355483333852 1547667.535285157499956
11099040.929355483333852 1547667.833871094999912
11099040.929355483333852 1547668.132457032499868
11099040.929355483333852 1547668.431042969999824
11099040.929355483333852 1547668.729628907499780
11099040.929355483333852 1547669.028214844999736
11099040.929355483333852 1547669.326800782499692
11099040.929355483333852 1547669.625386719999648
11099041.227936212500389 1547664.549425782500396
11099041.227936212500389 1547664.848011720000352
11099041.227936212500389 1547665.146597657500308
11099041.227936212500389 1547665.445183595000264
11099041.227936212500389 1547665.743769532500220
11099041.227936212500389 1547666.042355470000176
11099041.227936212500389 1547666.340941407500132
11099041.227936212500389 1547666.639527345000088
11099041.227936212500389 1547666.938113282500044
11099041.227936212500389 1547667.236699220000000
11099041.227936212500389 1547667.535285157499956
11099041.227936212500389 1547667.833871094999912
11099041.227936212500389 1547668.132457032499868
11099041.227936212500389 1547668.431042969999824
11099041.227936212500389 1547668.729628907499780
11099041.227936212500389 1547669.028214844999736
11099041.227936212500389 1547669.326800782499692
11099041.227936212500389 1547669.625386719999648
11099041.526516941666926 1547664.549425782500396
11099041.526516941666926 1547664.848011720000352
11099041.526516941666926 1547665.146597657500308
11099041.526516941666926 1547665.445183595000264
11099041.526516941666926 1547665.743769532500220
11099041.526516941666926 1547666.042355470000176
11099041.526516941666926 1547666.340941407500132
11099041.526516941666926 1547666.639527345000088
11099041.526516941666926 1547666.938113282500044
11099041.526516941666926 1547667.236699220000000
11099041.526516941666926 1547667.535285157499956
11099041.526516941666926 1547667.833871094999912
11099041.526516941666926 1547668.132457032499868
11099041.526516941666926 1547668.431042969999824
11099041.526516941666926 1547668.729628907499780
11099041.526516941666926 1547669.028214844999736
11099041.526516941666926 1547669.326800782499692
11099041.526516941666926 1547669.625386719999648
11099041.825097670833463 1547664.549425782500396
11099041.825097670833463 1547664.848011720000352
11099041.825097670833463 1547665.146597657500308
11099041.825097670833463 1547665.445183595000264
11099041.825097670833463 1547665.743769532500220
11099041.825097670833463 1547666.042355470000176
11099041.825097670833463 1547666.340941407500132
11099041.825097670833463 1547666.639527345000088
11099041.825097670833463 1547666.938113282500044
11099041.825097670833463 1547667.236699220000000
11099041.825097670833463 1547667.535285157499956
11099041.825097670833463 1547667.833871094999912
11099041.825097670833463 1547668.132457032499868
11099041.825097670833463 1547668.431042969999824
11099041.825097670833463 1547668.729628907499780
11099041.825097670833463 1547669.028214844999736
11099041.825097670833463 1547669.326800782499692
11099041.825097670833463 1547669.625386719999648
11099042.123678400000000 1547664.549425782500396
11099042.123678400000000 1547664.848011720000352
11099042.123678400000000 1547665.146597657500308
11099042.123678400000000 1547665.445183595000264
11099042.123678400000000 1547665.743769532500220
11099042.123678400000000 1547666.042355470000176
11099042.123678400000000 1547666.340941407500132
11099042.123678400000000 1547666.639527345000088
11099042.123678400000000 1547666.938113282500044
11099042.123678400000000 1547667.236699220000000
11099042.123678400000000 1547667.535285157499956
11099042.123678400000000 1547667.833871094999912
11099042.123678400000000 1547668.132457032499868
11099042.123678400000000 1547668.431042969999824
11099042.123678400000000 1547668.729628907499780
11099042.123678400000000 1547669.028214844999736
11099042.123678400000000 1547669.326800782499692
11099042.123678400000000 1547669.625386719999648
11099042.422259129166537 1547664.549425782500396
11099042.422259129166537 1547664.848011720000352
11099042.422259129166537 1547665.146597657500308
11099042.422259129166537 1547665.445183595000264
11099042.422259129166537 1547665.743769532500220
11099042.422259129166537 1547666.042355470000176
11099042.422259129166537 1547666.340941407500132
11099042.422259129166537 1547666.639527345000088
11099042.422259129166537 1547666.938113282500044
11099042.422259129166537 1547667.236699220000000
11099042.422259129166537 1547667.535285157499956
11099042.422259129166537 1547667.833871094999912
11099042.422259129166537 1547668.132457032499868
11099042.422259129166537 1547668.431042969999824
11099042.422259129166537 1547668.729628907499780
11099042.422259129166537 1547669.028214844999736
11099042.422259129166537 1547669.326800782499692
11099042.422259129166537 1547669.625386719999648
11099042.720839858333074 1547664.549425782500396
11099042.720839858333074 1547664.848011720000352
11099042.720839858333074 1547665.146597657500308
11099042.720839858333074 1547665.445183595000264
11099042.720839858333074 1547665.743769532500220
11099042.720839858333074 1547666.042355470000176
11099042.720839858333074 1547666.340941407500132
11099042.720839858333074 1547666.639527345000088
11099042.720839858333074 1547666.938113282500044
11099042.720839858333074 1547667.236699220000000
11099042.720839858333074 1547667.535285157499956
11099042.720839858333074 1547667.833871094999912
11099042.720839858333074 1547668.132457032499868
11099042.720839858333074 1547668.431042969999824
11099042.720839858333074 1547668.729628907499780
11099042.720839858333074 1547669.028214844999736
11099042.720839858333074 1547669.326800782499692
11099042.720839858333074 1547669.625386719999648
11099043.019420587499611 1547664.549425782500396
11099043.019420587499611 1547664.848011720000352
11099043.019420587499611 1547665.146597657500308
11099043.019420587499611 1547665.445183595000264
11099043.019420587499611 1547665.743769532500220
11099043.019420587499611 1547666.042355470000176
11099043.019420587499611 1547666.340941407500132
11099043.019420587499611 1547666.639527345000088
11099043.019420587499611 1547666.938113282500044
11099043.019420587499611 1547667.236699220000000
11099043.019420587499611 1547667.535285157499956
11099043.019420587499611 1547667.833871094999912
11099043.019420587499611 1547668.132457032499868
11099043.019420587499611 1547668.431042969999824
11099043.019420587499611 1547668.729628907499780
11099043.019420587499611 1547669.028214844999736
11099043.019420587499611 1547669.326800782499692
11099043.019420587499611 1547669.625386719999648
11099043.318001316666148 1547664.549425782500396
11099043.318001316666148 1547664.848011720000352
11099043.318001316666148 1547665.146597657500308
11099043.318001316666148 1547665.445183595000264
11099043.318001316666148 1547665.743769532500220
11099043.318001316666148 1547666.042355470000176
11099043.318001316666148 1547666.340941407500132
11099043.318001316666148 1547666.639527345000088
11099043.318001316666148 1547666.938113282500044
11099043.318001316666148 1547667.236699220000000
11099043.318001316666148 1547667.535285157499956
11099043.318001316666148 1547667.833871094999912
11099043.318001316666148 1547668.132457032499868
11099043.318001316666148 1547668.431042969999824
11099043.318001316666148 1547668.729628907499780
11099043.318001316666148 1547669.028214844999736
11099043.318001316666148 1547669.326800782499692
11099043.318001316666148 1547669.625386719999648
11099043.616582045832685 1547664.549425782500396
11099043.616582045832685 1547664.848011720000352
11099043.616582045832685 1547665.146597657500308
11099043.616582045832685 1547665.445183595000264
11099043.616582045832685 1547665.743769532500220
11099043.616582045832685 1547666.042355470000176
11099043.616582045832685 1547666.340941407500132
11099043.616582045832685 1547666.639527345000088
11099043.616582045832685 1547666.938113282500044
11099043.616582045832685 1547667.236699220000000
11099043.616582045832685 1547667.535285157499956
11099043.616582045832685 1547667.833871094999912
11099043.616582045832685 1547668.132457032499868
11099043.616582045832685 1547668.431042969999824
11099043.616582045832685 1547668.729628907499780
11099043.616582045832685 1547669.028214844999736
11099043.616582045832685 1547669.326800782499692
11099043.616582045832685 1547669.625386719999648
11099043.915162774999222 1547664.549425782500396
11099043.915162774999222 1547664.848011720000352
11099043.915162774999222 1547665.146597657500308
11099043.915162774999222 1547665.445183595000264
11099043.915162774999222 1547665.743769532500220
11099043.915162774999222 1547666.042355470000176
11099043.915162774999222 1547666.340941407500132
11099043.915162774999222 1547666.639527345000088
11099043.915162774999222 1547666.938113282500044
11099043.915162774999222 1547667.236699220000000
11099043.915162774999222 1547667.535285157499956
11099043.915162774999222 1547667.833871094999912
11099043.915162774999222 1547668.132457032499868
11099043.915162774999222 1547668.431042969999824
11099043.915162774999222 1547668.729628907499780
11099043.915162774999222 1547669.028214844999736
11099043.915162774999222 1547669.326800782499692
11099043.915162774999222 1547669.625386719999648
11099044.213743504165759 1547664.549425782500396
11099044.213743504165759 1547664.848011720000352
11099044.213743504165759 1547665.146597657500308
11099044.213743504165759 1547665.445183595000264
11099044.213743504165759 1547665.743769532500220
11099044.213743504165759 1547666.042355470000176
11099044.213743504165759 1547666.340941407500132
11099044.213743504165759 1547666.639527345000088
11099044.213743504165759 1547666.938113282500044
11099044.213743504165759 1547667.236699220000000
11099044.213743504165759 1547667.535285157499956
11099044.213743504165759 1547667.833871094999912
11099044.213743504165759 1547668.132457032499868
11099044.213743504165759 1547668.431042969999824
11099044.213743504165759 1547668.729628907499780
11099044.213743504165759 1547669.028214844999736
11099044.213743504165759 1547669.326800782499692
11099044.213743504165759 1547669.625386719999648
11099044.512324233332296 1547664.549425782500396
11099044.512324233332296 1547664.848011720000352
11099044.512324233332296 1547665.146597657500308
11099044.512324233332296 1547665.445183595000264
11099044.512324233332296 1547665.743769532500220
11099044.512324233332296 1547666.042355470000176
11099044.512324233332296 1547666.340941407500132
11099044.512324233332296 1547666.639527345000088
11099044.512324233332296 1547666.938113282500044
11099044.512324233332296 1547667.236699220000000
11099044.512324233332296 1547667.535285157499956
11099044.512324233332296 1547667.833871094999912
11099044.512324233332296 1547668.132457032499868
11099044.512324233332296 1547668.431042969999824
11099044.512324233332296 1547668.729628907499780
11099044.512324233332296 1547669.028214844999736
11099044.512324233332296 1547669.326800782499692
11099044.512324233332296 1547669.625386719999648
