11099120.053248737501167 1547691.720746092500396
11099120.053248737501167 1547692.019332030000352
11099120.053248737501167 1547692.317917967500308
11099120.053248737501167 1547692.616503905000264
11099120.053248737501167 1547692.915089842500220
11099120.053248737501167 1547693.213675780000176
11099120.053248737501167 1547693.512261717500132
11099120.053248737501167 1547693.810847655000088
11099120.053248737501167 1547694.109433592500044
11099120.053248737501167 1547694.408019530000000
11099120.053248737501167 1547694.706605467499956
11099120.053248737501167 1547695.005191404999912
11099120.053248737501167 1547695.303777342499868
11099120.053248737501167 1547695.602363279999824
11099120.053248737501167 1547695.900949217499780
11099120.053248737501167 1547696.199535154999736
11099120.053248737501167 1547696.498121092499692
11099120.053248737501167 1547696.796707029999648
11099120.351829466667704 1547691.720746092500396
11099120.351829466667704 1547692.019332030000352
11099120.351829466667704 1547692.317917967500308
11099120.351829466667704 1547692.616503905000264
11099120.351829466667704 1547692.915089842500220
11099120.351829466667704 1547693.213675780000176
11099120.351829466667704 1547693.512261717500132
11099120.351829466667704 1547693.810847655000088
11099120.351829466667704 1547694.109433592500044
11099120.351829466667704 1547694.408019530000000
11099120.351829466667704 1547694.706605467499956
11099120.351829466667704 1547695.005191404999912
11099120.351829466667704 1547695.303777342499868
11099120.351829466667704 1547695.602363279999824
11099120.351829466667704 1547695.900949217499780
11099120.351829466667704 1547696.199535154999736
11099120.351829466667704 1547696.498121092499692
11099120.351829466667704 1547696.796707029999648
11099120.650410195834241 1547691.720746092500396
11099120.650410195834241 1547692.019332030000352
11099120.650410195834241 1547692.317917967500308
11099120.650410195834241 1547692.616503905000264
11099120.650410195834241 1547692.915089842500220
11099120.650410195834241 1547693.213675780000176
11099120.650410195834241 1547693.512261717500132
11099120.650410195834241 1547693.810847655000088
11099120.650410195834241 1547694.109433592500044
11099120.650410195834241 1547694.408019530000000
11099120.650410195834241 1547694.706605467499956
11099120.650410195834241 1547695.005191404999912
11099120.650410195834241 1547695.303777342499868
11099120.650410195834241 1547695.602363279999824
11099120.650410195834241 1547695.900949217499780
11099120.650410195834241 1547696.199535154999736
11099120.650410195834241 1547696.498121092499692
11099120.650410195834241 1547696.796707029999648
11099120.948990925000778 1547691.720746092500396
11099120.948990925000778 1547692.019332030000352
11099120.948990925000778 1547692.317917967500308
11099120.948990925000778 1547692.616503905000264
11099120.948990925000778 1547692.915089842500220
11099120.948990925000778 1547693.213675780000176
11099120.948990925000778 1547693.512261717500132
11099120.948990925000778 1547693.810847655000088
11099120.948990925000778 1547694.109433592500044
11099120.948990925000778 1547694.408019530000000
11099120.948990925000778 1547694.706605467499956
11099120.948990925000778 1547695.005191404999912
11099120.948990925000778 1547695.303777342499868
11099120.948990925000778 1547695.602363279999824
11099120.948990925000778 1547695.900949217499780
11099120.948990925000778 1547696.199535154999736
11099120.948990925000778 1547696.498121092499692
11099120.948990925000778 1547696.796707029999648
11099121.247571654167315 1547691.720746092500396
11099121.247571654167315 1547692.019332030000352
11099121.247571654167315 1547692.317917967500308
11099121.247571654167315 1547692.616503905000264
11099121.247571654167315 1547692.915089842500220
11099121.247571654167315 1547693.213675780000176
11099121.247571654167315 1547693.512261717500132
11099121.247571654167315 1547693.810847655000088
11099121.247571654167315 1547694.109433592500044
11099121.247571654167315 1547694.408019530000000
11099121.247571654167315 1547694.706605467499956
11099121.247571654167315 1547695.005191404999912
11099121.247571654167315 1547695.303777342499868
11099121.247571654167315 1547695.602363279999824
11099121.247571654167315 1547695.900949217499780
11099121.247571654167315 1547696.199535154999736
11099121.247571654167315 1547696.498121092499692
11099121.247571654167315 1547696.796707029999648
11099121.546152383333852 1547691.720746092500396
11099121.546152383333852 1547692.019332030000352
11099121.546152383333852 1547692.317917967500308
11099121.546152383333852 1547692.616503905000264
11099121.546152383333852 1547692.915089842500220
11099121.546152383333852 1547693.213675780000176
11099121.546152383333852 1547693.512261717500132
11099121.546152383333852 1547693.810847655000088
11099121.546152383333852 1547694.109433592500044
11099121.546152383333852 1547694.408019530000000
11099121.546152383333852 1547694.706605467499956
11099121.546152383333852 1547695.005191404999912
11099121.546152383333852 1547695.303777342499868
11099121.546152383333852 1547695.602363279999824
11099121.546152383333852 1547695.900949217499780
11099121.546152383333852 1547696.199535154999736
11099121.546152383333852 1547696.498121092499692
11099121.546152383333852 1547696.796707029999648
11099121.844733112500389 1547691.720746092500396
11099121.844733112500389 1547692.019332030000352
11099121.844733112500389 1547692.317917967500308
11099121.844733112500389 1547692.616503905000264
11099121.844733112500389 1547692.915089842500220
11099121.844733112500389 1547693.213675780000176
11099121.844733112500389 1547693.512261717500132
11099121.844733112500389 1547693.810847655000088
11099121.844733112500389 1547694.109433592500044
11099121.844733112500389 1547694.408019530000000
11099121.844733112500389 1547694.706605467499956
11099121.844733112500389 1547695.005191404999912
11099121.844733112500389 1547695.303777342499868
11099121.844733112500389 1547695.602363279999824
11099121.844733112500389 1547695.900949217499780
11099121.844733112500389 1547696.199535154999736
11099121.844733112500389 1547696.498121092499692
11099121.844733112500389 1547696.796707029999648
11099122.143313841666926 1547691.720746092500396
11099122.143313841666926 1547692.019332030000352
11099122.143313841666926 1547692.317917967500308
11099122.143313841666926 1547692.616503905000264
11099122.143313841666926 1547692.915089842500220
11099122.143313841666926 1547693.213675780000176
11099122.143313841666926 1547693.512261717500132
11099122.143313841666926 1547693.810847655000088
11099122.143313841666926 1547694.109433592500044
11099122.143313841666926 1547694.408019530000000
11099122.143313841666926 1547694.706605467499956
11099122.143313841666926 1547695.005191404999912
11099122.143313841666926 1547695.303777342499868
11099122.143313841666926 1547695.602363279999824
11099122.143313841666926 1547695.900949217499780
11099122.143313841666926 1547696.199535154999736
11099122.143313841666926 1547696.498121092499692
11099122.143313841666926 1547696.796707029999648
11099122.441894570833463 1547691.720746092500396
11099122.441894570833463 1547692.019332030000352
11099122.441894570833463 1547692.317917967500308
11099122.441894570833463 1547692.616503905000264
11099122.441894570833463 1547692.915089842500220
11099122.441894570833463 1547693.213675780000176
11099122.441894570833463 1547693.512261717500132
11099122.441894570833463 1547693.810847655000088
11099122.441894570833463 1547694.109433592500044
11099122.441894570833463 1547694.408019530000000
11099122.441894570833463 1547694.706605467499956
11099122.441894570833463 1547695.005191404999912
11099122.441894570833463 1547695.303777342499868
11099122.441894570833463 1547695.602363279999824
11099122.441894570833463 1547695.900949217499780
11099122.441894570833463 1547696.199535154999736
11099122.441894570833463 1547696.498121092499692
11099122.441894570833463 1547696.796707029999648
11099122.740475300000000 1547691.720746092500396
11099122.740475300000000 1547692.019332030000352
11099122.740475300000000 1547692.317917967500308
11099122.740475300000000 1547692.616503905000264
11099122.740475300000000 1547692.915089842500220
11099122.740475300000000 1547693.213675780000176
11099122.740475300000000 1547693.512261717500132
11099122.740475300000000 1547693.810847655000088
11099122.740475300000000 1547694.109433592500044
11099122.740475300000000 1547694.408019530000000
11099122.740475300000000 1547694.706605467499956
11099122.740475300000000 1547695.005191404999912
11099122.740475300000000 1547695.303777342499868
11099122.740475300000000 1547695.602363279999824
11099122.740475300000000 1547695.900949217499780
11099122.740475300000000 1547696.199535154999736
11099122.740475300000000 1547696.498121092499692
11099122.740475300000000 1547696.796707029999648
11099123.039056029166537 1547691.720746092500396
11099123.039056029166537 1547692.019332030000352
11099123.039056029166537 1547692.317917967500308
11099123.039056029166537 1547692.616503905000264
11099123.039056029166537 1547692.915089842500220
11099123.039056029166537 1547693.213675780000176
11099123.039056029166537 1547693.512261717500132
11099123.039056029166537 1547693.810847655000088
11099123.039056029166537 1547694.109433592500044
11099123.039056029166537 1547694.408019530000000
11099123.039056029166537 1547694.706605467499956
11099123.039056029166537 1547695.005191404999912
11099123.039056029166537 1547695.303777342499868
11099123.039056029166537 1547695.602363279999824
11099123.039056029166537 1547695.900949217499780
11099123.039056029166537 1547696.199535154999736
11099123.039056029166537 1547696.498121092499692
11099123.039056029166537 1547696.796707029999648
11099123.337636758333074 1547691.720746092500396
11099123.337636758333074 1547692.019332030000352
11099123.337636758333074 1547692.317917967500308
11099123.337636758333074 1547692.616503905000264
11099123.337636758333074 1547692.915089842500220
11099123.337636758333074 1547693.213675780000176
11099123.337636758333074 1547693.512261717500132
11099123.337636758333074 1547693.810847655000088
11099123.337636758333074 1547694.109433592500044
11099123.337636758333074 1547694.408019530000000
11099123.337636758333074 1547694.706605467499956
11099123.337636758333074 1547695.005191404999912
11099123.337636758333074 1547695.303777342499868
11099123.337636758333074 1547695.602363279999824
11099123.337636758333074 1547695.900949217499780
11099123.337636758333074 1547696.199535154999736
11099123.337636758333074 1547696.498121092499692
11099123.337636758333074 1547696.796707029999648
11099123.636217487499611 1547691.720746092500396
11099123.636217487499611 1547692.019332030000352
11099123.636217487499611 1547692.317917967500308
11099123.636217487499611 1547692.616503905000264
11099123.636217487499611 1547692.915089842500220
11099123.636217487499611 1547693.213675780000176
11099123.636217487499611 1547693.512261717500132
11099123.636217487499611 1547693.810847655000088
11099123.636217487499611 1547694.109433592500044
11099123.636217487499611 1547694.408019530000000
11099123.636217487499611 1547694.706605467499956
11099123.636217487499611 1547695.005191404999912
11099123.636217487499611 1547695.303777342499868
11099123.636217487499611 1547695.602363279999824
11099123.636217487499611 1547695.900949217499780
11099123.636217487499611 1547696.199535154999736
11099123.636217487499611 1547696.498121092499692
11099123.636217487499611 1547696.796707029999648
11099123.934798216666148 1547691.720746092500396
11099123.934798216666148 1547692.019332030000352
11099123.934798216666148 1547692.317917967500308
11099123.934798216666148 1547692.616503905000264
11099123.934798216666148 1547692.915089842500220
11099123.934798216666148 1547693.213675780000176
11099123.934798216666148 1547693.512261717500132
11099123.934798216666148 1547693.810847655000088
11099123.934798216666148 1547694.109433592500044
11099123.934798216666148 1547694.408019530000000
11099123.934798216666148 1547694.706605467499956
11099123.934798216666148 1547695.005191404999912
11099123.934798216666148 1547695.303777342499868
11099123.934798216666148 1547695.602363279999824
11099123.934798216666148 1547695.900949217499780
11099123.934798216666148 1547696.199535154999736
11099123.934798216666148 1547696.498121092499692
11099123.934798216666148 1547696.796707029999648
11099124.233378945832685 1547691.720746092500396
11099124.233378945832685 1547692.019332030000352
11099124.233378945832685 1547692.317917967500308
11099124.233378945832685 1547692.616503905000264
11099124.233378945832685 1547692.915089842500220
11099124.233378945832685 1547693.213675780000176
11099124.233378945832685 1547693.512261717500132
11099124.233378945832685 1547693.810847655000088
11099124.233378945832685 1547694.109433592500044
11099124.233378945832685 1547694.408019530000000
11099124.233378945832685 1547694.706605467499956
11099124.233378945832685 1547695.005191404999912
11099124.233378945832685 1547695.303777342499868
11099124.233378945832685 1547695.602363279999824
11099124.233378945832685 1547695.900949217499780
11099124.233378945832685 1547696.199535154999736
11099124.233378945832685 1547696.498121092499692
11099124.233378945832685 1547696.796707029999648
11099124.531959674999222 1547691.720746092500396
11099124.531959674999222 1547692.019332030000352
11099124.531959674999222 1547692.317917967500308
11099124.531959674999222 1547692.616503905000264
11099124.531959674999222 1547692.915089842500220
11099124.531959674999222 1547693.213675780000176
11099124.531959674999222 1547693.512261717500132
11099124.531959674999222 1547693.810847655000088
11099124.531959674999222 1547694.109433592500044
11099124.531959674999222 1547694.408019530000000
11099124.531959674999222 1547694.706605467499956
11099124.531959674999222 1547695.005191404999912
11099124.531959674999222 1547695.303777342499868
11099124.531959674999222 1547695.602363279999824
11099124.531959674999222 1547695.900949217499780
11099124.531959674999222 1547696.199535154999736
11099124.531959674999222 1547696.498121092499692
11099124.531959674999222 1547696.796707029999648
11099124.830540404165759 1547691.720746092500396
11099124.830540404165759 1547692.019332030000352
11099124.830540404165759 1547692.317917967500308
11099124.830540404165759 1547692.616503905000264
11099124.830540404165759 1547692.915089842500220
11099124.830540404165759 1547693.213675780000176
11099124.830540404165759 1547693.512261717500132
11099124.830540404165759 1547693.810847655000088
11099124.830540404165759 1547694.109433592500044
11099124.830540404165759 1547694.408019530000000
11099124.830540404165759 1547694.706605467499956
11099124.830540404165759 1547695.005191404999912
11099124.830540404165759 1547695.303777342499868
11099124.830540404165759 1547695.602363279999824
11099124.830540404165759 1547695.900949217499780
11099124.830540404165759 1547696.199535154999736
11099124.830540404165759 1547696.498121092499692
11099124.830540404165759 1547696.796707029999648
11099125.129121133332296 1547691.720746092500396
11099125.129121133332296 1547692.019332030000352
11099125.129121133332296 1547692.317917967500308
11099125.129121133332296 1547692.616503905000264
11099125.129121133332296 1547692.915089842500220
11099125.129121133332296 1547693.213675780000176
11099125.129121133332296 1547693.512261717500132
11099125.129121133332296 1547693.810847655000088
11099125.129121133332296 1547694.109433592500044
11099125.129121133332296 1547694.408019530000000
11099125.129121133332296 1547694.706605467499956
11099125.129121133332296 1547695.005191404999912
11099125.129121133332296 1547695.303777342499868
11099125.129121133332296 1547695.602363279999824
11099125.129121133332296 1547695.900949217499780
11099125.129121133332296 1547696.199535154999736
11099125.129121133332296 1547696.498121092499692
11099125.129121133332296 1547696.796707029999648
