11099470.288444037501167 1547839.819371092500396
11099470.288444037501167 1547840.117957030000352
11099470.288444037501167 1547840.416542967500308
11099470.288444037501167 1547840.715128905000264
11099470.288444037501167 1547841.013714842500220
11099470.288444037501167 1547841.312300780000176
11099470.288444037501167 1547841.610886717500132
11099470.288444037501167 1547841.909472655000088
11099470.288444037501167 1547842.208058592500044
11099470.288444037501167 1547842.506644530000000
11099470.288444037501167 1547842.805230467499956
11099470.288444037501167 1547843.103816404999912
11099470.288444037501167 1547843.402402342499868
11099470.288444037501167 1547843.700988279999824
11099470.288444037501167 1547843.999574217499780
11099470.288444037501167 1547844.298160154999736
11099470.288444037501167 1547844.596746092499692
11099470.288444037501167 1547844.895332029999648
11099470.587024766667704 1547839.819371092500396
11099470.587024766667704 1547840.117957030000352
11099470.587024766667704 1547840.416542967500308
11099470.587024766667704 1547840.715128905000264
11099470.587024766667704 1547841.013714842500220
11099470.587024766667704 1547841.312300780000176
11099470.587024766667704 1547841.610886717500132
11099470.587024766667704 1547841.909472655000088
11099470.587024766667704 1547842.208058592500044
11099470.587024766667704 1547842.506644530000000
11099470.587024766667704 1547842.805230467499956
11099470.587024766667704 1547843.103816404999912
11099470.587024766667704 1547843.402402342499868
11099470.587024766667704 1547843.700988279999824
11099470.587024766667704 1547843.999574217499780
11099470.587024766667704 1547844.298160154999736
11099470.587024766667704 1547844.596746092499692
11099470.587024766667704 1547844.895332029999648
11099470.885605495834241 1547839.819371092500396
11099470.885605495834241 1547840.117957030000352
11099470.885605495834241 1547840.416542967500308
11099470.885605495834241 1547840.715128905000264
11099470.885605495834241 1547841.013714842500220
11099470.885605495834241 1547841.312300780000176
11099470.885605495834241 1547841.610886717500132
11099470.885605495834241 1547841.909472655000088
11099470.885605495834241 1547842.208058592500044
11099470.885605495834241 1547842.506644530000000
11099470.885605495834241 1547842.805230467499956
11099470.885605495834241 1547843.103816404999912
11099470.885605495834241 1547843.402402342499868
11099470.885605495834241 1547843.700988279999824
11099470.885605495834241 1547843.999574217499780
11099470.885605495834241 1547844.298160154999736
11099470.885605495834241 1547844.596746092499692
11099470.885605495834241 1547844.895332029999648
11099471.184186225000778 1547839.819371092500396
11099471.184186225000778 1547840.117957030000352
11099471.184186225000778 1547840.416542967500308
11099471.184186225000778 1547840.715128905000264
11099471.184186225000778 1547841.013714842500220
11099471.184186225000778 1547841.312300780000176
11099471.184186225000778 1547841.610886717500132
11099471.184186225000778 1547841.909472655000088
11099471.184186225000778 1547842.208058592500044
11099471.184186225000778 1547842.506644530000000
11099471.184186225000778 1547842.805230467499956
11099471.184186225000778 1547843.103816404999912
11099471.184186225000778 1547843.402402342499868
11099471.184186225000778 1547843.700988279999824
11099471.184186225000778 1547843.999574217499780
11099471.184186225000778 1547844.298160154999736
11099471.184186225000778 1547844.596746092499692
11099471.184186225000778 1547844.895332029999648
11099471.482766954167315 1547839.819371092500396
11099471.482766954167315 1547840.117957030000352
11099471.482766954167315 1547840.416542967500308
11099471.482766954167315 1547840.715128905000264
11099471.482766954167315 1547841.013714842500220
11099471.482766954167315 1547841.312300780000176
11099471.482766954167315 1547841.610886717500132
11099471.482766954167315 1547841.909472655000088
11099471.482766954167315 1547842.208058592500044
11099471.482766954167315 1547842.506644530000000
11099471.482766954167315 1547842.805230467499956
11099471.482766954167315 1547843.103816404999912
11099471.482766954167315 1547843.402402342499868
11099471.482766954167315 1547843.700988279999824
11099471.482766954167315 1547843.999574217499780
11099471.482766954167315 1547844.298160154999736
11099471.482766954167315 1547844.596746092499692
11099471.482766954167315 1547844.895332029999648
11099471.781347683333852 1547839.819371092500396
11099471.781347683333852 1547840.117957030000352
11099471.781347683333852 1547840.416542967500308
11099471.781347683333852 1547840.715128905000264
11099471.781347683333852 1547841.013714842500220
11099471.781347683333852 1547841.312300780000176
11099471.781347683333852 1547841.610886717500132
11099471.781347683333852 1547841.909472655000088
11099471.781347683333852 1547842.208058592500044
11099471.781347683333852 1547842.506644530000000
11099471.781347683333852 1547842.805230467499956
11099471.781347683333852 1547843.103816404999912
11099471.781347683333852 1547843.402402342499868
11099471.781347683333852 1547843.700988279999824
11099471.781347683333852 1547843.999574217499780
11099471.781347683333852 1547844.298160154999736
11099471.781347683333852 1547844.596746092499692
11099471.781347683333852 1547844.895332029999648
11099472.079928412500389 1547839.819371092500396
11099472.079928412500389 1547840.117957030000352
11099472.079928412500389 1547840.416542967500308
11099472.079928412500389 1547840.715128905000264
11099472.079928412500389 1547841.013714842500220
11099472.079928412500389 1547841.312300780000176
11099472.079928412500389 1547841.610886717500132
11099472.079928412500389 1547841.909472655000088
11099472.079928412500389 1547842.208058592500044
11099472.079928412500389 1547842.506644530000000
11099472.079928412500389 1547842.805230467499956
11099472.079928412500389 1547843.103816404999912
11099472.079928412500389 1547843.402402342499868
11099472.079928412500389 1547843.700988279999824
11099472.079928412500389 1547843.999574217499780
11099472.079928412500389 1547844.298160154999736
11099472.079928412500389 1547844.596746092499692
11099472.079928412500389 1547844.895332029999648
11099472.378509141666926 1547839.819371092500396
11099472.378509141666926 1547840.117957030000352
11099472.378509141666926 1547840.416542967500308
11099472.378509141666926 1547840.715128905000264
11099472.378509141666926 1547841.013714842500220
11099472.378509141666926 1547841.312300780000176
11099472.378509141666926 1547841.610886717500132
11099472.378509141666926 1547841.909472655000088
11099472.378509141666926 1547842.208058592500044
11099472.378509141666926 1547842.506644530000000
11099472.378509141666926 1547842.805230467499956
11099472.378509141666926 1547843.103816404999912
11099472.378509141666926 1547843.402402342499868
11099472.378509141666926 1547843.700988279999824
11099472.378509141666926 1547843.999574217499780
11099472.378509141666926 1547844.298160154999736
11099472.378509141666926 1547844.596746092499692
11099472.378509141666926 1547844.895332029999648
11099472.677089870833463 1547839.819371092500396
11099472.677089870833463 1547840.117957030000352
11099472.677089870833463 1547840.416542967500308
11099472.677089870833463 1547840.715128905000264
11099472.677089870833463 1547841.013714842500220
11099472.677089870833463 1547841.312300780000176
11099472.677089870833463 1547841.610886717500132
11099472.677089870833463 1547841.909472655000088
11099472.677089870833463 1547842.208058592500044
11099472.677089870833463 1547842.506644530000000
11099472.677089870833463 1547842.805230467499956
11099472.677089870833463 1547843.103816404999912
11099472.677089870833463 1547843.402402342499868
11099472.677089870833463 1547843.700988279999824
11099472.677089870833463 1547843.999574217499780
11099472.677089870833463 1547844.298160154999736
11099472.677089870833463 1547844.596746092499692
11099472.677089870833463 1547844.895332029999648
11099472.975670600000000 1547839.819371092500396
11099472.975670600000000 1547840.117957030000352
11099472.975670600000000 1547840.416542967500308
11099472.975670600000000 1547840.715128905000264
11099472.975670600000000 1547841.013714842500220
11099472.975670600000000 1547841.312300780000176
11099472.975670600000000 1547841.610886717500132
11099472.975670600000000 1547841.909472655000088
11099472.975670600000000 1547842.208058592500044
11099472.975670600000000 1547842.506644530000000
11099472.975670600000000 1547842.805230467499956
11099472.975670600000000 1547843.103816404999912
11099472.975670600000000 1547843.402402342499868
11099472.975670600000000 1547843.700988279999824
11099472.975670600000000 1547843.999574217499780
11099472.975670600000000 1547844.298160154999736
11099472.975670600000000 1547844.596746092499692
11099472.975670600000000 1547844.895332029999648
11099473.274251329166537 1547839.819371092500396
11099473.274251329166537 1547840.117957030000352
11099473.274251329166537 1547840.416542967500308
11099473.274251329166537 1547840.715128905000264
11099473.274251329166537 1547841.013714842500220
11099473.274251329166537 1547841.312300780000176
11099473.274251329166537 1547841.610886717500132
11099473.274251329166537 1547841.909472655000088
11099473.274251329166537 1547842.208058592500044
11099473.274251329166537 1547842.506644530000000
11099473.274251329166537 1547842.805230467499956
11099473.274251329166537 1547843.103816404999912
11099473.274251329166537 1547843.402402342499868
11099473.274251329166537 1547843.700988279999824
11099473.274251329166537 1547843.999574217499780
11099473.274251329166537 1547844.298160154999736
11099473.274251329166537 1547844.596746092499692
11099473.274251329166537 1547844.895332029999648
11099473.572832058333074 1547839.819371092500396
11099473.572832058333074 1547840.117957030000352
11099473.572832058333074 1547840.416542967500308
11099473.572832058333074 1547840.715128905000264
11099473.572832058333074 1547841.013714842500220
11099473.572832058333074 1547841.312300780000176
11099473.572832058333074 1547841.610886717500132
11099473.572832058333074 1547841.909472655000088
11099473.572832058333074 1547842.208058592500044
11099473.572832058333074 1547842.506644530000000
11099473.572832058333074 1547842.805230467499956
11099473.572832058333074 1547843.103816404999912
11099473.572832058333074 1547843.402402342499868
11099473.572832058333074 1547843.700988279999824
11099473.572832058333074 1547843.999574217499780
11099473.572832058333074 1547844.298160154999736
11099473.572832058333074 1547844.596746092499692
11099473.572832058333074 1547844.895332029999648
11099473.871412787499611 1547839.819371092500396
11099473.871412787499611 1547840.117957030000352
11099473.871412787499611 1547840.416542967500308
11099473.871412787499611 1547840.715128905000264
11099473.871412787499611 1547841.013714842500220
11099473.871412787499611 1547841.312300780000176
11099473.871412787499611 1547841.610886717500132
11099473.871412787499611 1547841.909472655000088
11099473.871412787499611 1547842.208058592500044
11099473.871412787499611 1547842.506644530000000
11099473.871412787499611 1547842.805230467499956
11099473.871412787499611 1547843.103816404999912
11099473.871412787499611 1547843.402402342499868
11099473.871412787499611 1547843.700988279999824
11099473.871412787499611 1547843.999574217499780
11099473.871412787499611 1547844.298160154999736
11099473.871412787499611 1547844.596746092499692
11099473.871412787499611 1547844.895332029999648
11099474.169993516666148 1547839.819371092500396
11099474.169993516666148 1547840.117957030000352
11099474.169993516666148 1547840.416542967500308
11099474.169993516666148 1547840.715128905000264
11099474.169993516666148 1547841.013714842500220
11099474.169993516666148 1547841.312300780000176
11099474.169993516666148 1547841.610886717500132
11099474.169993516666148 1547841.909472655000088
11099474.169993516666148 1547842.208058592500044
11099474.169993516666148 1547842.506644530000000
11099474.169993516666148 1547842.805230467499956
11099474.169993516666148 1547843.103816404999912
11099474.169993516666148 1547843.402402342499868
11099474.169993516666148 1547843.700988279999824
11099474.169993516666148 1547843.999574217499780
11099474.169993516666148 1547844.298160154999736
11099474.169993516666148 1547844.596746092499692
11099474.169993516666148 1547844.895332029999648
11099474.468574245832685 1547839.819371092500396
11099474.468574245832685 1547840.117957030000352
11099474.468574245832685 1547840.416542967500308
11099474.468574245832685 1547840.715128905000264
11099474.468574245832685 1547841.013714842500220
11099474.468574245832685 1547841.312300780000176
11099474.468574245832685 1547841.610886717500132
11099474.468574245832685 1547841.909472655000088
11099474.468574245832685 1547842.208058592500044
11099474.468574245832685 1547842.506644530000000
11099474.468574245832685 1547842.805230467499956
11099474.468574245832685 1547843.103816404999912
11099474.468574245832685 1547843.402402342499868
11099474.468574245832685 1547843.700988279999824
11099474.468574245832685 1547843.999574217499780
11099474.468574245832685 1547844.298160154999736
11099474.468574245832685 1547844.596746092499692
11099474.468574245832685 1547844.895332029999648
11099474.767154974999222 1547839.819371092500396
11099474.767154974999222 1547840.117957030000352
11099474.767154974999222 1547840.416542967500308
11099474.767154974999222 1547840.715128905000264
11099474.767154974999222 1547841.013714842500220
11099474.767154974999222 1547841.312300780000176
11099474.767154974999222 1547841.610886717500132
11099474.767154974999222 1547841.909472655000088
11099474.767154974999222 1547842.208058592500044
11099474.767154974999222 1547842.506644530000000
11099474.767154974999222 1547842.805230467499956
11099474.767154974999222 1547843.103816404999912
11099474.767154974999222 1547843.402402342499868
11099474.767154974999222 1547843.700988279999824
11099474.767154974999222 1547843.999574217499780
11099474.767154974999222 1547844.298160154999736
11099474.767154974999222 1547844.596746092499692
11099474.767154974999222 1547844.895332029999648
11099475.065735704165759 1547839.819371092500396
11099475.065735704165759 1547840.117957030000352
11099475.065735704165759 1547840.416542967500308
11099475.065735704165759 1547840.715128905000264
11099475.065735704165759 1547841.013714842500220
11099475.065735704165759 1547841.312300780000176
11099475.065735704165759 1547841.610886717500132
11099475.065735704165759 1547841.909472655000088
11099475.065735704165759 1547842.208058592500044
11099475.065735704165759 1547842.506644530000000
11099475.065735704165759 1547842.805230467499956
11099475.065735704165759 1547843.103816404999912
11099475.065735704165759 1547843.402402342499868
11099475.065735704165759 1547843.700988279999824
11099475.065735704165759 1547843.999574217499780
11099475.065735704165759 1547844.298160154999736
11099475.065735704165759 1547844.596746092499692
11099475.065735704165759 1547844.895332029999648
11099475.364316433332296 1547839.819371092500396
11099475.364316433332296 1547840.117957030000352
11099475.364316433332296 1547840.416542967500308
11099475.364316433332296 1547840.715128905000264
11099475.364316433332296 1547841.013714842500220
11099475.364316433332296 1547841.312300780000176
11099475.364316433332296 1547841.610886717500132
11099475.364316433332296 1547841.909472655000088
11099475.364316433332296 1547842.208058592500044
11099475.364316433332296 1547842.506644530000000
11099475.364316433332296 1547842.805230467499956
11099475.364316433332296 1547843.103816404999912
11099475.364316433332296 1547843.402402342499868
11099475.364316433332296 1547843.700988279999824
11099475.364316433332296 1547843.999574217499780
11099475.364316433332296 1547844.298160154999736
11099475.364316433332296 1547844.596746092499692
11099475.364316433332296 1547844.895332029999648
