11099421.918365837501167 1547836.236339842500396
11099421.918365837501167 1547836.534925780000352
11099421.918365837501167 1547836.833511717500308
11099421.918365837501167 1547837.132097655000264
11099421.918365837501167 1547837.430683592500220
11099421.918365837501167 1547837.729269530000176
11099421.918365837501167 1547838.027855467500132
11099421.918365837501167 1547838.326441405000088
11099421.918365837501167 1547838.625027342500044
11099421.918365837501167 1547838.923613280000000
11099421.918365837501167 1547839.222199217499956
11099421.918365837501167 1547839.520785154999912
11099421.918365837501167 1547839.819371092499868
11099421.918365837501167 1547840.117957029999824
11099421.918365837501167 1547840.416542967499780
11099421.918365837501167 1547840.715128904999736
11099421.918365837501167 1547841.013714842499692
11099421.918365837501167 1547841.312300779999648
11099422.216946566667704 1547836.236339842500396
11099422.216946566667704 1547836.534925780000352
11099422.216946566667704 1547836.833511717500308
11099422.216946566667704 1547837.132097655000264
11099422.216946566667704 1547837.430683592500220
11099422.216946566667704 1547837.729269530000176
11099422.216946566667704 1547838.027855467500132
11099422.216946566667704 1547838.326441405000088
11099422.216946566667704 1547838.625027342500044
11099422.216946566667704 1547838.923613280000000
11099422.216946566667704 1547839.222199217499956
11099422.216946566667704 1547839.520785154999912
11099422.216946566667704 1547839.819371092499868
11099422.216946566667704 1547840.117957029999824
11099422.216946566667704 1547840.416542967499780
11099422.216946566667704 1547840.715128904999736
11099422.216946566667704 1547841.013714842499692
11099422.216946566667704 1547841.312300779999648
11099422.515527295834241 1547836.236339842500396
11099422.515527295834241 1547836.534925780000352
11099422.515527295834241 1547836.833511717500308
11099422.515527295834241 1547837.132097655000264
11099422.515527295834241 1547837.430683592500220
11099422.515527295834241 1547837.729269530000176
11099422.515527295834241 1547838.027855467500132
11099422.515527295834241 1547838.326441405000088
11099422.515527295834241 1547838.625027342500044
11099422.515527295834241 1547838.923613280000000
11099422.515527295834241 1547839.222199217499956
11099422.515527295834241 1547839.520785154999912
11099422.515527295834241 1547839.819371092499868
11099422.515527295834241 1547840.117957029999824
11099422.515527295834241 1547840.416542967499780
11099422.515527295834241 1547840.715128904999736
11099422.515527295834241 1547841.013714842499692
11099422.515527295834241 1547841.312300779999648
11099422.814108025000778 1547836.236339842500396
11099422.814108025000778 1547836.534925780000352
11099422.814108025000778 1547836.833511717500308
11099422.814108025000778 1547837.132097655000264
11099422.814108025000778 1547837.430683592500220
11099422.814108025000778 1547837.729269530000176
11099422.814108025000778 1547838.027855467500132
11099422.814108025000778 1547838.326441405000088
11099422.814108025000778 1547838.625027342500044
11099422.814108025000778 1547838.923613280000000
11099422.814108025000778 1547839.222199217499956
11099422.814108025000778 1547839.520785154999912
11099422.814108025000778 1547839.819371092499868
11099422.814108025000778 1547840.117957029999824
11099422.814108025000778 1547840.416542967499780
11099422.814108025000778 1547840.715128904999736
11099422.814108025000778 1547841.013714842499692
11099422.814108025000778 1547841.312300779999648
11099423.112688754167315 1547836.236339842500396
11099423.112688754167315 1547836.534925780000352
11099423.112688754167315 1547836.833511717500308
11099423.112688754167315 1547837.132097655000264
11099423.112688754167315 1547837.430683592500220
11099423.112688754167315 1547837.729269530000176
11099423.112688754167315 1547838.027855467500132
11099423.112688754167315 1547838.326441405000088
11099423.112688754167315 1547838.625027342500044
11099423.112688754167315 1547838.923613280000000
11099423.112688754167315 1547839.222199217499956
11099423.112688754167315 1547839.520785154999912
11099423.112688754167315 1547839.819371092499868
11099423.112688754167315 1547840.117957029999824
11099423.112688754167315 1547840.416542967499780
11099423.112688754167315 1547840.715128904999736
11099423.112688754167315 1547841.013714842499692
11099423.112688754167315 1547841.312300779999648
11099423.411269483333852 1547836.236339842500396
11099423.411269483333852 1547836.534925780000352
11099423.411269483333852 1547836.833511717500308
11099423.411269483333852 1547837.132097655000264
11099423.411269483333852 1547837.430683592500220
11099423.411269483333852 1547837.729269530000176
11099423.411269483333852 1547838.027855467500132
11099423.411269483333852 1547838.326441405000088
11099423.411269483333852 1547838.625027342500044
11099423.411269483333852 1547838.923613280000000
11099423.411269483333852 1547839.222199217499956
11099423.411269483333852 1547839.520785154999912
11099423.411269483333852 1547839.819371092499868
11099423.411269483333852 1547840.117957029999824
11099423.411269483333852 1547840.416542967499780
11099423.411269483333852 1547840.715128904999736
11099423.411269483333852 1547841.013714842499692
11099423.411269483333852 1547841.312300779999648
11099423.709850212500389 1547836.236339842500396
11099423.709850212500389 1547836.534925780000352
11099423.709850212500389 1547836.833511717500308
11099423.709850212500389 1547837.132097655000264
11099423.709850212500389 1547837.430683592500220
11099423.709850212500389 1547837.729269530000176
11099423.709850212500389 1547838.027855467500132
11099423.709850212500389 1547838.326441405000088
11099423.709850212500389 1547838.625027342500044
11099423.709850212500389 1547838.923613280000000
11099423.709850212500389 1547839.222199217499956
11099423.709850212500389 1547839.520785154999912
11099423.709850212500389 1547839.819371092499868
11099423.709850212500389 1547840.117957029999824
11099423.709850212500389 1547840.416542967499780
11099423.709850212500389 1547840.715128904999736
11099423.709850212500389 1547841.013714842499692
11099423.709850212500389 1547841.312300779999648
11099424.008430941666926 1547836.236339842500396
11099424.008430941666926 1547836.534925780000352
11099424.008430941666926 1547836.833511717500308
11099424.008430941666926 1547837.132097655000264
11099424.008430941666926 1547837.430683592500220
11099424.008430941666926 1547837.729269530000176
11099424.008430941666926 1547838.027855467500132
11099424.008430941666926 1547838.326441405000088
11099424.008430941666926 1547838.625027342500044
11099424.008430941666926 1547838.923613280000000
11099424.008430941666926 1547839.222199217499956
11099424.008430941666926 1547839.520785154999912
11099424.008430941666926 1547839.819371092499868
11099424.008430941666926 1547840.117957029999824
11099424.008430941666926 1547840.416542967499780
11099424.008430941666926 1547840.715128904999736
11099424.008430941666926 1547841.013714842499692
11099424.008430941666926 1547841.312300779999648
11099424.307011670833463 1547836.236339842500396
11099424.307011670833463 1547836.534925780000352
11099424.307011670833463 1547836.833511717500308
11099424.307011670833463 1547837.132097655000264
11099424.307011670833463 1547837.430683592500220
11099424.307011670833463 1547837.729269530000176
11099424.307011670833463 1547838.027855467500132
11099424.307011670833463 1547838.326441405000088
11099424.307011670833463 1547838.625027342500044
11099424.307011670833463 1547838.923613280000000
11099424.307011670833463 1547839.222199217499956
11099424.307011670833463 1547839.520785154999912
11099424.307011670833463 1547839.819371092499868
11099424.307011670833463 1547840.117957029999824
11099424.307011670833463 1547840.416542967499780
11099424.307011670833463 1547840.715128904999736
11099424.307011670833463 1547841.013714842499692
11099424.307011670833463 1547841.312300779999648
11099424.605592400000000 1547836.236339842500396
11099424.605592400000000 1547836.534925780000352
11099424.605592400000000 1547836.833511717500308
11099424.605592400000000 1547837.132097655000264
11099424.605592400000000 1547837.430683592500220
11099424.605592400000000 1547837.729269530000176
11099424.605592400000000 1547838.027855467500132
11099424.605592400000000 1547838.326441405000088
11099424.605592400000000 1547838.625027342500044
11099424.605592400000000 1547838.923613280000000
11099424.605592400000000 1547839.222199217499956
11099424.605592400000000 1547839.520785154999912
11099424.605592400000000 1547839.819371092499868
11099424.605592400000000 1547840.117957029999824
11099424.605592400000000 1547840.416542967499780
11099424.605592400000000 1547840.715128904999736
11099424.605592400000000 1547841.013714842499692
11099424.605592400000000 1547841.312300779999648
11099424.904173129166537 1547836.236339842500396
11099424.904173129166537 1547836.534925780000352
11099424.904173129166537 1547836.833511717500308
11099424.904173129166537 1547837.132097655000264
11099424.904173129166537 1547837.430683592500220
11099424.904173129166537 1547837.729269530000176
11099424.904173129166537 1547838.027855467500132
11099424.904173129166537 1547838.326441405000088
11099424.904173129166537 1547838.625027342500044
11099424.904173129166537 1547838.923613280000000
11099424.904173129166537 1547839.222199217499956
11099424.904173129166537 1547839.520785154999912
11099424.904173129166537 1547839.819371092499868
11099424.904173129166537 1547840.117957029999824
11099424.904173129166537 1547840.416542967499780
11099424.904173129166537 1547840.715128904999736
11099424.904173129166537 1547841.013714842499692
11099424.904173129166537 1547841.312300779999648
11099425.202753858333074 1547836.236339842500396
11099425.202753858333074 1547836.534925780000352
11099425.202753858333074 1547836.833511717500308
11099425.202753858333074 1547837.132097655000264
11099425.202753858333074 1547837.430683592500220
11099425.202753858333074 1547837.729269530000176
11099425.202753858333074 1547838.027855467500132
11099425.202753858333074 1547838.326441405000088
11099425.202753858333074 1547838.625027342500044
11099425.202753858333074 1547838.923613280000000
11099425.202753858333074 1547839.222199217499956
11099425.202753858333074 1547839.520785154999912
11099425.202753858333074 1547839.819371092499868
11099425.202753858333074 1547840.117957029999824
11099425.202753858333074 1547840.416542967499780
11099425.202753858333074 1547840.715128904999736
11099425.202753858333074 1547841.013714842499692
11099425.202753858333074 1547841.312300779999648
11099425.501334587499611 1547836.236339842500396
11099425.501334587499611 1547836.534925780000352
11099425.501334587499611 1547836.833511717500308
11099425.501334587499611 1547837.132097655000264
11099425.501334587499611 1547837.430683592500220
11099425.501334587499611 1547837.729269530000176
11099425.501334587499611 1547838.027855467500132
11099425.501334587499611 1547838.326441405000088
11099425.501334587499611 1547838.625027342500044
11099425.501334587499611 1547838.923613280000000
11099425.501334587499611 1547839.222199217499956
11099425.501334587499611 1547839.520785154999912
11099425.501334587499611 1547839.819371092499868
11099425.501334587499611 1547840.117957029999824
11099425.501334587499611 1547840.416542967499780
11099425.501334587499611 1547840.715128904999736
11099425.501334587499611 1547841.013714842499692
11099425.501334587499611 1547841.312300779999648
11099425.799915316666148 1547836.236339842500396
11099425.799915316666148 1547836.534925780000352
11099425.799915316666148 1547836.833511717500308
11099425.799915316666148 1547837.132097655000264
11099425.799915316666148 1547837.430683592500220
11099425.799915316666148 1547837.729269530000176
11099425.799915316666148 1547838.027855467500132
11099425.799915316666148 1547838.326441405000088
11099425.799915316666148 1547838.625027342500044
11099425.799915316666148 1547838.923613280000000
11099425.799915316666148 1547839.222199217499956
11099425.799915316666148 1547839.520785154999912
11099425.799915316666148 1547839.819371092499868
11099425.799915316666148 1547840.117957029999824
11099425.799915316666148 1547840.416542967499780
11099425.799915316666148 1547840.715128904999736
11099425.799915316666148 1547841.013714842499692
11099425.799915316666148 1547841.312300779999648
11099426.098496045832685 1547836.236339842500396
11099426.098496045832685 1547836.534925780000352
11099426.098496045832685 1547836.833511717500308
11099426.098496045832685 1547837.132097655000264
11099426.098496045832685 1547837.430683592500220
11099426.098496045832685 1547837.729269530000176
11099426.098496045832685 1547838.027855467500132
11099426.098496045832685 1547838.326441405000088
11099426.098496045832685 1547838.625027342500044
11099426.098496045832685 1547838.923613280000000
11099426.098496045832685 1547839.222199217499956
11099426.098496045832685 1547839.520785154999912
11099426.098496045832685 1547839.819371092499868
11099426.098496045832685 1547840.117957029999824
11099426.098496045832685 1547840.416542967499780
11099426.098496045832685 1547840.715128904999736
11099426.098496045832685 1547841.013714842499692
11099426.098496045832685 1547841.312300779999648
11099426.397076774999222 1547836.236339842500396
11099426.397076774999222 1547836.534925780000352
11099426.397076774999222 1547836.833511717500308
11099426.397076774999222 1547837.132097655000264
11099426.397076774999222 1547837.430683592500220
11099426.397076774999222 1547837.729269530000176
11099426.397076774999222 1547838.027855467500132
11099426.397076774999222 1547838.326441405000088
11099426.397076774999222 1547838.625027342500044
11099426.397076774999222 1547838.923613280000000
11099426.397076774999222 1547839.222199217499956
11099426.397076774999222 1547839.520785154999912
11099426.397076774999222 1547839.819371092499868
11099426.397076774999222 1547840.117957029999824
11099426.397076774999222 1547840.416542967499780
11099426.397076774999222 1547840.715128904999736
11099426.397076774999222 1547841.013714842499692
11099426.397076774999222 1547841.312300779999648
11099426.695657504165759 1547836.236339842500396
11099426.695657504165759 1547836.534925780000352
11099426.695657504165759 1547836.833511717500308
11099426.695657504165759 1547837.132097655000264
11099426.695657504165759 1547837.430683592500220
11099426.695657504165759 1547837.729269530000176
11099426.695657504165759 1547838.027855467500132
11099426.695657504165759 1547838.326441405000088
11099426.695657504165759 1547838.625027342500044
11099426.695657504165759 1547838.923613280000000
11099426.695657504165759 1547839.222199217499956
11099426.695657504165759 1547839.520785154999912
11099426.695657504165759 1547839.819371092499868
11099426.695657504165759 1547840.117957029999824
11099426.695657504165759 1547840.416542967499780
11099426.695657504165759 1547840.715128904999736
11099426.695657504165759 1547841.013714842499692
11099426.695657504165759 1547841.312300779999648
11099426.994238233332296 1547836.236339842500396
11099426.994238233332296 1547836.534925780000352
11099426.994238233332296 1547836.833511717500308
11099426.994238233332296 1547837.132097655000264
11099426.994238233332296 1547837.430683592500220
11099426.994238233332296 1547837.729269530000176
11099426.994238233332296 1547838.027855467500132
11099426.994238233332296 1547838.326441405000088
11099426.994238233332296 1547838.625027342500044
11099426.994238233332296 1547838.923613280000000
11099426.994238233332296 1547839.222199217499956
11099426.994238233332296 1547839.520785154999912
11099426.994238233332296 1547839.819371092499868
11099426.994238233332296 1547840.117957029999824
11099426.994238233332296 1547840.416542967499780
11099426.994238233332296 1547840.715128904999736
11099426.994238233332296 1547841.013714842499692
11099426.994238233332296 1547841.312300779999648
