11099433.861595037501167 1547832.056136722500396
11099433.861595037501167 1547832.354722660000352
11099433.861595037501167 1547832.653308597500308
11099433.861595037501167 1547832.951894535000264
11099433.861595037501167 1547833.250480472500220
11099433.861595037501167 1547833.549066410000176
11099433.861595037501167 1547833.847652347500132
11099433.861595037501167 1547834.146238285000088
11099433.861595037501167 1547834.444824222500044
11099433.861595037501167 1547834.743410160000000
11099433.861595037501167 1547835.041996097499956
11099433.861595037501167 1547835.340582034999912
11099433.861595037501167 1547835.639167972499868
11099433.861595037501167 1547835.937753909999824
11099433.861595037501167 1547836.236339847499780
11099433.861595037501167 1547836.534925784999736
11099433.861595037501167 1547836.833511722499692
11099433.861595037501167 1547837.132097659999648
11099434.160175766667704 1547832.056136722500396
11099434.160175766667704 1547832.354722660000352
11099434.160175766667704 1547832.653308597500308
11099434.160175766667704 1547832.951894535000264
11099434.160175766667704 1547833.250480472500220
11099434.160175766667704 1547833.549066410000176
11099434.160175766667704 1547833.847652347500132
11099434.160175766667704 1547834.146238285000088
11099434.160175766667704 1547834.444824222500044
11099434.160175766667704 1547834.743410160000000
11099434.160175766667704 1547835.041996097499956
11099434.160175766667704 1547835.340582034999912
11099434.160175766667704 1547835.639167972499868
11099434.160175766667704 1547835.937753909999824
11099434.160175766667704 1547836.236339847499780
11099434.160175766667704 1547836.534925784999736
11099434.160175766667704 1547836.833511722499692
11099434.160175766667704 1547837.132097659999648
11099434.458756495834241 1547832.056136722500396
11099434.458756495834241 1547832.354722660000352
11099434.458756495834241 1547832.653308597500308
11099434.458756495834241 1547832.951894535000264
11099434.458756495834241 1547833.250480472500220
11099434.458756495834241 1547833.549066410000176
11099434.458756495834241 1547833.847652347500132
11099434.458756495834241 1547834.146238285000088
11099434.458756495834241 1547834.444824222500044
11099434.458756495834241 1547834.743410160000000
11099434.458756495834241 1547835.041996097499956
11099434.458756495834241 1547835.340582034999912
11099434.458756495834241 1547835.639167972499868
11099434.458756495834241 1547835.937753909999824
11099434.458756495834241 1547836.236339847499780
11099434.458756495834241 1547836.534925784999736
11099434.458756495834241 1547836.833511722499692
11099434.458756495834241 1547837.132097659999648
11099434.757337225000778 1547832.056136722500396
11099434.757337225000778 1547832.354722660000352
11099434.757337225000778 1547832.653308597500308
11099434.757337225000778 1547832.951894535000264
11099434.757337225000778 1547833.250480472500220
11099434.757337225000778 1547833.549066410000176
11099434.757337225000778 1547833.847652347500132
11099434.757337225000778 1547834.146238285000088
11099434.757337225000778 1547834.444824222500044
11099434.757337225000778 1547834.743410160000000
11099434.757337225000778 1547835.041996097499956
11099434.757337225000778 1547835.340582034999912
11099434.757337225000778 1547835.639167972499868
11099434.757337225000778 1547835.937753909999824
11099434.757337225000778 1547836.236339847499780
11099434.757337225000778 1547836.534925784999736
11099434.757337225000778 1547836.833511722499692
11099434.757337225000778 1547837.132097659999648
11099435.055917954167315 1547832.056136722500396
11099435.055917954167315 1547832.354722660000352
11099435.055917954167315 1547832.653308597500308
11099435.055917954167315 1547832.951894535000264
11099435.055917954167315 1547833.250480472500220
11099435.055917954167315 1547833.549066410000176
11099435.055917954167315 1547833.847652347500132
11099435.055917954167315 1547834.146238285000088
11099435.055917954167315 1547834.444824222500044
11099435.055917954167315 1547834.743410160000000
11099435.055917954167315 1547835.041996097499956
11099435.055917954167315 1547835.340582034999912
11099435.055917954167315 1547835.639167972499868
11099435.055917954167315 1547835.937753909999824
11099435.055917954167315 1547836.236339847499780
11099435.055917954167315 1547836.534925784999736
11099435.055917954167315 1547836.833511722499692
11099435.055917954167315 1547837.132097659999648
11099435.354498683333852 1547832.056136722500396
11099435.354498683333852 1547832.354722660000352
11099435.354498683333852 1547832.653308597500308
11099435.354498683333852 1547832.951894535000264
11099435.354498683333852 1547833.250480472500220
11099435.354498683333852 1547833.549066410000176
11099435.354498683333852 1547833.847652347500132
11099435.354498683333852 1547834.146238285000088
11099435.354498683333852 1547834.444824222500044
11099435.354498683333852 1547834.743410160000000
11099435.354498683333852 1547835.041996097499956
11099435.354498683333852 1547835.340582034999912
11099435.354498683333852 1547835.639167972499868
11099435.354498683333852 1547835.937753909999824
11099435.354498683333852 1547836.236339847499780
11099435.354498683333852 1547836.534925784999736
11099435.354498683333852 1547836.833511722499692
11099435.354498683333852 1547837.132097659999648
11099435.653079412500389 1547832.056136722500396
11099435.653079412500389 1547832.354722660000352
11099435.653079412500389 1547832.653308597500308
11099435.653079412500389 1547832.951894535000264
11099435.653079412500389 1547833.250480472500220
11099435.653079412500389 1547833.549066410000176
11099435.653079412500389 1547833.847652347500132
11099435.653079412500389 1547834.146238285000088
11099435.653079412500389 1547834.444824222500044
11099435.653079412500389 1547834.743410160000000
11099435.653079412500389 1547835.041996097499956
11099435.653079412500389 1547835.340582034999912
11099435.653079412500389 1547835.639167972499868
11099435.653079412500389 1547835.937753909999824
11099435.653079412500389 1547836.236339847499780
11099435.653079412500389 1547836.534925784999736
11099435.653079412500389 1547836.833511722499692
11099435.653079412500389 1547837.132097659999648
11099435.951660141666926 1547832.056136722500396
11099435.951660141666926 1547832.354722660000352
11099435.951660141666926 1547832.653308597500308
11099435.951660141666926 1547832.951894535000264
11099435.951660141666926 1547833.250480472500220
11099435.951660141666926 1547833.549066410000176
11099435.951660141666926 1547833.847652347500132
11099435.951660141666926 1547834.146238285000088
11099435.951660141666926 1547834.444824222500044
11099435.951660141666926 1547834.743410160000000
11099435.951660141666926 1547835.041996097499956
11099435.951660141666926 1547835.340582034999912
11099435.951660141666926 1547835.639167972499868
11099435.951660141666926 1547835.937753909999824
11099435.951660141666926 1547836.236339847499780
11099435.951660141666926 1547836.534925784999736
11099435.951660141666926 1547836.833511722499692
11099435.951660141666926 1547837.132097659999648
11099436.250240870833463 1547832.056136722500396
11099436.250240870833463 1547832.354722660000352
11099436.250240870833463 1547832.653308597500308
11099436.250240870833463 1547832.951894535000264
11099436.250240870833463 1547833.250480472500220
11099436.250240870833463 1547833.549066410000176
11099436.250240870833463 1547833.847652347500132
11099436.250240870833463 1547834.146238285000088
11099436.250240870833463 1547834.444824222500044
11099436.250240870833463 1547834.743410160000000
11099436.250240870833463 1547835.041996097499956
11099436.250240870833463 1547835.340582034999912
11099436.250240870833463 1547835.639167972499868
11099436.250240870833463 1547835.937753909999824
11099436.250240870833463 1547836.236339847499780
11099436.250240870833463 1547836.534925784999736
11099436.250240870833463 1547836.833511722499692
11099436.250240870833463 1547837.132097659999648
11099436.548821600000000 1547832.056136722500396
11099436.548821600000000 1547832.354722660000352
11099436.548821600000000 1547832.653308597500308
11099436.548821600000000 1547832.951894535000264
11099436.548821600000000 1547833.250480472500220
11099436.548821600000000 1547833.549066410000176
11099436.548821600000000 1547833.847652347500132
11099436.548821600000000 1547834.146238285000088
11099436.548821600000000 1547834.444824222500044
11099436.548821600000000 1547834.743410160000000
11099436.548821600000000 1547835.041996097499956
11099436.548821600000000 1547835.340582034999912
11099436.548821600000000 1547835.639167972499868
11099436.548821600000000 1547835.937753909999824
11099436.548821600000000 1547836.236339847499780
11099436.548821600000000 1547836.534925784999736
11099436.548821600000000 1547836.833511722499692
11099436.548821600000000 1547837.132097659999648
11099436.847402329166537 1547832.056136722500396
11099436.847402329166537 1547832.354722660000352
11099436.847402329166537 1547832.653308597500308
11099436.847402329166537 1547832.951894535000264
11099436.847402329166537 1547833.250480472500220
11099436.847402329166537 1547833.549066410000176
11099436.847402329166537 1547833.847652347500132
11099436.847402329166537 1547834.146238285000088
11099436.847402329166537 1547834.444824222500044
11099436.847402329166537 1547834.743410160000000
11099436.847402329166537 1547835.041996097499956
11099436.847402329166537 1547835.340582034999912
11099436.847402329166537 1547835.639167972499868
11099436.847402329166537 1547835.937753909999824
11099436.847402329166537 1547836.236339847499780
11099436.847402329166537 1547836.534925784999736
11099436.847402329166537 1547836.833511722499692
11099436.847402329166537 1547837.132097659999648
11099437.145983058333074 1547832.056136722500396
11099437.145983058333074 1547832.354722660000352
11099437.145983058333074 1547832.653308597500308
11099437.145983058333074 1547832.951894535000264
11099437.145983058333074 1547833.250480472500220
11099437.145983058333074 1547833.549066410000176
11099437.145983058333074 1547833.847652347500132
11099437.145983058333074 1547834.146238285000088
11099437.145983058333074 1547834.444824222500044
11099437.145983058333074 1547834.743410160000000
11099437.145983058333074 1547835.041996097499956
11099437.145983058333074 1547835.340582034999912
11099437.145983058333074 1547835.639167972499868
11099437.145983058333074 1547835.937753909999824
11099437.145983058333074 1547836.236339847499780
11099437.145983058333074 1547836.534925784999736
11099437.145983058333074 1547836.833511722499692
11099437.145983058333074 1547837.132097659999648
11099437.444563787499611 1547832.056136722500396
11099437.444563787499611 1547832.354722660000352
11099437.444563787499611 1547832.653308597500308
11099437.444563787499611 1547832.951894535000264
11099437.444563787499611 1547833.250480472500220
11099437.444563787499611 1547833.549066410000176
11099437.444563787499611 1547833.847652347500132
11099437.444563787499611 1547834.146238285000088
11099437.444563787499611 1547834.444824222500044
11099437.444563787499611 1547834.743410160000000
11099437.444563787499611 1547835.041996097499956
11099437.444563787499611 1547835.340582034999912
11099437.444563787499611 1547835.639167972499868
11099437.444563787499611 1547835.937753909999824
11099437.444563787499611 1547836.236339847499780
11099437.444563787499611 1547836.534925784999736
11099437.444563787499611 1547836.833511722499692
11099437.444563787499611 1547837.132097659999648
11099437.743144516666148 1547832.056136722500396
11099437.743144516666148 1547832.354722660000352
11099437.743144516666148 1547832.653308597500308
11099437.743144516666148 1547832.951894535000264
11099437.743144516666148 1547833.250480472500220
11099437.743144516666148 1547833.549066410000176
11099437.743144516666148 1547833.847652347500132
11099437.743144516666148 1547834.146238285000088
11099437.743144516666148 1547834.444824222500044
11099437.743144516666148 1547834.743410160000000
11099437.743144516666148 1547835.041996097499956
11099437.743144516666148 1547835.340582034999912
11099437.743144516666148 1547835.639167972499868
11099437.743144516666148 1547835.937753909999824
11099437.743144516666148 1547836.236339847499780
11099437.743144516666148 1547836.534925784999736
11099437.743144516666148 1547836.833511722499692
11099437.743144516666148 1547837.132097659999648
11099438.041725245832685 1547832.056136722500396
11099438.041725245832685 1547832.354722660000352
11099438.041725245832685 1547832.653308597500308
11099438.041725245832685 1547832.951894535000264
11099438.041725245832685 1547833.250480472500220
11099438.041725245832685 1547833.549066410000176
11099438.041725245832685 1547833.847652347500132
11099438.041725245832685 1547834.146238285000088
11099438.041725245832685 1547834.444824222500044
11099438.041725245832685 1547834.743410160000000
11099438.041725245832685 1547835.041996097499956
11099438.041725245832685 1547835.340582034999912
11099438.041725245832685 1547835.639167972499868
11099438.041725245832685 1547835.937753909999824
11099438.041725245832685 1547836.236339847499780
11099438.041725245832685 1547836.534925784999736
11099438.041725245832685 1547836.833511722499692
11099438.041725245832685 1547837.132097659999648
11099438.340305974999222 1547832.056136722500396
11099438.340305974999222 1547832.354722660000352
11099438.340305974999222 1547832.653308597500308
11099438.340305974999222 1547832.951894535000264
11099438.340305974999222 1547833.250480472500220
11099438.340305974999222 1547833.549066410000176
11099438.340305974999222 1547833.847652347500132
11099438.340305974999222 1547834.146238285000088
11099438.340305974999222 1547834.444824222500044
11099438.340305974999222 1547834.743410160000000
11099438.340305974999222 1547835.041996097499956
11099438.340305974999222 1547835.340582034999912
11099438.340305974999222 1547835.639167972499868
11099438.340305974999222 1547835.937753909999824
11099438.340305974999222 1547836.236339847499780
11099438.340305974999222 1547836.534925784999736
11099438.340305974999222 1547836.833511722499692
11099438.340305974999222 1547837.132097659999648
11099438.638886704165759 1547832.056136722500396
11099438.638886704165759 1547832.354722660000352
11099438.638886704165759 1547832.653308597500308
11099438.638886704165759 1547832.951894535000264
11099438.638886704165759 1547833.250480472500220
11099438.638886704165759 1547833.549066410000176
11099438.638886704165759 1547833.847652347500132
11099438.638886704165759 1547834.146238285000088
11099438.638886704165759 1547834.444824222500044
11099438.638886704165759 1547834.743410160000000
11099438.638886704165759 1547835.041996097499956
11099438.638886704165759 1547835.340582034999912
11099438.638886704165759 1547835.639167972499868
11099438.638886704165759 1547835.937753909999824
11099438.638886704165759 1547836.236339847499780
11099438.638886704165759 1547836.534925784999736
11099438.638886704165759 1547836.833511722499692
11099438.638886704165759 1547837.132097659999648
11099438.937467433332296 1547832.056136722500396
11099438.937467433332296 1547832.354722660000352
11099438.937467433332296 1547832.653308597500308
11099438.937467433332296 1547832.951894535000264
11099438.937467433332296 1547833.250480472500220
11099438.937467433332296 1547833.549066410000176
11099438.937467433332296 1547833.847652347500132
11099438.937467433332296 1547834.146238285000088
11099438.937467433332296 1547834.444824222500044
11099438.937467433332296 1547834.743410160000000
11099438.937467433332296 1547835.041996097499956
11099438.937467433332296 1547835.340582034999912
11099438.937467433332296 1547835.639167972499868
11099438.937467433332296 1547835.937753909999824
11099438.937467433332296 1547836.236339847499780
11099438.937467433332296 1547836.534925784999736
11099438.937467433332296 1547836.833511722499692
11099438.937467433332296 1547837.132097659999648
