11099421.619785137501167 1547826.681589842500396
11099421.619785137501167 1547826.980175780000352
11099421.619785137501167 1547827.278761717500308
11099421.619785137501167 1547827.577347655000264
11099421.619785137501167 1547827.875933592500220
11099421.619785137501167 1547828.174519530000176
11099421.619785137501167 1547828.473105467500132
11099421.619785137501167 1547828.771691405000088
11099421.619785137501167 1547829.070277342500044
11099421.619785137501167 1547829.368863280000000
11099421.619785137501167 1547829.667449217499956
11099421.619785137501167 1547829.966035154999912
11099421.619785137501167 1547830.264621092499868
11099421.619785137501167 1547830.563207029999824
11099421.619785137501167 1547830.861792967499780
11099421.619785137501167 1547831.160378904999736
11099421.619785137501167 1547831.458964842499692
11099421.619785137501167 1547831.757550779999648
11099421.918365866667704 1547826.681589842500396
11099421.918365866667704 1547826.980175780000352
11099421.918365866667704 1547827.278761717500308
11099421.918365866667704 1547827.577347655000264
11099421.918365866667704 1547827.875933592500220
11099421.918365866667704 1547828.174519530000176
11099421.918365866667704 1547828.473105467500132
11099421.918365866667704 1547828.771691405000088
11099421.918365866667704 1547829.070277342500044
11099421.918365866667704 1547829.368863280000000
11099421.918365866667704 1547829.667449217499956
11099421.918365866667704 1547829.966035154999912
11099421.918365866667704 1547830.264621092499868
11099421.918365866667704 1547830.563207029999824
11099421.918365866667704 1547830.861792967499780
11099421.918365866667704 1547831.160378904999736
11099421.918365866667704 1547831.458964842499692
11099421.918365866667704 1547831.757550779999648
11099422.216946595834241 1547826.681589842500396
11099422.216946595834241 1547826.980175780000352
11099422.216946595834241 1547827.278761717500308
11099422.216946595834241 1547827.577347655000264
11099422.216946595834241 1547827.875933592500220
11099422.216946595834241 1547828.174519530000176
11099422.216946595834241 1547828.473105467500132
11099422.216946595834241 1547828.771691405000088
11099422.216946595834241 1547829.070277342500044
11099422.216946595834241 1547829.368863280000000
11099422.216946595834241 1547829.667449217499956
11099422.216946595834241 1547829.966035154999912
11099422.216946595834241 1547830.264621092499868
11099422.216946595834241 1547830.563207029999824
11099422.216946595834241 1547830.861792967499780
11099422.216946595834241 1547831.160378904999736
11099422.216946595834241 1547831.458964842499692
11099422.216946595834241 1547831.757550779999648
11099422.515527325000778 1547826.681589842500396
11099422.515527325000778 1547826.980175780000352
11099422.515527325000778 1547827.278761717500308
11099422.515527325000778 1547827.577347655000264
11099422.515527325000778 1547827.875933592500220
11099422.515527325000778 1547828.174519530000176
11099422.515527325000778 1547828.473105467500132
11099422.515527325000778 1547828.771691405000088
11099422.515527325000778 1547829.070277342500044
11099422.515527325000778 1547829.368863280000000
11099422.515527325000778 1547829.667449217499956
11099422.515527325000778 1547829.966035154999912
11099422.515527325000778 1547830.264621092499868
11099422.515527325000778 1547830.563207029999824
11099422.515527325000778 1547830.861792967499780
11099422.515527325000778 1547831.160378904999736
11099422.515527325000778 1547831.458964842499692
11099422.515527325000778 1547831.757550779999648
11099422.814108054167315 1547826.681589842500396
11099422.814108054167315 1547826.980175780000352
11099422.814108054167315 1547827.278761717500308
11099422.814108054167315 1547827.577347655000264
11099422.814108054167315 1547827.875933592500220
11099422.814108054167315 1547828.174519530000176
11099422.814108054167315 1547828.473105467500132
11099422.814108054167315 1547828.771691405000088
11099422.814108054167315 1547829.070277342500044
11099422.814108054167315 1547829.368863280000000
11099422.814108054167315 1547829.667449217499956
11099422.814108054167315 1547829.966035154999912
11099422.814108054167315 1547830.264621092499868
11099422.814108054167315 1547830.563207029999824
11099422.814108054167315 1547830.861792967499780
11099422.814108054167315 1547831.160378904999736
11099422.814108054167315 1547831.458964842499692
11099422.814108054167315 1547831.757550779999648
11099423.112688783333852 1547826.681589842500396
11099423.112688783333852 1547826.980175780000352
11099423.112688783333852 1547827.278761717500308
11099423.112688783333852 1547827.577347655000264
11099423.112688783333852 1547827.875933592500220
11099423.112688783333852 1547828.174519530000176
11099423.112688783333852 1547828.473105467500132
11099423.112688783333852 1547828.771691405000088
11099423.112688783333852 1547829.070277342500044
11099423.112688783333852 1547829.368863280000000
11099423.112688783333852 1547829.667449217499956
11099423.112688783333852 1547829.966035154999912
11099423.112688783333852 1547830.264621092499868
11099423.112688783333852 1547830.563207029999824
11099423.112688783333852 1547830.861792967499780
11099423.112688783333852 1547831.160378904999736
11099423.112688783333852 1547831.458964842499692
11099423.112688783333852 1547831.757550779999648
11099423.411269512500389 1547826.681589842500396
11099423.411269512500389 1547826.980175780000352
11099423.411269512500389 1547827.278761717500308
11099423.411269512500389 1547827.577347655000264
11099423.411269512500389 1547827.875933592500220
11099423.411269512500389 1547828.174519530000176
11099423.411269512500389 1547828.473105467500132
11099423.411269512500389 1547828.771691405000088
11099423.411269512500389 1547829.070277342500044
11099423.411269512500389 1547829.368863280000000
11099423.411269512500389 1547829.667449217499956
11099423.411269512500389 1547829.966035154999912
11099423.411269512500389 1547830.264621092499868
11099423.411269512500389 1547830.563207029999824
11099423.411269512500389 1547830.861792967499780
11099423.411269512500389 1547831.160378904999736
11099423.411269512500389 1547831.458964842499692
11099423.411269512500389 1547831.757550779999648
11099423.709850241666926 1547826.681589842500396
11099423.709850241666926 1547826.980175780000352
11099423.709850241666926 1547827.278761717500308
11099423.709850241666926 1547827.577347655000264
11099423.709850241666926 1547827.875933592500220
11099423.709850241666926 1547828.174519530000176
11099423.709850241666926 1547828.473105467500132
11099423.709850241666926 1547828.771691405000088
11099423.709850241666926 1547829.070277342500044
11099423.709850241666926 1547829.368863280000000
11099423.709850241666926 1547829.667449217499956
11099423.709850241666926 1547829.966035154999912
11099423.709850241666926 1547830.264621092499868
11099423.709850241666926 1547830.563207029999824
11099423.709850241666926 1547830.861792967499780
11099423.709850241666926 1547831.160378904999736
11099423.709850241666926 1547831.458964842499692
11099423.709850241666926 1547831.757550779999648
11099424.008430970833463 1547826.681589842500396
11099424.008430970833463 1547826.980175780000352
11099424.008430970833463 1547827.278761717500308
11099424.008430970833463 1547827.577347655000264
11099424.008430970833463 1547827.875933592500220
11099424.008430970833463 1547828.174519530000176
11099424.008430970833463 1547828.473105467500132
11099424.008430970833463 1547828.771691405000088
11099424.008430970833463 1547829.070277342500044
11099424.008430970833463 1547829.368863280000000
11099424.008430970833463 1547829.667449217499956
11099424.008430970833463 1547829.966035154999912
11099424.008430970833463 1547830.264621092499868
11099424.008430970833463 1547830.563207029999824
11099424.008430970833463 1547830.861792967499780
11099424.008430970833463 1547831.160378904999736
11099424.008430970833463 1547831.458964842499692
11099424.008430970833463 1547831.757550779999648
11099424.307011700000000 1547826.681589842500396
11099424.307011700000000 1547826.980175780000352
11099424.307011700000000 1547827.278761717500308
11099424.307011700000000 1547827.577347655000264
11099424.307011700000000 1547827.875933592500220
11099424.307011700000000 1547828.174519530000176
11099424.307011700000000 1547828.473105467500132
11099424.307011700000000 1547828.771691405000088
11099424.307011700000000 1547829.070277342500044
11099424.307011700000000 1547829.368863280000000
11099424.307011700000000 1547829.667449217499956
11099424.307011700000000 1547829.966035154999912
11099424.307011700000000 1547830.264621092499868
11099424.307011700000000 1547830.563207029999824
11099424.307011700000000 1547830.861792967499780
11099424.307011700000000 1547831.160378904999736
11099424.307011700000000 1547831.458964842499692
11099424.307011700000000 1547831.757550779999648
11099424.605592429166537 1547826.681589842500396
11099424.605592429166537 1547826.980175780000352
11099424.605592429166537 1547827.278761717500308
11099424.605592429166537 1547827.577347655000264
11099424.605592429166537 1547827.875933592500220
11099424.605592429166537 1547828.174519530000176
11099424.605592429166537 1547828.473105467500132
11099424.605592429166537 1547828.771691405000088
11099424.605592429166537 1547829.070277342500044
11099424.605592429166537 1547829.368863280000000
11099424.605592429166537 1547829.667449217499956
11099424.605592429166537 1547829.966035154999912
11099424.605592429166537 1547830.264621092499868
11099424.605592429166537 1547830.563207029999824
11099424.605592429166537 1547830.861792967499780
11099424.605592429166537 1547831.160378904999736
11099424.605592429166537 1547831.458964842499692
11099424.605592429166537 1547831.757550779999648
11099424.904173158333074 1547826.681589842500396
11099424.904173158333074 1547826.980175780000352
11099424.904173158333074 1547827.278761717500308
11099424.904173158333074 1547827.577347655000264
11099424.904173158333074 1547827.875933592500220
11099424.904173158333074 1547828.174519530000176
11099424.904173158333074 1547828.473105467500132
11099424.904173158333074 1547828.771691405000088
11099424.904173158333074 1547829.070277342500044
11099424.904173158333074 1547829.368863280000000
11099424.904173158333074 1547829.667449217499956
11099424.904173158333074 1547829.966035154999912
11099424.904173158333074 1547830.264621092499868
11099424.904173158333074 1547830.563207029999824
11099424.904173158333074 1547830.861792967499780
11099424.904173158333074 1547831.160378904999736
11099424.904173158333074 1547831.458964842499692
11099424.904173158333074 1547831.757550779999648
11099425.202753887499611 1547826.681589842500396
11099425.202753887499611 1547826.980175780000352
11099425.202753887499611 1547827.278761717500308
11099425.202753887499611 1547827.577347655000264
11099425.202753887499611 1547827.875933592500220
11099425.202753887499611 1547828.174519530000176
11099425.202753887499611 1547828.473105467500132
11099425.202753887499611 1547828.771691405000088
11099425.202753887499611 1547829.070277342500044
11099425.202753887499611 1547829.368863280000000
11099425.202753887499611 1547829.667449217499956
11099425.202753887499611 1547829.966035154999912
11099425.202753887499611 1547830.264621092499868
11099425.202753887499611 1547830.563207029999824
11099425.202753887499611 1547830.861792967499780
11099425.202753887499611 1547831.160378904999736
11099425.202753887499611 1547831.458964842499692
11099425.202753887499611 1547831.757550779999648
11099425.501334616666148 1547826.681589842500396
11099425.501334616666148 1547826.980175780000352
11099425.501334616666148 1547827.278761717500308
11099425.501334616666148 1547827.577347655000264
11099425.501334616666148 1547827.875933592500220
11099425.501334616666148 1547828.174519530000176
11099425.501334616666148 1547828.473105467500132
11099425.501334616666148 1547828.771691405000088
11099425.501334616666148 1547829.070277342500044
11099425.501334616666148 1547829.368863280000000
11099425.501334616666148 1547829.667449217499956
11099425.501334616666148 1547829.966035154999912
11099425.501334616666148 1547830.264621092499868
11099425.501334616666148 1547830.563207029999824
11099425.501334616666148 1547830.861792967499780
11099425.501334616666148 1547831.160378904999736
11099425.501334616666148 1547831.458964842499692
11099425.501334616666148 1547831.757550779999648
11099425.799915345832685 1547826.681589842500396
11099425.799915345832685 1547826.980175780000352
11099425.799915345832685 1547827.278761717500308
11099425.799915345832685 1547827.577347655000264
11099425.799915345832685 1547827.875933592500220
11099425.799915345832685 1547828.174519530000176
11099425.799915345832685 1547828.473105467500132
11099425.799915345832685 1547828.771691405000088
11099425.799915345832685 1547829.070277342500044
11099425.799915345832685 1547829.368863280000000
11099425.799915345832685 1547829.667449217499956
11099425.799915345832685 1547829.966035154999912
11099425.799915345832685 1547830.264621092499868
11099425.799915345832685 1547830.563207029999824
11099425.799915345832685 1547830.861792967499780
11099425.799915345832685 1547831.160378904999736
11099425.799915345832685 1547831.458964842499692
11099425.799915345832685 1547831.757550779999648
11099426.098496074999222 1547826.681589842500396
11099426.098496074999222 1547826.980175780000352
11099426.098496074999222 1547827.278761717500308
11099426.098496074999222 1547827.577347655000264
11099426.098496074999222 1547827.875933592500220
11099426.098496074999222 1547828.174519530000176
11099426.098496074999222 1547828.473105467500132
11099426.098496074999222 1547828.771691405000088
11099426.098496074999222 1547829.070277342500044
11099426.098496074999222 1547829.368863280000000
11099426.098496074999222 1547829.667449217499956
11099426.098496074999222 1547829.966035154999912
11099426.098496074999222 1547830.264621092499868
11099426.098496074999222 1547830.563207029999824
11099426.098496074999222 1547830.861792967499780
11099426.098496074999222 1547831.160378904999736
11099426.098496074999222 1547831.458964842499692
11099426.098496074999222 1547831.757550779999648
11099426.397076804165759 1547826.681589842500396
11099426.397076804165759 1547826.980175780000352
11099426.397076804165759 1547827.278761717500308
11099426.397076804165759 1547827.577347655000264
11099426.397076804165759 1547827.875933592500220
11099426.397076804165759 1547828.174519530000176
11099426.397076804165759 1547828.473105467500132
11099426.397076804165759 1547828.771691405000088
11099426.397076804165759 1547829.070277342500044
11099426.397076804165759 1547829.368863280000000
11099426.397076804165759 1547829.667449217499956
11099426.397076804165759 1547829.966035154999912
11099426.397076804165759 1547830.264621092499868
11099426.397076804165759 1547830.563207029999824
11099426.397076804165759 1547830.861792967499780
11099426.397076804165759 1547831.160378904999736
11099426.397076804165759 1547831.458964842499692
11099426.397076804165759 1547831.757550779999648
11099426.695657533332296 1547826.681589842500396
11099426.695657533332296 1547826.980175780000352
11099426.695657533332296 1547827.278761717500308
11099426.695657533332296 1547827.577347655000264
11099426.695657533332296 1547827.875933592500220
11099426.695657533332296 1547828.174519530000176
11099426.695657533332296 1547828.473105467500132
11099426.695657533332296 1547828.771691405000088
11099426.695657533332296 1547829.070277342500044
11099426.695657533332296 1547829.368863280000000
11099426.695657533332296 1547829.667449217499956
11099426.695657533332296 1547829.966035154999912
11099426.695657533332296 1547830.264621092499868
11099426.695657533332296 1547830.563207029999824
11099426.695657533332296 1547830.861792967499780
11099426.695657533332296 1547831.160378904999736
11099426.695657533332296 1547831.458964842499692
11099426.695657533332296 1547831.757550779999648
