11099098.256855437501167 1547871.170894532500396
11099098.256855437501167 1547871.469480470000352
11099098.256855437501167 1547871.768066407500308
11099098.256855437501167 1547872.066652345000264
11099098.256855437501167 1547872.365238282500220
11099098.256855437501167 1547872.663824220000176
11099098.256855437501167 1547872.962410157500132
11099098.256855437501167 1547873.260996095000088
11099098.256855437501167 1547873.559582032500044
11099098.256855437501167 1547873.858167970000000
11099098.256855437501167 1547874.156753907499956
11099098.256855437501167 1547874.455339844999912
11099098.256855437501167 1547874.753925782499868
11099098.256855437501167 1547875.052511719999824
11099098.256855437501167 1547875.351097657499780
11099098.256855437501167 1547875.649683594999736
11099098.256855437501167 1547875.948269532499692
11099098.256855437501167 1547876.246855469999648
11099098.555436166667704 1547871.170894532500396
11099098.555436166667704 1547871.469480470000352
11099098.555436166667704 1547871.768066407500308
11099098.555436166667704 1547872.066652345000264
11099098.555436166667704 1547872.365238282500220
11099098.555436166667704 1547872.663824220000176
11099098.555436166667704 1547872.962410157500132
11099098.555436166667704 1547873.260996095000088
11099098.555436166667704 1547873.559582032500044
11099098.555436166667704 1547873.858167970000000
11099098.555436166667704 1547874.156753907499956
11099098.555436166667704 1547874.455339844999912
11099098.555436166667704 1547874.753925782499868
11099098.555436166667704 1547875.052511719999824
11099098.555436166667704 1547875.351097657499780
11099098.555436166667704 1547875.649683594999736
11099098.555436166667704 1547875.948269532499692
11099098.555436166667704 1547876.246855469999648
11099098.854016895834241 1547871.170894532500396
11099098.854016895834241 1547871.469480470000352
11099098.854016895834241 1547871.768066407500308
11099098.854016895834241 1547872.066652345000264
11099098.854016895834241 1547872.365238282500220
11099098.854016895834241 1547872.663824220000176
11099098.854016895834241 1547872.962410157500132
11099098.854016895834241 1547873.260996095000088
11099098.854016895834241 1547873.559582032500044
11099098.854016895834241 1547873.858167970000000
11099098.854016895834241 1547874.156753907499956
11099098.854016895834241 1547874.455339844999912
11099098.854016895834241 1547874.753925782499868
11099098.854016895834241 1547875.052511719999824
11099098.854016895834241 1547875.351097657499780
11099098.854016895834241 1547875.649683594999736
11099098.854016895834241 1547875.948269532499692
11099098.854016895834241 1547876.246855469999648
11099099.152597625000778 1547871.170894532500396
11099099.152597625000778 1547871.469480470000352
11099099.152597625000778 1547871.768066407500308
11099099.152597625000778 1547872.066652345000264
11099099.152597625000778 1547872.365238282500220
11099099.152597625000778 1547872.663824220000176
11099099.152597625000778 1547872.962410157500132
11099099.152597625000778 1547873.260996095000088
11099099.152597625000778 1547873.559582032500044
11099099.152597625000778 1547873.858167970000000
11099099.152597625000778 1547874.156753907499956
11099099.152597625000778 1547874.455339844999912
11099099.152597625000778 1547874.753925782499868
11099099.152597625000778 1547875.052511719999824
11099099.152597625000778 1547875.351097657499780
11099099.152597625000778 1547875.649683594999736
11099099.152597625000778 1547875.948269532499692
11099099.152597625000778 1547876.246855469999648
11099099.451178354167315 1547871.170894532500396
11099099.451178354167315 1547871.469480470000352
11099099.451178354167315 1547871.768066407500308
11099099.451178354167315 1547872.066652345000264
11099099.451178354167315 1547872.365238282500220
11099099.451178354167315 1547872.663824220000176
11099099.451178354167315 1547872.962410157500132
11099099.451178354167315 1547873.260996095000088
11099099.451178354167315 1547873.559582032500044
11099099.451178354167315 1547873.858167970000000
11099099.451178354167315 1547874.156753907499956
11099099.451178354167315 1547874.455339844999912
11099099.451178354167315 1547874.753925782499868
11099099.451178354167315 1547875.052511719999824
11099099.451178354167315 1547875.351097657499780
11099099.451178354167315 1547875.649683594999736
11099099.451178354167315 1547875.948269532499692
11099099.451178354167315 1547876.246855469999648
11099099.749759083333852 1547871.170894532500396
11099099.749759083333852 1547871.469480470000352
11099099.749759083333852 1547871.768066407500308
11099099.749759083333852 1547872.066652345000264
11099099.749759083333852 1547872.365238282500220
11099099.749759083333852 1547872.663824220000176
11099099.749759083333852 1547872.962410157500132
11099099.749759083333852 1547873.260996095000088
11099099.749759083333852 1547873.559582032500044
11099099.749759083333852 1547873.858167970000000
11099099.749759083333852 1547874.156753907499956
11099099.749759083333852 1547874.455339844999912
11099099.749759083333852 1547874.753925782499868
11099099.749759083333852 1547875.052511719999824
11099099.749759083333852 1547875.351097657499780
11099099.749759083333852 1547875.649683594999736
11099099.749759083333852 1547875.948269532499692
11099099.749759083333852 1547876.246855469999648
11099100.048339812500389 1547871.170894532500396
11099100.048339812500389 1547871.469480470000352
11099100.048339812500389 1547871.768066407500308
11099100.048339812500389 1547872.066652345000264
11099100.048339812500389 1547872.365238282500220
11099100.048339812500389 1547872.663824220000176
11099100.048339812500389 1547872.962410157500132
11099100.048339812500389 1547873.260996095000088
11099100.048339812500389 1547873.559582032500044
11099100.048339812500389 1547873.858167970000000
11099100.048339812500389 1547874.156753907499956
11099100.048339812500389 1547874.455339844999912
11099100.048339812500389 1547874.753925782499868
11099100.048339812500389 1547875.052511719999824
11099100.048339812500389 1547875.351097657499780
11099100.048339812500389 1547875.649683594999736
11099100.048339812500389 1547875.948269532499692
11099100.048339812500389 1547876.246855469999648
11099100.346920541666926 1547871.170894532500396
11099100.346920541666926 1547871.469480470000352
11099100.346920541666926 1547871.768066407500308
11099100.346920541666926 1547872.066652345000264
11099100.346920541666926 1547872.365238282500220
11099100.346920541666926 1547872.663824220000176
11099100.346920541666926 1547872.962410157500132
11099100.346920541666926 1547873.260996095000088
11099100.346920541666926 1547873.559582032500044
11099100.346920541666926 1547873.858167970000000
11099100.346920541666926 1547874.156753907499956
11099100.346920541666926 1547874.455339844999912
11099100.346920541666926 1547874.753925782499868
11099100.346920541666926 1547875.052511719999824
11099100.346920541666926 1547875.351097657499780
11099100.346920541666926 1547875.649683594999736
11099100.346920541666926 1547875.948269532499692
11099100.346920541666926 1547876.246855469999648
11099100.645501270833463 1547871.170894532500396
11099100.645501270833463 1547871.469480470000352
11099100.645501270833463 1547871.768066407500308
11099100.645501270833463 1547872.066652345000264
11099100.645501270833463 1547872.365238282500220
11099100.645501270833463 1547872.663824220000176
11099100.645501270833463 1547872.962410157500132
11099100.645501270833463 1547873.260996095000088
11099100.645501270833463 1547873.559582032500044
11099100.645501270833463 1547873.858167970000000
11099100.645501270833463 1547874.156753907499956
11099100.645501270833463 1547874.455339844999912
11099100.645501270833463 1547874.753925782499868
11099100.645501270833463 1547875.052511719999824
11099100.645501270833463 1547875.351097657499780
11099100.645501270833463 1547875.649683594999736
11099100.645501270833463 1547875.948269532499692
11099100.645501270833463 1547876.246855469999648
11099100.944082000000000 1547871.170894532500396
11099100.944082000000000 1547871.469480470000352
11099100.944082000000000 1547871.768066407500308
11099100.944082000000000 1547872.066652345000264
11099100.944082000000000 1547872.365238282500220
11099100.944082000000000 1547872.663824220000176
11099100.944082000000000 1547872.962410157500132
11099100.944082000000000 1547873.260996095000088
11099100.944082000000000 1547873.559582032500044
11099100.944082000000000 1547873.858167970000000
11099100.944082000000000 1547874.156753907499956
11099100.944082000000000 1547874.455339844999912
11099100.944082000000000 1547874.753925782499868
11099100.944082000000000 1547875.052511719999824
11099100.944082000000000 1547875.351097657499780
11099100.944082000000000 1547875.649683594999736
11099100.944082000000000 1547875.948269532499692
11099100.944082000000000 1547876.246855469999648
11099101.242662729166537 1547871.170894532500396
11099101.242662729166537 1547871.469480470000352
11099101.242662729166537 1547871.768066407500308
11099101.242662729166537 1547872.066652345000264
11099101.242662729166537 1547872.365238282500220
11099101.242662729166537 1547872.663824220000176
11099101.242662729166537 1547872.962410157500132
11099101.242662729166537 1547873.260996095000088
11099101.242662729166537 1547873.559582032500044
11099101.242662729166537 1547873.858167970000000
11099101.242662729166537 1547874.156753907499956
11099101.242662729166537 1547874.455339844999912
11099101.242662729166537 1547874.753925782499868
11099101.242662729166537 1547875.052511719999824
11099101.242662729166537 1547875.351097657499780
11099101.242662729166537 1547875.649683594999736
11099101.242662729166537 1547875.948269532499692
11099101.242662729166537 1547876.246855469999648
11099101.541243458333074 1547871.170894532500396
11099101.541243458333074 1547871.469480470000352
11099101.541243458333074 1547871.768066407500308
11099101.541243458333074 1547872.066652345000264
11099101.541243458333074 1547872.365238282500220
11099101.541243458333074 1547872.663824220000176
11099101.541243458333074 1547872.962410157500132
11099101.541243458333074 1547873.260996095000088
11099101.541243458333074 1547873.559582032500044
11099101.541243458333074 1547873.858167970000000
11099101.541243458333074 1547874.156753907499956
11099101.541243458333074 1547874.455339844999912
11099101.541243458333074 1547874.753925782499868
11099101.541243458333074 1547875.052511719999824
11099101.541243458333074 1547875.351097657499780
11099101.541243458333074 1547875.649683594999736
11099101.541243458333074 1547875.948269532499692
11099101.541243458333074 1547876.246855469999648
11099101.839824187499611 1547871.170894532500396
11099101.839824187499611 1547871.469480470000352
11099101.839824187499611 1547871.768066407500308
11099101.839824187499611 1547872.066652345000264
11099101.839824187499611 1547872.365238282500220
11099101.839824187499611 1547872.663824220000176
11099101.839824187499611 1547872.962410157500132
11099101.839824187499611 1547873.260996095000088
11099101.839824187499611 1547873.559582032500044
11099101.839824187499611 1547873.858167970000000
11099101.839824187499611 1547874.156753907499956
11099101.839824187499611 1547874.455339844999912
11099101.839824187499611 1547874.753925782499868
11099101.839824187499611 1547875.052511719999824
11099101.839824187499611 1547875.351097657499780
11099101.839824187499611 1547875.649683594999736
11099101.839824187499611 1547875.948269532499692
11099101.839824187499611 1547876.246855469999648
11099102.138404916666148 1547871.170894532500396
11099102.138404916666148 1547871.469480470000352
11099102.138404916666148 1547871.768066407500308
11099102.138404916666148 1547872.066652345000264
11099102.138404916666148 1547872.365238282500220
11099102.138404916666148 1547872.663824220000176
11099102.138404916666148 1547872.962410157500132
11099102.138404916666148 1547873.260996095000088
11099102.138404916666148 1547873.559582032500044
11099102.138404916666148 1547873.858167970000000
11099102.138404916666148 1547874.156753907499956
11099102.138404916666148 1547874.455339844999912
11099102.138404916666148 1547874.753925782499868
11099102.138404916666148 1547875.052511719999824
11099102.138404916666148 1547875.351097657499780
11099102.138404916666148 1547875.649683594999736
11099102.138404916666148 1547875.948269532499692
11099102.138404916666148 1547876.246855469999648
11099102.436985645832685 1547871.170894532500396
11099102.436985645832685 1547871.469480470000352
11099102.436985645832685 1547871.768066407500308
11099102.436985645832685 1547872.066652345000264
11099102.436985645832685 1547872.365238282500220
11099102.436985645832685 1547872.663824220000176
11099102.436985645832685 1547872.962410157500132
11099102.436985645832685 1547873.260996095000088
11099102.436985645832685 1547873.559582032500044
11099102.436985645832685 1547873.858167970000000
11099102.436985645832685 1547874.156753907499956
11099102.436985645832685 1547874.455339844999912
11099102.436985645832685 1547874.753925782499868
11099102.436985645832685 1547875.052511719999824
11099102.436985645832685 1547875.351097657499780
11099102.436985645832685 1547875.649683594999736
11099102.436985645832685 1547875.948269532499692
11099102.436985645832685 1547876.246855469999648
11099102.735566374999222 1547871.170894532500396
11099102.735566374999222 1547871.469480470000352
11099102.735566374999222 1547871.768066407500308
11099102.735566374999222 1547872.066652345000264
11099102.735566374999222 1547872.365238282500220
11099102.735566374999222 1547872.663824220000176
11099102.735566374999222 1547872.962410157500132
11099102.735566374999222 1547873.260996095000088
11099102.735566374999222 1547873.559582032500044
11099102.735566374999222 1547873.858167970000000
11099102.735566374999222 1547874.156753907499956
11099102.735566374999222 1547874.455339844999912
11099102.735566374999222 1547874.753925782499868
11099102.735566374999222 1547875.052511719999824
11099102.735566374999222 1547875.351097657499780
11099102.735566374999222 1547875.649683594999736
11099102.735566374999222 1547875.948269532499692
11099102.735566374999222 1547876.246855469999648
11099103.034147104165759 1547871.170894532500396
11099103.034147104165759 1547871.469480470000352
11099103.034147104165759 1547871.768066407500308
11099103.034147104165759 1547872.066652345000264
11099103.034147104165759 1547872.365238282500220
11099103.034147104165759 1547872.663824220000176
11099103.034147104165759 1547872.962410157500132
11099103.034147104165759 1547873.260996095000088
11099103.034147104165759 1547873.559582032500044
11099103.034147104165759 1547873.858167970000000
11099103.034147104165759 1547874.156753907499956
11099103.034147104165759 1547874.455339844999912
11099103.034147104165759 1547874.753925782499868
11099103.034147104165759 1547875.052511719999824
11099103.034147104165759 1547875.351097657499780
11099103.034147104165759 1547875.649683594999736
11099103.034147104165759 1547875.948269532499692
11099103.034147104165759 1547876.246855469999648
11099103.332727833332296 1547871.170894532500396
11099103.332727833332296 1547871.469480470000352
11099103.332727833332296 1547871.768066407500308
11099103.332727833332296 1547872.066652345000264
11099103.332727833332296 1547872.365238282500220
11099103.332727833332296 1547872.663824220000176
11099103.332727833332296 1547872.962410157500132
11099103.332727833332296 1547873.260996095000088
11099103.332727833332296 1547873.559582032500044
11099103.332727833332296 1547873.858167970000000
11099103.332727833332296 1547874.156753907499956
11099103.332727833332296 1547874.455339844999912
11099103.332727833332296 1547874.753925782499868
11099103.332727833332296 1547875.052511719999824
11099103.332727833332296 1547875.351097657499780
11099103.332727833332296 1547875.649683594999736
11099103.332727833332296 1547875.948269532499692
11099103.332727833332296 1547876.246855469999648
