11099030.479029937501167 1547833.250480472500396
11099030.479029937501167 1547833.549066410000352
11099030.479029937501167 1547833.847652347500308
11099030.479029937501167 1547834.146238285000264
11099030.479029937501167 1547834.444824222500220
11099030.479029937501167 1547834.743410160000176
11099030.479029937501167 1547835.041996097500132
11099030.479029937501167 1547835.340582035000088
11099030.479029937501167 1547835.639167972500044
11099030.479029937501167 1547835.937753910000000
11099030.479029937501167 1547836.236339847499956
11099030.479029937501167 1547836.534925784999912
11099030.479029937501167 1547836.833511722499868
11099030.479029937501167 1547837.132097659999824
11099030.479029937501167 1547837.430683597499780
11099030.479029937501167 1547837.729269534999736
11099030.479029937501167 1547838.027855472499692
11099030.479029937501167 1547838.326441409999648
11099030.777610666667704 1547833.250480472500396
11099030.777610666667704 1547833.549066410000352
11099030.777610666667704 1547833.847652347500308
11099030.777610666667704 1547834.146238285000264
11099030.777610666667704 1547834.444824222500220
11099030.777610666667704 1547834.743410160000176
11099030.777610666667704 1547835.041996097500132
11099030.777610666667704 1547835.340582035000088
11099030.777610666667704 1547835.639167972500044
11099030.777610666667704 1547835.937753910000000
11099030.777610666667704 1547836.236339847499956
11099030.777610666667704 1547836.534925784999912
11099030.777610666667704 1547836.833511722499868
11099030.777610666667704 1547837.132097659999824
11099030.777610666667704 1547837.430683597499780
11099030.777610666667704 1547837.729269534999736
11099030.777610666667704 1547838.027855472499692
11099030.777610666667704 1547838.326441409999648
11099031.076191395834241 1547833.250480472500396
11099031.076191395834241 1547833.549066410000352
11099031.076191395834241 1547833.847652347500308
11099031.076191395834241 1547834.146238285000264
11099031.076191395834241 1547834.444824222500220
11099031.076191395834241 1547834.743410160000176
11099031.076191395834241 1547835.041996097500132
11099031.076191395834241 1547835.340582035000088
11099031.076191395834241 1547835.639167972500044
11099031.076191395834241 1547835.937753910000000
11099031.076191395834241 1547836.236339847499956
11099031.076191395834241 1547836.534925784999912
11099031.076191395834241 1547836.833511722499868
11099031.076191395834241 1547837.132097659999824
11099031.076191395834241 1547837.430683597499780
11099031.076191395834241 1547837.729269534999736
11099031.076191395834241 1547838.027855472499692
11099031.076191395834241 1547838.326441409999648
11099031.374772125000778 1547833.250480472500396
11099031.374772125000778 1547833.549066410000352
11099031.374772125000778 1547833.847652347500308
11099031.374772125000778 1547834.146238285000264
11099031.374772125000778 1547834.444824222500220
11099031.374772125000778 1547834.743410160000176
11099031.374772125000778 1547835.041996097500132
11099031.374772125000778 1547835.340582035000088
11099031.374772125000778 1547835.639167972500044
11099031.374772125000778 1547835.937753910000000
11099031.374772125000778 1547836.236339847499956
11099031.374772125000778 1547836.534925784999912
11099031.374772125000778 1547836.833511722499868
11099031.374772125000778 1547837.132097659999824
11099031.374772125000778 1547837.430683597499780
11099031.374772125000778 1547837.729269534999736
11099031.374772125000778 1547838.027855472499692
11099031.374772125000778 1547838.326441409999648
11099031.673352854167315 1547833.250480472500396
11099031.673352854167315 1547833.549066410000352
11099031.673352854167315 1547833.847652347500308
11099031.673352854167315 1547834.146238285000264
11099031.673352854167315 1547834.444824222500220
11099031.673352854167315 1547834.743410160000176
11099031.673352854167315 1547835.041996097500132
11099031.673352854167315 1547835.340582035000088
11099031.673352854167315 1547835.639167972500044
11099031.673352854167315 1547835.937753910000000
11099031.673352854167315 1547836.236339847499956
11099031.673352854167315 1547836.534925784999912
11099031.673352854167315 1547836.833511722499868
11099031.673352854167315 1547837.132097659999824
11099031.673352854167315 1547837.430683597499780
11099031.673352854167315 1547837.729269534999736
11099031.673352854167315 1547838.027855472499692
11099031.673352854167315 1547838.326441409999648
11099031.971933583333852 1547833.250480472500396
11099031.971933583333852 1547833.549066410000352
11099031.971933583333852 1547833.847652347500308
11099031.971933583333852 1547834.146238285000264
11099031.971933583333852 1547834.444824222500220
11099031.971933583333852 1547834.743410160000176
11099031.971933583333852 1547835.041996097500132
11099031.971933583333852 1547835.340582035000088
11099031.971933583333852 1547835.639167972500044
11099031.971933583333852 1547835.937753910000000
11099031.971933583333852 1547836.236339847499956
11099031.971933583333852 1547836.534925784999912
11099031.971933583333852 1547836.833511722499868
11099031.971933583333852 1547837.132097659999824
11099031.971933583333852 1547837.430683597499780
11099031.971933583333852 1547837.729269534999736
11099031.971933583333852 1547838.027855472499692
11099031.971933583333852 1547838.326441409999648
11099032.270514312500389 1547833.250480472500396
11099032.270514312500389 1547833.549066410000352
11099032.270514312500389 1547833.847652347500308
11099032.270514312500389 1547834.146238285000264
11099032.270514312500389 1547834.444824222500220
11099032.270514312500389 1547834.743410160000176
11099032.270514312500389 1547835.041996097500132
11099032.270514312500389 1547835.340582035000088
11099032.270514312500389 1547835.639167972500044
11099032.270514312500389 1547835.937753910000000
11099032.270514312500389 1547836.236339847499956
11099032.270514312500389 1547836.534925784999912
11099032.270514312500389 1547836.833511722499868
11099032.270514312500389 1547837.132097659999824
11099032.270514312500389 1547837.430683597499780
11099032.270514312500389 1547837.729269534999736
11099032.270514312500389 1547838.027855472499692
11099032.270514312500389 1547838.326441409999648
11099032.569095041666926 1547833.250480472500396
11099032.569095041666926 1547833.549066410000352
11099032.569095041666926 1547833.847652347500308
11099032.569095041666926 1547834.146238285000264
11099032.569095041666926 1547834.444824222500220
11099032.569095041666926 1547834.743410160000176
11099032.569095041666926 1547835.041996097500132
11099032.569095041666926 1547835.340582035000088
11099032.569095041666926 1547835.639167972500044
11099032.569095041666926 1547835.937753910000000
11099032.569095041666926 1547836.236339847499956
11099032.569095041666926 1547836.534925784999912
11099032.569095041666926 1547836.833511722499868
11099032.569095041666926 1547837.132097659999824
11099032.569095041666926 1547837.430683597499780
11099032.569095041666926 1547837.729269534999736
11099032.569095041666926 1547838.027855472499692
11099032.569095041666926 1547838.326441409999648
11099032.867675770833463 1547833.250480472500396
11099032.867675770833463 1547833.549066410000352
11099032.867675770833463 1547833.847652347500308
11099032.867675770833463 1547834.146238285000264
11099032.867675770833463 1547834.444824222500220
11099032.867675770833463 1547834.743410160000176
11099032.867675770833463 1547835.041996097500132
11099032.867675770833463 1547835.340582035000088
11099032.867675770833463 1547835.639167972500044
11099032.867675770833463 1547835.937753910000000
11099032.867675770833463 1547836.236339847499956
11099032.867675770833463 1547836.534925784999912
11099032.867675770833463 1547836.833511722499868
11099032.867675770833463 1547837.132097659999824
11099032.867675770833463 1547837.430683597499780
11099032.867675770833463 1547837.729269534999736
11099032.867675770833463 1547838.027855472499692
11099032.867675770833463 1547838.326441409999648
11099033.166256500000000 1547833.250480472500396
11099033.166256500000000 1547833.549066410000352
11099033.166256500000000 1547833.847652347500308
11099033.166256500000000 1547834.146238285000264
11099033.166256500000000 1547834.444824222500220
11099033.166256500000000 1547834.743410160000176
11099033.166256500000000 1547835.041996097500132
11099033.166256500000000 1547835.340582035000088
11099033.166256500000000 1547835.639167972500044
11099033.166256500000000 1547835.937753910000000
11099033.166256500000000 1547836.236339847499956
11099033.166256500000000 1547836.534925784999912
11099033.166256500000000 1547836.833511722499868
11099033.166256500000000 1547837.132097659999824
11099033.166256500000000 1547837.430683597499780
11099033.166256500000000 1547837.729269534999736
11099033.166256500000000 1547838.027855472499692
11099033.166256500000000 1547838.326441409999648
11099033.464837229166537 1547833.250480472500396
11099033.464837229166537 1547833.549066410000352
11099033.464837229166537 1547833.847652347500308
11099033.464837229166537 1547834.146238285000264
11099033.464837229166537 1547834.444824222500220
11099033.464837229166537 1547834.743410160000176
11099033.464837229166537 1547835.041996097500132
11099033.464837229166537 1547835.340582035000088
11099033.464837229166537 1547835.639167972500044
11099033.464837229166537 1547835.937753910000000
11099033.464837229166537 1547836.236339847499956
11099033.464837229166537 1547836.534925784999912
11099033.464837229166537 1547836.833511722499868
11099033.464837229166537 1547837.132097659999824
11099033.464837229166537 1547837.430683597499780
11099033.464837229166537 1547837.729269534999736
11099033.464837229166537 1547838.027855472499692
11099033.464837229166537 1547838.326441409999648
11099033.763417958333074 1547833.250480472500396
11099033.763417958333074 1547833.549066410000352
11099033.763417958333074 1547833.847652347500308
11099033.763417958333074 1547834.146238285000264
11099033.763417958333074 1547834.444824222500220
11099033.763417958333074 1547834.743410160000176
11099033.763417958333074 1547835.041996097500132
11099033.763417958333074 1547835.340582035000088
11099033.763417958333074 1547835.639167972500044
11099033.763417958333074 1547835.937753910000000
11099033.763417958333074 1547836.236339847499956
11099033.763417958333074 1547836.534925784999912
11099033.763417958333074 1547836.833511722499868
11099033.763417958333074 1547837.132097659999824
11099033.763417958333074 1547837.430683597499780
11099033.763417958333074 1547837.729269534999736
11099033.763417958333074 1547838.027855472499692
11099033.763417958333074 1547838.326441409999648
11099034.061998687499611 1547833.250480472500396
11099034.061998687499611 1547833.549066410000352
11099034.061998687499611 1547833.847652347500308
11099034.061998687499611 1547834.146238285000264
11099034.061998687499611 1547834.444824222500220
11099034.061998687499611 1547834.743410160000176
11099034.061998687499611 1547835.041996097500132
11099034.061998687499611 1547835.340582035000088
11099034.061998687499611 1547835.639167972500044
11099034.061998687499611 1547835.937753910000000
11099034.061998687499611 1547836.236339847499956
11099034.061998687499611 1547836.534925784999912
11099034.061998687499611 1547836.833511722499868
11099034.061998687499611 1547837.132097659999824
11099034.061998687499611 1547837.430683597499780
11099034.061998687499611 1547837.729269534999736
11099034.061998687499611 1547838.027855472499692
11099034.061998687499611 1547838.326441409999648
11099034.360579416666148 1547833.250480472500396
11099034.360579416666148 1547833.549066410000352
11099034.360579416666148 1547833.847652347500308
11099034.360579416666148 1547834.146238285000264
11099034.360579416666148 1547834.444824222500220
11099034.360579416666148 1547834.743410160000176
11099034.360579416666148 1547835.041996097500132
11099034.360579416666148 1547835.340582035000088
11099034.360579416666148 1547835.639167972500044
11099034.360579416666148 1547835.937753910000000
11099034.360579416666148 1547836.236339847499956
11099034.360579416666148 1547836.534925784999912
11099034.360579416666148 1547836.833511722499868
11099034.360579416666148 1547837.132097659999824
11099034.360579416666148 1547837.430683597499780
11099034.360579416666148 1547837.729269534999736
11099034.360579416666148 1547838.027855472499692
11099034.360579416666148 1547838.326441409999648
11099034.659160145832685 1547833.250480472500396
11099034.659160145832685 1547833.549066410000352
11099034.659160145832685 1547833.847652347500308
11099034.659160145832685 1547834.146238285000264
11099034.659160145832685 1547834.444824222500220
11099034.659160145832685 1547834.743410160000176
11099034.659160145832685 1547835.041996097500132
11099034.659160145832685 1547835.340582035000088
11099034.659160145832685 1547835.639167972500044
11099034.659160145832685 1547835.937753910000000
11099034.659160145832685 1547836.236339847499956
11099034.659160145832685 1547836.534925784999912
11099034.659160145832685 1547836.833511722499868
11099034.659160145832685 1547837.132097659999824
11099034.659160145832685 1547837.430683597499780
11099034.659160145832685 1547837.729269534999736
11099034.659160145832685 1547838.027855472499692
11099034.659160145832685 1547838.326441409999648
11099034.957740874999222 1547833.250480472500396
11099034.957740874999222 1547833.549066410000352
11099034.957740874999222 1547833.847652347500308
11099034.957740874999222 1547834.146238285000264
11099034.957740874999222 1547834.444824222500220
11099034.957740874999222 1547834.743410160000176
11099034.957740874999222 1547835.041996097500132
11099034.957740874999222 1547835.340582035000088
11099034.957740874999222 1547835.639167972500044
11099034.957740874999222 1547835.937753910000000
11099034.957740874999222 1547836.236339847499956
11099034.957740874999222 1547836.534925784999912
11099034.957740874999222 1547836.833511722499868
11099034.957740874999222 1547837.132097659999824
11099034.957740874999222 1547837.430683597499780
11099034.957740874999222 1547837.729269534999736
11099034.957740874999222 1547838.027855472499692
11099034.957740874999222 1547838.326441409999648
11099035.256321604165759 1547833.250480472500396
11099035.256321604165759 1547833.549066410000352
11099035.256321604165759 1547833.847652347500308
11099035.256321604165759 1547834.146238285000264
11099035.256321604165759 1547834.444824222500220
11099035.256321604165759 1547834.743410160000176
11099035.256321604165759 1547835.041996097500132
11099035.256321604165759 1547835.340582035000088
11099035.256321604165759 1547835.639167972500044
11099035.256321604165759 1547835.937753910000000
11099035.256321604165759 1547836.236339847499956
11099035.256321604165759 1547836.534925784999912
11099035.256321604165759 1547836.833511722499868
11099035.256321604165759 1547837.132097659999824
11099035.256321604165759 1547837.430683597499780
11099035.256321604165759 1547837.729269534999736
11099035.256321604165759 1547838.027855472499692
11099035.256321604165759 1547838.326441409999648
11099035.554902333332296 1547833.250480472500396
11099035.554902333332296 1547833.549066410000352
11099035.554902333332296 1547833.847652347500308
11099035.554902333332296 1547834.146238285000264
11099035.554902333332296 1547834.444824222500220
11099035.554902333332296 1547834.743410160000176
11099035.554902333332296 1547835.041996097500132
11099035.554902333332296 1547835.340582035000088
11099035.554902333332296 1547835.639167972500044
11099035.554902333332296 1547835.937753910000000
11099035.554902333332296 1547836.236339847499956
11099035.554902333332296 1547836.534925784999912
11099035.554902333332296 1547836.833511722499868
11099035.554902333332296 1547837.132097659999824
11099035.554902333332296 1547837.430683597499780
11099035.554902333332296 1547837.729269534999736
11099035.554902333332296 1547838.027855472499692
11099035.554902333332296 1547838.326441409999648
