11099102.138404937501167 1547636.780933592500396
11099102.138404937501167 1547637.079519530000352
11099102.138404937501167 1547637.378105467500308
11099102.138404937501167 1547637.676691405000264
11099102.138404937501167 1547637.975277342500220
11099102.138404937501167 1547638.273863280000176
11099102.138404937501167 1547638.572449217500132
11099102.138404937501167 1547638.871035155000088
11099102.138404937501167 1547639.169621092500044
11099102.138404937501167 1547639.468207030000000
11099102.138404937501167 1547639.766792967499956
11099102.138404937501167 1547640.065378904999912
11099102.138404937501167 1547640.363964842499868
11099102.138404937501167 1547640.662550779999824
11099102.138404937501167 1547640.961136717499780
11099102.138404937501167 1547641.259722654999736
11099102.138404937501167 1547641.558308592499692
11099102.138404937501167 1547641.856894529999648
11099102.436985666667704 1547636.780933592500396
11099102.436985666667704 1547637.079519530000352
11099102.436985666667704 1547637.378105467500308
11099102.436985666667704 1547637.676691405000264
11099102.436985666667704 1547637.975277342500220
11099102.436985666667704 1547638.273863280000176
11099102.436985666667704 1547638.572449217500132
11099102.436985666667704 1547638.871035155000088
11099102.436985666667704 1547639.169621092500044
11099102.436985666667704 1547639.468207030000000
11099102.436985666667704 1547639.766792967499956
11099102.436985666667704 1547640.065378904999912
11099102.436985666667704 1547640.363964842499868
11099102.436985666667704 1547640.662550779999824
11099102.436985666667704 1547640.961136717499780
11099102.436985666667704 1547641.259722654999736
11099102.436985666667704 1547641.558308592499692
11099102.436985666667704 1547641.856894529999648
11099102.735566395834241 1547636.780933592500396
11099102.735566395834241 1547637.079519530000352
11099102.735566395834241 1547637.378105467500308
11099102.735566395834241 1547637.676691405000264
11099102.735566395834241 1547637.975277342500220
11099102.735566395834241 1547638.273863280000176
11099102.735566395834241 1547638.572449217500132
11099102.735566395834241 1547638.871035155000088
11099102.735566395834241 1547639.169621092500044
11099102.735566395834241 1547639.468207030000000
11099102.735566395834241 1547639.766792967499956
11099102.735566395834241 1547640.065378904999912
11099102.735566395834241 1547640.363964842499868
11099102.735566395834241 1547640.662550779999824
11099102.735566395834241 1547640.961136717499780
11099102.735566395834241 1547641.259722654999736
11099102.735566395834241 1547641.558308592499692
11099102.735566395834241 1547641.856894529999648
11099103.034147125000778 1547636.780933592500396
11099103.034147125000778 1547637.079519530000352
11099103.034147125000778 1547637.378105467500308
11099103.034147125000778 1547637.676691405000264
11099103.034147125000778 1547637.975277342500220
11099103.034147125000778 1547638.273863280000176
11099103.034147125000778 1547638.572449217500132
11099103.034147125000778 1547638.871035155000088
11099103.034147125000778 1547639.169621092500044
11099103.034147125000778 1547639.468207030000000
11099103.034147125000778 1547639.766792967499956
11099103.034147125000778 1547640.065378904999912
11099103.034147125000778 1547640.363964842499868
11099103.034147125000778 1547640.662550779999824
11099103.034147125000778 1547640.961136717499780
11099103.034147125000778 1547641.259722654999736
11099103.034147125000778 1547641.558308592499692
11099103.034147125000778 1547641.856894529999648
11099103.332727854167315 1547636.780933592500396
11099103.332727854167315 1547637.079519530000352
11099103.332727854167315 1547637.378105467500308
11099103.332727854167315 1547637.676691405000264
11099103.332727854167315 1547637.975277342500220
11099103.332727854167315 1547638.273863280000176
11099103.332727854167315 1547638.572449217500132
11099103.332727854167315 1547638.871035155000088
11099103.332727854167315 1547639.169621092500044
11099103.332727854167315 1547639.468207030000000
11099103.332727854167315 1547639.766792967499956
11099103.332727854167315 1547640.065378904999912
11099103.332727854167315 1547640.363964842499868
11099103.332727854167315 1547640.662550779999824
11099103.332727854167315 1547640.961136717499780
11099103.332727854167315 1547641.259722654999736
11099103.332727854167315 1547641.558308592499692
11099103.332727854167315 1547641.856894529999648
11099103.631308583333852 1547636.780933592500396
11099103.631308583333852 1547637.079519530000352
11099103.631308583333852 1547637.378105467500308
11099103.631308583333852 1547637.676691405000264
11099103.631308583333852 1547637.975277342500220
11099103.631308583333852 1547638.273863280000176
11099103.631308583333852 1547638.572449217500132
11099103.631308583333852 1547638.871035155000088
11099103.631308583333852 1547639.169621092500044
11099103.631308583333852 1547639.468207030000000
11099103.631308583333852 1547639.766792967499956
11099103.631308583333852 1547640.065378904999912
11099103.631308583333852 1547640.363964842499868
11099103.631308583333852 1547640.662550779999824
11099103.631308583333852 1547640.961136717499780
11099103.631308583333852 1547641.259722654999736
11099103.631308583333852 1547641.558308592499692
11099103.631308583333852 1547641.856894529999648
11099103.929889312500389 1547636.780933592500396
11099103.929889312500389 1547637.079519530000352
11099103.929889312500389 1547637.378105467500308
11099103.929889312500389 1547637.676691405000264
11099103.929889312500389 1547637.975277342500220
11099103.929889312500389 1547638.273863280000176
11099103.929889312500389 1547638.572449217500132
11099103.929889312500389 1547638.871035155000088
11099103.929889312500389 1547639.169621092500044
11099103.929889312500389 1547639.468207030000000
11099103.929889312500389 1547639.766792967499956
11099103.929889312500389 1547640.065378904999912
11099103.929889312500389 1547640.363964842499868
11099103.929889312500389 1547640.662550779999824
11099103.929889312500389 1547640.961136717499780
11099103.929889312500389 1547641.259722654999736
11099103.929889312500389 1547641.558308592499692
11099103.929889312500389 1547641.856894529999648
11099104.228470041666926 1547636.780933592500396
11099104.228470041666926 1547637.079519530000352
11099104.228470041666926 1547637.378105467500308
11099104.228470041666926 1547637.676691405000264
11099104.228470041666926 1547637.975277342500220
11099104.228470041666926 1547638.273863280000176
11099104.228470041666926 1547638.572449217500132
11099104.228470041666926 1547638.871035155000088
11099104.228470041666926 1547639.169621092500044
11099104.228470041666926 1547639.468207030000000
11099104.228470041666926 1547639.766792967499956
11099104.228470041666926 1547640.065378904999912
11099104.228470041666926 1547640.363964842499868
11099104.228470041666926 1547640.662550779999824
11099104.228470041666926 1547640.961136717499780
11099104.228470041666926 1547641.259722654999736
11099104.228470041666926 1547641.558308592499692
11099104.228470041666926 1547641.856894529999648
11099104.527050770833463 1547636.780933592500396
11099104.527050770833463 1547637.079519530000352
11099104.527050770833463 1547637.378105467500308
11099104.527050770833463 1547637.676691405000264
11099104.527050770833463 1547637.975277342500220
11099104.527050770833463 1547638.273863280000176
11099104.527050770833463 1547638.572449217500132
11099104.527050770833463 1547638.871035155000088
11099104.527050770833463 1547639.169621092500044
11099104.527050770833463 1547639.468207030000000
11099104.527050770833463 1547639.766792967499956
11099104.527050770833463 1547640.065378904999912
11099104.527050770833463 1547640.363964842499868
11099104.527050770833463 1547640.662550779999824
11099104.527050770833463 1547640.961136717499780
11099104.527050770833463 1547641.259722654999736
11099104.527050770833463 1547641.558308592499692
11099104.527050770833463 1547641.856894529999648
11099104.825631500000000 1547636.780933592500396
11099104.825631500000000 1547637.079519530000352
11099104.825631500000000 1547637.378105467500308
11099104.825631500000000 1547637.676691405000264
11099104.825631500000000 1547637.975277342500220
11099104.825631500000000 1547638.273863280000176
11099104.825631500000000 1547638.572449217500132
11099104.825631500000000 1547638.871035155000088
11099104.825631500000000 1547639.169621092500044
11099104.825631500000000 1547639.468207030000000
11099104.825631500000000 1547639.766792967499956
11099104.825631500000000 1547640.065378904999912
11099104.825631500000000 1547640.363964842499868
11099104.825631500000000 1547640.662550779999824
11099104.825631500000000 1547640.961136717499780
11099104.825631500000000 1547641.259722654999736
11099104.825631500000000 1547641.558308592499692
11099104.825631500000000 1547641.856894529999648
11099105.124212229166537 1547636.780933592500396
11099105.124212229166537 1547637.079519530000352
11099105.124212229166537 1547637.378105467500308
11099105.124212229166537 1547637.676691405000264
11099105.124212229166537 1547637.975277342500220
11099105.124212229166537 1547638.273863280000176
11099105.124212229166537 1547638.572449217500132
11099105.124212229166537 1547638.871035155000088
11099105.124212229166537 1547639.169621092500044
11099105.124212229166537 1547639.468207030000000
11099105.124212229166537 1547639.766792967499956
11099105.124212229166537 1547640.065378904999912
11099105.124212229166537 1547640.363964842499868
11099105.124212229166537 1547640.662550779999824
11099105.124212229166537 1547640.961136717499780
11099105.124212229166537 1547641.259722654999736
11099105.124212229166537 1547641.558308592499692
11099105.124212229166537 1547641.856894529999648
11099105.422792958333074 1547636.780933592500396
11099105.422792958333074 1547637.079519530000352
11099105.422792958333074 1547637.378105467500308
11099105.422792958333074 1547637.676691405000264
11099105.422792958333074 1547637.975277342500220
11099105.422792958333074 1547638.273863280000176
11099105.422792958333074 1547638.572449217500132
11099105.422792958333074 1547638.871035155000088
11099105.422792958333074 1547639.169621092500044
11099105.422792958333074 1547639.468207030000000
11099105.422792958333074 1547639.766792967499956
11099105.422792958333074 1547640.065378904999912
11099105.422792958333074 1547640.363964842499868
11099105.422792958333074 1547640.662550779999824
11099105.422792958333074 1547640.961136717499780
11099105.422792958333074 1547641.259722654999736
11099105.422792958333074 1547641.558308592499692
11099105.422792958333074 1547641.856894529999648
11099105.721373687499611 1547636.780933592500396
11099105.721373687499611 1547637.079519530000352
11099105.721373687499611 1547637.378105467500308
11099105.721373687499611 1547637.676691405000264
11099105.721373687499611 1547637.975277342500220
11099105.721373687499611 1547638.273863280000176
11099105.721373687499611 1547638.572449217500132
11099105.721373687499611 1547638.871035155000088
11099105.721373687499611 1547639.169621092500044
11099105.721373687499611 1547639.468207030000000
11099105.721373687499611 1547639.766792967499956
11099105.721373687499611 1547640.065378904999912
11099105.721373687499611 1547640.363964842499868
11099105.721373687499611 1547640.662550779999824
11099105.721373687499611 1547640.961136717499780
11099105.721373687499611 1547641.259722654999736
11099105.721373687499611 1547641.558308592499692
11099105.721373687499611 1547641.856894529999648
11099106.019954416666148 1547636.780933592500396
11099106.019954416666148 1547637.079519530000352
11099106.019954416666148 1547637.378105467500308
11099106.019954416666148 1547637.676691405000264
11099106.019954416666148 1547637.975277342500220
11099106.019954416666148 1547638.273863280000176
11099106.019954416666148 1547638.572449217500132
11099106.019954416666148 1547638.871035155000088
11099106.019954416666148 1547639.169621092500044
11099106.019954416666148 1547639.468207030000000
11099106.019954416666148 1547639.766792967499956
11099106.019954416666148 1547640.065378904999912
11099106.019954416666148 1547640.363964842499868
11099106.019954416666148 1547640.662550779999824
11099106.019954416666148 1547640.961136717499780
11099106.019954416666148 1547641.259722654999736
11099106.019954416666148 1547641.558308592499692
11099106.019954416666148 1547641.856894529999648
11099106.318535145832685 1547636.780933592500396
11099106.318535145832685 1547637.079519530000352
11099106.318535145832685 1547637.378105467500308
11099106.318535145832685 1547637.676691405000264
11099106.318535145832685 1547637.975277342500220
11099106.318535145832685 1547638.273863280000176
11099106.318535145832685 1547638.572449217500132
11099106.318535145832685 1547638.871035155000088
11099106.318535145832685 1547639.169621092500044
11099106.318535145832685 1547639.468207030000000
11099106.318535145832685 1547639.766792967499956
11099106.318535145832685 1547640.065378904999912
11099106.318535145832685 1547640.363964842499868
11099106.318535145832685 1547640.662550779999824
11099106.318535145832685 1547640.961136717499780
11099106.318535145832685 1547641.259722654999736
11099106.318535145832685 1547641.558308592499692
11099106.318535145832685 1547641.856894529999648
11099106.617115874999222 1547636.780933592500396
11099106.617115874999222 1547637.079519530000352
11099106.617115874999222 1547637.378105467500308
11099106.617115874999222 1547637.676691405000264
11099106.617115874999222 1547637.975277342500220
11099106.617115874999222 1547638.273863280000176
11099106.617115874999222 1547638.572449217500132
11099106.617115874999222 1547638.871035155000088
11099106.617115874999222 1547639.169621092500044
11099106.617115874999222 1547639.468207030000000
11099106.617115874999222 1547639.766792967499956
11099106.617115874999222 1547640.065378904999912
11099106.617115874999222 1547640.363964842499868
11099106.617115874999222 1547640.662550779999824
11099106.617115874999222 1547640.961136717499780
11099106.617115874999222 1547641.259722654999736
11099106.617115874999222 1547641.558308592499692
11099106.617115874999222 1547641.856894529999648
11099106.915696604165759 1547636.780933592500396
11099106.915696604165759 1547637.079519530000352
11099106.915696604165759 1547637.378105467500308
11099106.915696604165759 1547637.676691405000264
11099106.915696604165759 1547637.975277342500220
11099106.915696604165759 1547638.273863280000176
11099106.915696604165759 1547638.572449217500132
11099106.915696604165759 1547638.871035155000088
11099106.915696604165759 1547639.169621092500044
11099106.915696604165759 1547639.468207030000000
11099106.915696604165759 1547639.766792967499956
11099106.915696604165759 1547640.065378904999912
11099106.915696604165759 1547640.363964842499868
11099106.915696604165759 1547640.662550779999824
11099106.915696604165759 1547640.961136717499780
11099106.915696604165759 1547641.259722654999736
11099106.915696604165759 1547641.558308592499692
11099106.915696604165759 1547641.856894529999648
11099107.214277333332296 1547636.780933592500396
11099107.214277333332296 1547637.079519530000352
11099107.214277333332296 1547637.378105467500308
11099107.214277333332296 1547637.676691405000264
11099107.214277333332296 1547637.975277342500220
11099107.214277333332296 1547638.273863280000176
11099107.214277333332296 1547638.572449217500132
11099107.214277333332296 1547638.871035155000088
11099107.214277333332296 1547639.169621092500044
11099107.214277333332296 1547639.468207030000000
11099107.214277333332296 1547639.766792967499956
11099107.214277333332296 1547640.065378904999912
11099107.214277333332296 1547640.363964842499868
11099107.214277333332296 1547640.662550779999824
11099107.214277333332296 1547640.961136717499780
11099107.214277333332296 1547641.259722654999736
11099107.214277333332296 1547641.558308592499692
11099107.214277333332296 1547641.856894529999648
