11098949.563652337501167 1547904.313933592500396
11098949.563652337501167 1547904.612519530000352
11098949.563652337501167 1547904.911105467500308
11098949.563652337501167 1547905.209691405000264
11098949.563652337501167 1547905.508277342500220
11098949.563652337501167 1547905.806863280000176
11098949.563652337501167 1547906.105449217500132
11098949.563652337501167 1547906.404035155000088
11098949.563652337501167 1547906.702621092500044
11098949.563652337501167 1547907.001207030000000
11098949.563652337501167 1547907.299792967499956
11098949.563652337501167 1547907.598378904999912
11098949.563652337501167 1547907.896964842499868
11098949.563652337501167 1547908.195550779999824
11098949.563652337501167 1547908.494136717499780
11098949.563652337501167 1547908.792722654999736
11098949.563652337501167 1547909.091308592499692
11098949.563652337501167 1547909.389894529999648
11098949.862233066667704 1547904.313933592500396
11098949.862233066667704 1547904.612519530000352
11098949.862233066667704 1547904.911105467500308
11098949.862233066667704 1547905.209691405000264
11098949.862233066667704 1547905.508277342500220
11098949.862233066667704 1547905.806863280000176
11098949.862233066667704 1547906.105449217500132
11098949.862233066667704 1547906.404035155000088
11098949.862233066667704 1547906.702621092500044
11098949.862233066667704 1547907.001207030000000
11098949.862233066667704 1547907.299792967499956
11098949.862233066667704 1547907.598378904999912
11098949.862233066667704 1547907.896964842499868
11098949.862233066667704 1547908.195550779999824
11098949.862233066667704 1547908.494136717499780
11098949.862233066667704 1547908.792722654999736
11098949.862233066667704 1547909.091308592499692
11098949.862233066667704 1547909.389894529999648
11098950.160813795834241 1547904.313933592500396
11098950.160813795834241 1547904.612519530000352
11098950.160813795834241 1547904.911105467500308
11098950.160813795834241 1547905.209691405000264
11098950.160813795834241 1547905.508277342500220
11098950.160813795834241 1547905.806863280000176
11098950.160813795834241 1547906.105449217500132
11098950.160813795834241 1547906.404035155000088
11098950.160813795834241 1547906.702621092500044
11098950.160813795834241 1547907.001207030000000
11098950.160813795834241 1547907.299792967499956
11098950.160813795834241 1547907.598378904999912
11098950.160813795834241 1547907.896964842499868
11098950.160813795834241 1547908.195550779999824
11098950.160813795834241 1547908.494136717499780
11098950.160813795834241 1547908.792722654999736
11098950.160813795834241 1547909.091308592499692
11098950.160813795834241 1547909.389894529999648
11098950.459394525000778 1547904.313933592500396
11098950.459394525000778 1547904.612519530000352
11098950.459394525000778 1547904.911105467500308
11098950.459394525000778 1547905.209691405000264
11098950.459394525000778 1547905.508277342500220
11098950.459394525000778 1547905.806863280000176
11098950.459394525000778 1547906.105449217500132
11098950.459394525000778 1547906.404035155000088
11098950.459394525000778 1547906.702621092500044
11098950.459394525000778 1547907.001207030000000
11098950.459394525000778 1547907.299792967499956
11098950.459394525000778 1547907.598378904999912
11098950.459394525000778 1547907.896964842499868
11098950.459394525000778 1547908.195550779999824
11098950.459394525000778 1547908.494136717499780
11098950.459394525000778 1547908.792722654999736
11098950.459394525000778 1547909.091308592499692
11098950.459394525000778 1547909.389894529999648
11098950.757975254167315 1547904.313933592500396
11098950.757975254167315 1547904.612519530000352
11098950.757975254167315 1547904.911105467500308
11098950.757975254167315 1547905.209691405000264
11098950.757975254167315 1547905.508277342500220
11098950.757975254167315 1547905.806863280000176
11098950.757975254167315 1547906.105449217500132
11098950.757975254167315 1547906.404035155000088
11098950.757975254167315 1547906.702621092500044
11098950.757975254167315 1547907.001207030000000
11098950.757975254167315 1547907.299792967499956
11098950.757975254167315 1547907.598378904999912
11098950.757975254167315 1547907.896964842499868
11098950.757975254167315 1547908.195550779999824
11098950.757975254167315 1547908.494136717499780
11098950.757975254167315 1547908.792722654999736
11098950.757975254167315 1547909.091308592499692
11098950.757975254167315 1547909.389894529999648
11098951.056555983333852 1547904.313933592500396
11098951.056555983333852 1547904.612519530000352
11098951.056555983333852 1547904.911105467500308
11098951.056555983333852 1547905.209691405000264
11098951.056555983333852 1547905.508277342500220
11098951.056555983333852 1547905.806863280000176
11098951.056555983333852 1547906.105449217500132
11098951.056555983333852 1547906.404035155000088
11098951.056555983333852 1547906.702621092500044
11098951.056555983333852 1547907.001207030000000
11098951.056555983333852 1547907.299792967499956
11098951.056555983333852 1547907.598378904999912
11098951.056555983333852 1547907.896964842499868
11098951.056555983333852 1547908.195550779999824
11098951.056555983333852 1547908.494136717499780
11098951.056555983333852 1547908.792722654999736
11098951.056555983333852 1547909.091308592499692
11098951.056555983333852 1547909.389894529999648
11098951.355136712500389 1547904.313933592500396
11098951.355136712500389 1547904.612519530000352
11098951.355136712500389 1547904.911105467500308
11098951.355136712500389 1547905.209691405000264
11098951.355136712500389 1547905.508277342500220
11098951.355136712500389 1547905.806863280000176
11098951.355136712500389 1547906.105449217500132
11098951.355136712500389 1547906.404035155000088
11098951.355136712500389 1547906.702621092500044
11098951.355136712500389 1547907.001207030000000
11098951.355136712500389 1547907.299792967499956
11098951.355136712500389 1547907.598378904999912
11098951.355136712500389 1547907.896964842499868
11098951.355136712500389 1547908.195550779999824
11098951.355136712500389 1547908.494136717499780
11098951.355136712500389 1547908.792722654999736
11098951.355136712500389 1547909.091308592499692
11098951.355136712500389 1547909.389894529999648
11098951.653717441666926 1547904.313933592500396
11098951.653717441666926 1547904.612519530000352
11098951.653717441666926 1547904.911105467500308
11098951.653717441666926 1547905.209691405000264
11098951.653717441666926 1547905.508277342500220
11098951.653717441666926 1547905.806863280000176
11098951.653717441666926 1547906.105449217500132
11098951.653717441666926 1547906.404035155000088
11098951.653717441666926 1547906.702621092500044
11098951.653717441666926 1547907.001207030000000
11098951.653717441666926 1547907.299792967499956
11098951.653717441666926 1547907.598378904999912
11098951.653717441666926 1547907.896964842499868
11098951.653717441666926 1547908.195550779999824
11098951.653717441666926 1547908.494136717499780
11098951.653717441666926 1547908.792722654999736
11098951.653717441666926 1547909.091308592499692
11098951.653717441666926 1547909.389894529999648
11098951.952298170833463 1547904.313933592500396
11098951.952298170833463 1547904.612519530000352
11098951.952298170833463 1547904.911105467500308
11098951.952298170833463 1547905.209691405000264
11098951.952298170833463 1547905.508277342500220
11098951.952298170833463 1547905.806863280000176
11098951.952298170833463 1547906.105449217500132
11098951.952298170833463 1547906.404035155000088
11098951.952298170833463 1547906.702621092500044
11098951.952298170833463 1547907.001207030000000
11098951.952298170833463 1547907.299792967499956
11098951.952298170833463 1547907.598378904999912
11098951.952298170833463 1547907.896964842499868
11098951.952298170833463 1547908.195550779999824
11098951.952298170833463 1547908.494136717499780
11098951.952298170833463 1547908.792722654999736
11098951.952298170833463 1547909.091308592499692
11098951.952298170833463 1547909.389894529999648
11098952.250878900000000 1547904.313933592500396
11098952.250878900000000 1547904.612519530000352
11098952.250878900000000 1547904.911105467500308
11098952.250878900000000 1547905.209691405000264
11098952.250878900000000 1547905.508277342500220
11098952.250878900000000 1547905.806863280000176
11098952.250878900000000 1547906.105449217500132
11098952.250878900000000 1547906.404035155000088
11098952.250878900000000 1547906.702621092500044
11098952.250878900000000 1547907.001207030000000
11098952.250878900000000 1547907.299792967499956
11098952.250878900000000 1547907.598378904999912
11098952.250878900000000 1547907.896964842499868
11098952.250878900000000 1547908.195550779999824
11098952.250878900000000 1547908.494136717499780
11098952.250878900000000 1547908.792722654999736
11098952.250878900000000 1547909.091308592499692
11098952.250878900000000 1547909.389894529999648
11098952.549459629166537 1547904.313933592500396
11098952.549459629166537 1547904.612519530000352
11098952.549459629166537 1547904.911105467500308
11098952.549459629166537 1547905.209691405000264
11098952.549459629166537 1547905.508277342500220
11098952.549459629166537 1547905.806863280000176
11098952.549459629166537 1547906.105449217500132
11098952.549459629166537 1547906.404035155000088
11098952.549459629166537 1547906.702621092500044
11098952.549459629166537 1547907.001207030000000
11098952.549459629166537 1547907.299792967499956
11098952.549459629166537 1547907.598378904999912
11098952.549459629166537 1547907.896964842499868
11098952.549459629166537 1547908.195550779999824
11098952.549459629166537 1547908.494136717499780
11098952.549459629166537 1547908.792722654999736
11098952.549459629166537 1547909.091308592499692
11098952.549459629166537 1547909.389894529999648
11098952.848040358333074 1547904.313933592500396
11098952.848040358333074 1547904.612519530000352
11098952.848040358333074 1547904.911105467500308
11098952.848040358333074 1547905.209691405000264
11098952.848040358333074 1547905.508277342500220
11098952.848040358333074 1547905.806863280000176
11098952.848040358333074 1547906.105449217500132
11098952.848040358333074 1547906.404035155000088
11098952.848040358333074 1547906.702621092500044
11098952.848040358333074 1547907.001207030000000
11098952.848040358333074 1547907.299792967499956
11098952.848040358333074 1547907.598378904999912
11098952.848040358333074 1547907.896964842499868
11098952.848040358333074 1547908.195550779999824
11098952.848040358333074 1547908.494136717499780
11098952.848040358333074 1547908.792722654999736
11098952.848040358333074 1547909.091308592499692
11098952.848040358333074 1547909.389894529999648
11098953.146621087499611 1547904.313933592500396
11098953.146621087499611 1547904.612519530000352
11098953.146621087499611 1547904.911105467500308
11098953.146621087499611 1547905.209691405000264
11098953.146621087499611 1547905.508277342500220
11098953.146621087499611 1547905.806863280000176
11098953.146621087499611 1547906.105449217500132
11098953.146621087499611 1547906.404035155000088
11098953.146621087499611 1547906.702621092500044
11098953.146621087499611 1547907.001207030000000
11098953.146621087499611 1547907.299792967499956
11098953.146621087499611 1547907.598378904999912
11098953.146621087499611 1547907.896964842499868
11098953.146621087499611 1547908.195550779999824
11098953.146621087499611 1547908.494136717499780
11098953.146621087499611 1547908.792722654999736
11098953.146621087499611 1547909.091308592499692
11098953.146621087499611 1547909.389894529999648
11098953.445201816666148 1547904.313933592500396
11098953.445201816666148 1547904.612519530000352
11098953.445201816666148 1547904.911105467500308
11098953.445201816666148 1547905.209691405000264
11098953.445201816666148 1547905.508277342500220
11098953.445201816666148 1547905.806863280000176
11098953.445201816666148 1547906.105449217500132
11098953.445201816666148 1547906.404035155000088
11098953.445201816666148 1547906.702621092500044
11098953.445201816666148 1547907.001207030000000
11098953.445201816666148 1547907.299792967499956
11098953.445201816666148 1547907.598378904999912
11098953.445201816666148 1547907.896964842499868
11098953.445201816666148 1547908.195550779999824
11098953.445201816666148 1547908.494136717499780
11098953.445201816666148 1547908.792722654999736
11098953.445201816666148 1547909.091308592499692
11098953.445201816666148 1547909.389894529999648
11098953.743782545832685 1547904.313933592500396
11098953.743782545832685 1547904.612519530000352
11098953.743782545832685 1547904.911105467500308
11098953.743782545832685 1547905.209691405000264
11098953.743782545832685 1547905.508277342500220
11098953.743782545832685 1547905.806863280000176
11098953.743782545832685 1547906.105449217500132
11098953.743782545832685 1547906.404035155000088
11098953.743782545832685 1547906.702621092500044
11098953.743782545832685 1547907.001207030000000
11098953.743782545832685 1547907.299792967499956
11098953.743782545832685 1547907.598378904999912
11098953.743782545832685 1547907.896964842499868
11098953.743782545832685 1547908.195550779999824
11098953.743782545832685 1547908.494136717499780
11098953.743782545832685 1547908.792722654999736
11098953.743782545832685 1547909.091308592499692
11098953.743782545832685 1547909.389894529999648
11098954.042363274999222 1547904.313933592500396
11098954.042363274999222 1547904.612519530000352
11098954.042363274999222 1547904.911105467500308
11098954.042363274999222 1547905.209691405000264
11098954.042363274999222 1547905.508277342500220
11098954.042363274999222 1547905.806863280000176
11098954.042363274999222 1547906.105449217500132
11098954.042363274999222 1547906.404035155000088
11098954.042363274999222 1547906.702621092500044
11098954.042363274999222 1547907.001207030000000
11098954.042363274999222 1547907.299792967499956
11098954.042363274999222 1547907.598378904999912
11098954.042363274999222 1547907.896964842499868
11098954.042363274999222 1547908.195550779999824
11098954.042363274999222 1547908.494136717499780
11098954.042363274999222 1547908.792722654999736
11098954.042363274999222 1547909.091308592499692
11098954.042363274999222 1547909.389894529999648
11098954.340944004165759 1547904.313933592500396
11098954.340944004165759 1547904.612519530000352
11098954.340944004165759 1547904.911105467500308
11098954.340944004165759 1547905.209691405000264
11098954.340944004165759 1547905.508277342500220
11098954.340944004165759 1547905.806863280000176
11098954.340944004165759 1547906.105449217500132
11098954.340944004165759 1547906.404035155000088
11098954.340944004165759 1547906.702621092500044
11098954.340944004165759 1547907.001207030000000
11098954.340944004165759 1547907.299792967499956
11098954.340944004165759 1547907.598378904999912
11098954.340944004165759 1547907.896964842499868
11098954.340944004165759 1547908.195550779999824
11098954.340944004165759 1547908.494136717499780
11098954.340944004165759 1547908.792722654999736
11098954.340944004165759 1547909.091308592499692
11098954.340944004165759 1547909.389894529999648
11098954.639524733332296 1547904.313933592500396
11098954.639524733332296 1547904.612519530000352
11098954.639524733332296 1547904.911105467500308
11098954.639524733332296 1547905.209691405000264
11098954.639524733332296 1547905.508277342500220
11098954.639524733332296 1547905.806863280000176
11098954.639524733332296 1547906.105449217500132
11098954.639524733332296 1547906.404035155000088
11098954.639524733332296 1547906.702621092500044
11098954.639524733332296 1547907.001207030000000
11098954.639524733332296 1547907.299792967499956
11098954.639524733332296 1547907.598378904999912
11098954.639524733332296 1547907.896964842499868
11098954.639524733332296 1547908.195550779999824
11098954.639524733332296 1547908.494136717499780
11098954.639524733332296 1547908.792722654999736
11098954.639524733332296 1547909.091308592499692
11098954.639524733332296 1547909.389894529999648
