11099103.332727837501167 1547792.941378902500396
11099103.332727837501167 1547793.239964840000352
11099103.332727837501167 1547793.538550777500308
11099103.332727837501167 1547793.837136715000264
11099103.332727837501167 1547794.135722652500220
11099103.332727837501167 1547794.434308590000176
11099103.332727837501167 1547794.732894527500132
11099103.332727837501167 1547795.031480465000088
11099103.332727837501167 1547795.330066402500044
11099103.332727837501167 1547795.628652340000000
11099103.332727837501167 1547795.927238277499956
11099103.332727837501167 1547796.225824214999912
11099103.332727837501167 1547796.524410152499868
11099103.332727837501167 1547796.822996089999824
11099103.332727837501167 1547797.121582027499780
11099103.332727837501167 1547797.420167964999736
11099103.332727837501167 1547797.718753902499692
11099103.332727837501167 1547798.017339839999648
11099103.631308566667704 1547792.941378902500396
11099103.631308566667704 1547793.239964840000352
11099103.631308566667704 1547793.538550777500308
11099103.631308566667704 1547793.837136715000264
11099103.631308566667704 1547794.135722652500220
11099103.631308566667704 1547794.434308590000176
11099103.631308566667704 1547794.732894527500132
11099103.631308566667704 1547795.031480465000088
11099103.631308566667704 1547795.330066402500044
11099103.631308566667704 1547795.628652340000000
11099103.631308566667704 1547795.927238277499956
11099103.631308566667704 1547796.225824214999912
11099103.631308566667704 1547796.524410152499868
11099103.631308566667704 1547796.822996089999824
11099103.631308566667704 1547797.121582027499780
11099103.631308566667704 1547797.420167964999736
11099103.631308566667704 1547797.718753902499692
11099103.631308566667704 1547798.017339839999648
11099103.929889295834241 1547792.941378902500396
11099103.929889295834241 1547793.239964840000352
11099103.929889295834241 1547793.538550777500308
11099103.929889295834241 1547793.837136715000264
11099103.929889295834241 1547794.135722652500220
11099103.929889295834241 1547794.434308590000176
11099103.929889295834241 1547794.732894527500132
11099103.929889295834241 1547795.031480465000088
11099103.929889295834241 1547795.330066402500044
11099103.929889295834241 1547795.628652340000000
11099103.929889295834241 1547795.927238277499956
11099103.929889295834241 1547796.225824214999912
11099103.929889295834241 1547796.524410152499868
11099103.929889295834241 1547796.822996089999824
11099103.929889295834241 1547797.121582027499780
11099103.929889295834241 1547797.420167964999736
11099103.929889295834241 1547797.718753902499692
11099103.929889295834241 1547798.017339839999648
11099104.228470025000778 1547792.941378902500396
11099104.228470025000778 1547793.239964840000352
11099104.228470025000778 1547793.538550777500308
11099104.228470025000778 1547793.837136715000264
11099104.228470025000778 1547794.135722652500220
11099104.228470025000778 1547794.434308590000176
11099104.228470025000778 1547794.732894527500132
11099104.228470025000778 1547795.031480465000088
11099104.228470025000778 1547795.330066402500044
11099104.228470025000778 1547795.628652340000000
11099104.228470025000778 1547795.927238277499956
11099104.228470025000778 1547796.225824214999912
11099104.228470025000778 1547796.524410152499868
11099104.228470025000778 1547796.822996089999824
11099104.228470025000778 1547797.121582027499780
11099104.228470025000778 1547797.420167964999736
11099104.228470025000778 1547797.718753902499692
11099104.228470025000778 1547798.017339839999648
11099104.527050754167315 1547792.941378902500396
11099104.527050754167315 1547793.239964840000352
11099104.527050754167315 1547793.538550777500308
11099104.527050754167315 1547793.837136715000264
11099104.527050754167315 1547794.135722652500220
11099104.527050754167315 1547794.434308590000176
11099104.527050754167315 1547794.732894527500132
11099104.527050754167315 1547795.031480465000088
11099104.527050754167315 1547795.330066402500044
11099104.527050754167315 1547795.628652340000000
11099104.527050754167315 1547795.927238277499956
11099104.527050754167315 1547796.225824214999912
11099104.527050754167315 1547796.524410152499868
11099104.527050754167315 1547796.822996089999824
11099104.527050754167315 1547797.121582027499780
11099104.527050754167315 1547797.420167964999736
11099104.527050754167315 1547797.718753902499692
11099104.527050754167315 1547798.017339839999648
11099104.825631483333852 1547792.941378902500396
11099104.825631483333852 1547793.239964840000352
11099104.825631483333852 1547793.538550777500308
11099104.825631483333852 1547793.837136715000264
11099104.825631483333852 1547794.135722652500220
11099104.825631483333852 1547794.434308590000176
11099104.825631483333852 1547794.732894527500132
11099104.825631483333852 1547795.031480465000088
11099104.825631483333852 1547795.330066402500044
11099104.825631483333852 1547795.628652340000000
11099104.825631483333852 1547795.927238277499956
11099104.825631483333852 1547796.225824214999912
11099104.825631483333852 1547796.524410152499868
11099104.825631483333852 1547796.822996089999824
11099104.825631483333852 1547797.121582027499780
11099104.825631483333852 1547797.420167964999736
11099104.825631483333852 1547797.718753902499692
11099104.825631483333852 1547798.017339839999648
11099105.124212212500389 1547792.941378902500396
11099105.124212212500389 1547793.239964840000352
11099105.124212212500389 1547793.538550777500308
11099105.124212212500389 1547793.837136715000264
11099105.124212212500389 1547794.135722652500220
11099105.124212212500389 1547794.434308590000176
11099105.124212212500389 1547794.732894527500132
11099105.124212212500389 1547795.031480465000088
11099105.124212212500389 1547795.330066402500044
11099105.124212212500389 1547795.628652340000000
11099105.124212212500389 1547795.927238277499956
11099105.124212212500389 1547796.225824214999912
11099105.124212212500389 1547796.524410152499868
11099105.124212212500389 1547796.822996089999824
11099105.124212212500389 1547797.121582027499780
11099105.124212212500389 1547797.420167964999736
11099105.124212212500389 1547797.718753902499692
11099105.124212212500389 1547798.017339839999648
11099105.422792941666926 1547792.941378902500396
11099105.422792941666926 1547793.239964840000352
11099105.422792941666926 1547793.538550777500308
11099105.422792941666926 1547793.837136715000264
11099105.422792941666926 1547794.135722652500220
11099105.422792941666926 1547794.434308590000176
11099105.422792941666926 1547794.732894527500132
11099105.422792941666926 1547795.031480465000088
11099105.422792941666926 1547795.330066402500044
11099105.422792941666926 1547795.628652340000000
11099105.422792941666926 1547795.927238277499956
11099105.422792941666926 1547796.225824214999912
11099105.422792941666926 1547796.524410152499868
11099105.422792941666926 1547796.822996089999824
11099105.422792941666926 1547797.121582027499780
11099105.422792941666926 1547797.420167964999736
11099105.422792941666926 1547797.718753902499692
11099105.422792941666926 1547798.017339839999648
11099105.721373670833463 1547792.941378902500396
11099105.721373670833463 1547793.239964840000352
11099105.721373670833463 1547793.538550777500308
11099105.721373670833463 1547793.837136715000264
11099105.721373670833463 1547794.135722652500220
11099105.721373670833463 1547794.434308590000176
11099105.721373670833463 1547794.732894527500132
11099105.721373670833463 1547795.031480465000088
11099105.721373670833463 1547795.330066402500044
11099105.721373670833463 1547795.628652340000000
11099105.721373670833463 1547795.927238277499956
11099105.721373670833463 1547796.225824214999912
11099105.721373670833463 1547796.524410152499868
11099105.721373670833463 1547796.822996089999824
11099105.721373670833463 1547797.121582027499780
11099105.721373670833463 1547797.420167964999736
11099105.721373670833463 1547797.718753902499692
11099105.721373670833463 1547798.017339839999648
11099106.019954400000000 1547792.941378902500396
11099106.019954400000000 1547793.239964840000352
11099106.019954400000000 1547793.538550777500308
11099106.019954400000000 1547793.837136715000264
11099106.019954400000000 1547794.135722652500220
11099106.019954400000000 1547794.434308590000176
11099106.019954400000000 1547794.732894527500132
11099106.019954400000000 1547795.031480465000088
11099106.019954400000000 1547795.330066402500044
11099106.019954400000000 1547795.628652340000000
11099106.019954400000000 1547795.927238277499956
11099106.019954400000000 1547796.225824214999912
11099106.019954400000000 1547796.524410152499868
11099106.019954400000000 1547796.822996089999824
11099106.019954400000000 1547797.121582027499780
11099106.019954400000000 1547797.420167964999736
11099106.019954400000000 1547797.718753902499692
11099106.019954400000000 1547798.017339839999648
11099106.318535129166537 1547792.941378902500396
11099106.318535129166537 1547793.239964840000352
11099106.318535129166537 1547793.538550777500308
11099106.318535129166537 1547793.837136715000264
11099106.318535129166537 1547794.135722652500220
11099106.318535129166537 1547794.434308590000176
11099106.318535129166537 1547794.732894527500132
11099106.318535129166537 1547795.031480465000088
11099106.318535129166537 1547795.330066402500044
11099106.318535129166537 1547795.628652340000000
11099106.318535129166537 1547795.927238277499956
11099106.318535129166537 1547796.225824214999912
11099106.318535129166537 1547796.524410152499868
11099106.318535129166537 1547796.822996089999824
11099106.318535129166537 1547797.121582027499780
11099106.318535129166537 1547797.420167964999736
11099106.318535129166537 1547797.718753902499692
11099106.318535129166537 1547798.017339839999648
11099106.617115858333074 1547792.941378902500396
11099106.617115858333074 1547793.239964840000352
11099106.617115858333074 1547793.538550777500308
11099106.617115858333074 1547793.837136715000264
11099106.617115858333074 1547794.135722652500220
11099106.617115858333074 1547794.434308590000176
11099106.617115858333074 1547794.732894527500132
11099106.617115858333074 1547795.031480465000088
11099106.617115858333074 1547795.330066402500044
11099106.617115858333074 1547795.628652340000000
11099106.617115858333074 1547795.927238277499956
11099106.617115858333074 1547796.225824214999912
11099106.617115858333074 1547796.524410152499868
11099106.617115858333074 1547796.822996089999824
11099106.617115858333074 1547797.121582027499780
11099106.617115858333074 1547797.420167964999736
11099106.617115858333074 1547797.718753902499692
11099106.617115858333074 1547798.017339839999648
11099106.915696587499611 1547792.941378902500396
11099106.915696587499611 1547793.239964840000352
11099106.915696587499611 1547793.538550777500308
11099106.915696587499611 1547793.837136715000264
11099106.915696587499611 1547794.135722652500220
11099106.915696587499611 1547794.434308590000176
11099106.915696587499611 1547794.732894527500132
11099106.915696587499611 1547795.031480465000088
11099106.915696587499611 1547795.330066402500044
11099106.915696587499611 1547795.628652340000000
11099106.915696587499611 1547795.927238277499956
11099106.915696587499611 1547796.225824214999912
11099106.915696587499611 1547796.524410152499868
11099106.915696587499611 1547796.822996089999824
11099106.915696587499611 1547797.121582027499780
11099106.915696587499611 1547797.420167964999736
11099106.915696587499611 1547797.718753902499692
11099106.915696587499611 1547798.017339839999648
11099107.214277316666148 1547792.941378902500396
11099107.214277316666148 1547793.239964840000352
11099107.214277316666148 1547793.538550777500308
11099107.214277316666148 1547793.837136715000264
11099107.214277316666148 1547794.135722652500220
11099107.214277316666148 1547794.434308590000176
11099107.214277316666148 1547794.732894527500132
11099107.214277316666148 1547795.031480465000088
11099107.214277316666148 1547795.330066402500044
11099107.214277316666148 1547795.628652340000000
11099107.214277316666148 1547795.927238277499956
11099107.214277316666148 1547796.225824214999912
11099107.214277316666148 1547796.524410152499868
11099107.214277316666148 1547796.822996089999824
11099107.214277316666148 1547797.121582027499780
11099107.214277316666148 1547797.420167964999736
11099107.214277316666148 1547797.718753902499692
11099107.214277316666148 1547798.017339839999648
11099107.512858045832685 1547792.941378902500396
11099107.512858045832685 1547793.239964840000352
11099107.512858045832685 1547793.538550777500308
11099107.512858045832685 1547793.837136715000264
11099107.512858045832685 1547794.135722652500220
11099107.512858045832685 1547794.434308590000176
11099107.512858045832685 1547794.732894527500132
11099107.512858045832685 1547795.031480465000088
11099107.512858045832685 1547795.330066402500044
11099107.512858045832685 1547795.628652340000000
11099107.512858045832685 1547795.927238277499956
11099107.512858045832685 1547796.225824214999912
11099107.512858045832685 1547796.524410152499868
11099107.512858045832685 1547796.822996089999824
11099107.512858045832685 1547797.121582027499780
11099107.512858045832685 1547797.420167964999736
11099107.512858045832685 1547797.718753902499692
11099107.512858045832685 1547798.017339839999648
11099107.811438774999222 1547792.941378902500396
11099107.811438774999222 1547793.239964840000352
11099107.811438774999222 1547793.538550777500308
11099107.811438774999222 1547793.837136715000264
11099107.811438774999222 1547794.135722652500220
11099107.811438774999222 1547794.434308590000176
11099107.811438774999222 1547794.732894527500132
11099107.811438774999222 1547795.031480465000088
11099107.811438774999222 1547795.330066402500044
11099107.811438774999222 1547795.628652340000000
11099107.811438774999222 1547795.927238277499956
11099107.811438774999222 1547796.225824214999912
11099107.811438774999222 1547796.524410152499868
11099107.811438774999222 1547796.822996089999824
11099107.811438774999222 1547797.121582027499780
11099107.811438774999222 1547797.420167964999736
11099107.811438774999222 1547797.718753902499692
11099107.811438774999222 1547798.017339839999648
11099108.110019504165759 1547792.941378902500396
11099108.110019504165759 1547793.239964840000352
11099108.110019504165759 1547793.538550777500308
11099108.110019504165759 1547793.837136715000264
11099108.110019504165759 1547794.135722652500220
11099108.110019504165759 1547794.434308590000176
11099108.110019504165759 1547794.732894527500132
11099108.110019504165759 1547795.031480465000088
11099108.110019504165759 1547795.330066402500044
11099108.110019504165759 1547795.628652340000000
11099108.110019504165759 1547795.927238277499956
11099108.110019504165759 1547796.225824214999912
11099108.110019504165759 1547796.524410152499868
11099108.110019504165759 1547796.822996089999824
11099108.110019504165759 1547797.121582027499780
11099108.110019504165759 1547797.420167964999736
11099108.110019504165759 1547797.718753902499692
11099108.110019504165759 1547798.017339839999648
11099108.408600233332296 1547792.941378902500396
11099108.408600233332296 1547793.239964840000352
11099108.408600233332296 1547793.538550777500308
11099108.408600233332296 1547793.837136715000264
11099108.408600233332296 1547794.135722652500220
11099108.408600233332296 1547794.434308590000176
11099108.408600233332296 1547794.732894527500132
11099108.408600233332296 1547795.031480465000088
11099108.408600233332296 1547795.330066402500044
11099108.408600233332296 1547795.628652340000000
11099108.408600233332296 1547795.927238277499956
11099108.408600233332296 1547796.225824214999912
11099108.408600233332296 1547796.524410152499868
11099108.408600233332296 1547796.822996089999824
11099108.408600233332296 1547797.121582027499780
11099108.408600233332296 1547797.420167964999736
11099108.408600233332296 1547797.718753902499692
11099108.408600233332296 1547798.017339839999648
