11099028.687545537501167 1547758.305410152500396
11099028.687545537501167 1547758.603996090000352
11099028.687545537501167 1547758.902582027500308
11099028.687545537501167 1547759.201167965000264
11099028.687545537501167 1547759.499753902500220
11099028.687545537501167 1547759.798339840000176
11099028.687545537501167 1547760.096925777500132
11099028.687545537501167 1547760.395511715000088
11099028.687545537501167 1547760.694097652500044
11099028.687545537501167 1547760.992683590000000
11099028.687545537501167 1547761.291269527499956
11099028.687545537501167 1547761.589855464999912
11099028.687545537501167 1547761.888441402499868
11099028.687545537501167 1547762.187027339999824
11099028.687545537501167 1547762.485613277499780
11099028.687545537501167 1547762.784199214999736
11099028.687545537501167 1547763.082785152499692
11099028.687545537501167 1547763.381371089999648
11099028.986126266667704 1547758.305410152500396
11099028.986126266667704 1547758.603996090000352
11099028.986126266667704 1547758.902582027500308
11099028.986126266667704 1547759.201167965000264
11099028.986126266667704 1547759.499753902500220
11099028.986126266667704 1547759.798339840000176
11099028.986126266667704 1547760.096925777500132
11099028.986126266667704 1547760.395511715000088
11099028.986126266667704 1547760.694097652500044
11099028.986126266667704 1547760.992683590000000
11099028.986126266667704 1547761.291269527499956
11099028.986126266667704 1547761.589855464999912
11099028.986126266667704 1547761.888441402499868
11099028.986126266667704 1547762.187027339999824
11099028.986126266667704 1547762.485613277499780
11099028.986126266667704 1547762.784199214999736
11099028.986126266667704 1547763.082785152499692
11099028.986126266667704 1547763.381371089999648
11099029.284706995834241 1547758.305410152500396
11099029.284706995834241 1547758.603996090000352
11099029.284706995834241 1547758.902582027500308
11099029.284706995834241 1547759.201167965000264
11099029.284706995834241 1547759.499753902500220
11099029.284706995834241 1547759.798339840000176
11099029.284706995834241 1547760.096925777500132
11099029.284706995834241 1547760.395511715000088
11099029.284706995834241 1547760.694097652500044
11099029.284706995834241 1547760.992683590000000
11099029.284706995834241 1547761.291269527499956
11099029.284706995834241 1547761.589855464999912
11099029.284706995834241 1547761.888441402499868
11099029.284706995834241 1547762.187027339999824
11099029.284706995834241 1547762.485613277499780
11099029.284706995834241 1547762.784199214999736
11099029.284706995834241 1547763.082785152499692
11099029.284706995834241 1547763.381371089999648
11099029.583287725000778 1547758.305410152500396
11099029.583287725000778 1547758.603996090000352
11099029.583287725000778 1547758.902582027500308
11099029.583287725000778 1547759.201167965000264
11099029.583287725000778 1547759.499753902500220
11099029.583287725000778 1547759.798339840000176
11099029.583287725000778 1547760.096925777500132
11099029.583287725000778 1547760.395511715000088
11099029.583287725000778 1547760.694097652500044
11099029.583287725000778 1547760.992683590000000
11099029.583287725000778 1547761.291269527499956
11099029.583287725000778 1547761.589855464999912
11099029.583287725000778 1547761.888441402499868
11099029.583287725000778 1547762.187027339999824
11099029.583287725000778 1547762.485613277499780
11099029.583287725000778 1547762.784199214999736
11099029.583287725000778 1547763.082785152499692
11099029.583287725000778 1547763.381371089999648
11099029.881868454167315 1547758.305410152500396
11099029.881868454167315 1547758.603996090000352
11099029.881868454167315 1547758.902582027500308
11099029.881868454167315 1547759.201167965000264
11099029.881868454167315 1547759.499753902500220
11099029.881868454167315 1547759.798339840000176
11099029.881868454167315 1547760.096925777500132
11099029.881868454167315 1547760.395511715000088
11099029.881868454167315 1547760.694097652500044
11099029.881868454167315 1547760.992683590000000
11099029.881868454167315 1547761.291269527499956
11099029.881868454167315 1547761.589855464999912
11099029.881868454167315 1547761.888441402499868
11099029.881868454167315 1547762.187027339999824
11099029.881868454167315 1547762.485613277499780
11099029.881868454167315 1547762.784199214999736
11099029.881868454167315 1547763.082785152499692
11099029.881868454167315 1547763.381371089999648
11099030.180449183333852 1547758.305410152500396
11099030.180449183333852 1547758.603996090000352
11099030.180449183333852 1547758.902582027500308
11099030.180449183333852 1547759.201167965000264
11099030.180449183333852 1547759.499753902500220
11099030.180449183333852 1547759.798339840000176
11099030.180449183333852 1547760.096925777500132
11099030.180449183333852 1547760.395511715000088
11099030.180449183333852 1547760.694097652500044
11099030.180449183333852 1547760.992683590000000
11099030.180449183333852 1547761.291269527499956
11099030.180449183333852 1547761.589855464999912
11099030.180449183333852 1547761.888441402499868
11099030.180449183333852 1547762.187027339999824
11099030.180449183333852 1547762.485613277499780
11099030.180449183333852 1547762.784199214999736
11099030.180449183333852 1547763.082785152499692
11099030.180449183333852 1547763.381371089999648
11099030.479029912500389 1547758.305410152500396
11099030.479029912500389 1547758.603996090000352
11099030.479029912500389 1547758.902582027500308
11099030.479029912500389 1547759.201167965000264
11099030.479029912500389 1547759.499753902500220
11099030.479029912500389 1547759.798339840000176
11099030.479029912500389 1547760.096925777500132
11099030.479029912500389 1547760.395511715000088
11099030.479029912500389 1547760.694097652500044
11099030.479029912500389 1547760.992683590000000
11099030.479029912500389 1547761.291269527499956
11099030.479029912500389 1547761.589855464999912
11099030.479029912500389 1547761.888441402499868
11099030.479029912500389 1547762.187027339999824
11099030.479029912500389 1547762.485613277499780
11099030.479029912500389 1547762.784199214999736
11099030.479029912500389 1547763.082785152499692
11099030.479029912500389 1547763.381371089999648
11099030.777610641666926 1547758.305410152500396
11099030.777610641666926 1547758.603996090000352
11099030.777610641666926 1547758.902582027500308
11099030.777610641666926 1547759.201167965000264
11099030.777610641666926 1547759.499753902500220
11099030.777610641666926 1547759.798339840000176
11099030.777610641666926 1547760.096925777500132
11099030.777610641666926 1547760.395511715000088
11099030.777610641666926 1547760.694097652500044
11099030.777610641666926 1547760.992683590000000
11099030.777610641666926 1547761.291269527499956
11099030.777610641666926 1547761.589855464999912
11099030.777610641666926 1547761.888441402499868
11099030.777610641666926 1547762.187027339999824
11099030.777610641666926 1547762.485613277499780
11099030.777610641666926 1547762.784199214999736
11099030.777610641666926 1547763.082785152499692
11099030.777610641666926 1547763.381371089999648
11099031.076191370833463 1547758.305410152500396
11099031.076191370833463 1547758.603996090000352
11099031.076191370833463 1547758.902582027500308
11099031.076191370833463 1547759.201167965000264
11099031.076191370833463 1547759.499753902500220
11099031.076191370833463 1547759.798339840000176
11099031.076191370833463 1547760.096925777500132
11099031.076191370833463 1547760.395511715000088
11099031.076191370833463 1547760.694097652500044
11099031.076191370833463 1547760.992683590000000
11099031.076191370833463 1547761.291269527499956
11099031.076191370833463 1547761.589855464999912
11099031.076191370833463 1547761.888441402499868
11099031.076191370833463 1547762.187027339999824
11099031.076191370833463 1547762.485613277499780
11099031.076191370833463 1547762.784199214999736
11099031.076191370833463 1547763.082785152499692
11099031.076191370833463 1547763.381371089999648
11099031.374772100000000 1547758.305410152500396
11099031.374772100000000 1547758.603996090000352
11099031.374772100000000 1547758.902582027500308
11099031.374772100000000 1547759.201167965000264
11099031.374772100000000 1547759.499753902500220
11099031.374772100000000 1547759.798339840000176
11099031.374772100000000 1547760.096925777500132
11099031.374772100000000 1547760.395511715000088
11099031.374772100000000 1547760.694097652500044
11099031.374772100000000 1547760.992683590000000
11099031.374772100000000 1547761.291269527499956
11099031.374772100000000 1547761.589855464999912
11099031.374772100000000 1547761.888441402499868
11099031.374772100000000 1547762.187027339999824
11099031.374772100000000 1547762.485613277499780
11099031.374772100000000 1547762.784199214999736
11099031.374772100000000 1547763.082785152499692
11099031.374772100000000 1547763.381371089999648
11099031.673352829166537 1547758.305410152500396
11099031.673352829166537 1547758.603996090000352
11099031.673352829166537 1547758.902582027500308
11099031.673352829166537 1547759.201167965000264
11099031.673352829166537 1547759.499753902500220
11099031.673352829166537 1547759.798339840000176
11099031.673352829166537 1547760.096925777500132
11099031.673352829166537 1547760.395511715000088
11099031.673352829166537 1547760.694097652500044
11099031.673352829166537 1547760.992683590000000
11099031.673352829166537 1547761.291269527499956
11099031.673352829166537 1547761.589855464999912
11099031.673352829166537 1547761.888441402499868
11099031.673352829166537 1547762.187027339999824
11099031.673352829166537 1547762.485613277499780
11099031.673352829166537 1547762.784199214999736
11099031.673352829166537 1547763.082785152499692
11099031.673352829166537 1547763.381371089999648
11099031.971933558333074 1547758.305410152500396
11099031.971933558333074 1547758.603996090000352
11099031.971933558333074 1547758.902582027500308
11099031.971933558333074 1547759.201167965000264
11099031.971933558333074 1547759.499753902500220
11099031.971933558333074 1547759.798339840000176
11099031.971933558333074 1547760.096925777500132
11099031.971933558333074 1547760.395511715000088
11099031.971933558333074 1547760.694097652500044
11099031.971933558333074 1547760.992683590000000
11099031.971933558333074 1547761.291269527499956
11099031.971933558333074 1547761.589855464999912
11099031.971933558333074 1547761.888441402499868
11099031.971933558333074 1547762.187027339999824
11099031.971933558333074 1547762.485613277499780
11099031.971933558333074 1547762.784199214999736
11099031.971933558333074 1547763.082785152499692
11099031.971933558333074 1547763.381371089999648
11099032.270514287499611 1547758.305410152500396
11099032.270514287499611 1547758.603996090000352
11099032.270514287499611 1547758.902582027500308
11099032.270514287499611 1547759.201167965000264
11099032.270514287499611 1547759.499753902500220
11099032.270514287499611 1547759.798339840000176
11099032.270514287499611 1547760.096925777500132
11099032.270514287499611 1547760.395511715000088
11099032.270514287499611 1547760.694097652500044
11099032.270514287499611 1547760.992683590000000
11099032.270514287499611 1547761.291269527499956
11099032.270514287499611 1547761.589855464999912
11099032.270514287499611 1547761.888441402499868
11099032.270514287499611 1547762.187027339999824
11099032.270514287499611 1547762.485613277499780
11099032.270514287499611 1547762.784199214999736
11099032.270514287499611 1547763.082785152499692
11099032.270514287499611 1547763.381371089999648
11099032.569095016666148 1547758.305410152500396
11099032.569095016666148 1547758.603996090000352
11099032.569095016666148 1547758.902582027500308
11099032.569095016666148 1547759.201167965000264
11099032.569095016666148 1547759.499753902500220
11099032.569095016666148 1547759.798339840000176
11099032.569095016666148 1547760.096925777500132
11099032.569095016666148 1547760.395511715000088
11099032.569095016666148 1547760.694097652500044
11099032.569095016666148 1547760.992683590000000
11099032.569095016666148 1547761.291269527499956
11099032.569095016666148 1547761.589855464999912
11099032.569095016666148 1547761.888441402499868
11099032.569095016666148 1547762.187027339999824
11099032.569095016666148 1547762.485613277499780
11099032.569095016666148 1547762.784199214999736
11099032.569095016666148 1547763.082785152499692
11099032.569095016666148 1547763.381371089999648
11099032.867675745832685 1547758.305410152500396
11099032.867675745832685 1547758.603996090000352
11099032.867675745832685 1547758.902582027500308
11099032.867675745832685 1547759.201167965000264
11099032.867675745832685 1547759.499753902500220
11099032.867675745832685 1547759.798339840000176
11099032.867675745832685 1547760.096925777500132
11099032.867675745832685 1547760.395511715000088
11099032.867675745832685 1547760.694097652500044
11099032.867675745832685 1547760.992683590000000
11099032.867675745832685 1547761.291269527499956
11099032.867675745832685 1547761.589855464999912
11099032.867675745832685 1547761.888441402499868
11099032.867675745832685 1547762.187027339999824
11099032.867675745832685 1547762.485613277499780
11099032.867675745832685 1547762.784199214999736
11099032.867675745832685 1547763.082785152499692
11099032.867675745832685 1547763.381371089999648
11099033.166256474999222 1547758.305410152500396
11099033.166256474999222 1547758.603996090000352
11099033.166256474999222 1547758.902582027500308
11099033.166256474999222 1547759.201167965000264
11099033.166256474999222 1547759.499753902500220
11099033.166256474999222 1547759.798339840000176
11099033.166256474999222 1547760.096925777500132
11099033.166256474999222 1547760.395511715000088
11099033.166256474999222 1547760.694097652500044
11099033.166256474999222 1547760.992683590000000
11099033.166256474999222 1547761.291269527499956
11099033.166256474999222 1547761.589855464999912
11099033.166256474999222 1547761.888441402499868
11099033.166256474999222 1547762.187027339999824
11099033.166256474999222 1547762.485613277499780
11099033.166256474999222 1547762.784199214999736
11099033.166256474999222 1547763.082785152499692
11099033.166256474999222 1547763.381371089999648
11099033.464837204165759 1547758.305410152500396
11099033.464837204165759 1547758.603996090000352
11099033.464837204165759 1547758.902582027500308
11099033.464837204165759 1547759.201167965000264
11099033.464837204165759 1547759.499753902500220
11099033.464837204165759 1547759.798339840000176
11099033.464837204165759 1547760.096925777500132
11099033.464837204165759 1547760.395511715000088
11099033.464837204165759 1547760.694097652500044
11099033.464837204165759 1547760.992683590000000
11099033.464837204165759 1547761.291269527499956
11099033.464837204165759 1547761.589855464999912
11099033.464837204165759 1547761.888441402499868
11099033.464837204165759 1547762.187027339999824
11099033.464837204165759 1547762.485613277499780
11099033.464837204165759 1547762.784199214999736
11099033.464837204165759 1547763.082785152499692
11099033.464837204165759 1547763.381371089999648
11099033.763417933332296 1547758.305410152500396
11099033.763417933332296 1547758.603996090000352
11099033.763417933332296 1547758.902582027500308
11099033.763417933332296 1547759.201167965000264
11099033.763417933332296 1547759.499753902500220
11099033.763417933332296 1547759.798339840000176
11099033.763417933332296 1547760.096925777500132
11099033.763417933332296 1547760.395511715000088
11099033.763417933332296 1547760.694097652500044
11099033.763417933332296 1547760.992683590000000
11099033.763417933332296 1547761.291269527499956
11099033.763417933332296 1547761.589855464999912
11099033.763417933332296 1547761.888441402499868
11099033.763417933332296 1547762.187027339999824
11099033.763417933332296 1547762.485613277499780
11099033.763417933332296 1547762.784199214999736
11099033.763417933332296 1547763.082785152499692
11099033.763417933332296 1547763.381371089999648
