11099184.248105437501167 1547644.842753902500396
11099184.248105437501167 1547645.141339840000352
11099184.248105437501167 1547645.439925777500308
11099184.248105437501167 1547645.738511715000264
11099184.248105437501167 1547646.037097652500220
11099184.248105437501167 1547646.335683590000176
11099184.248105437501167 1547646.634269527500132
11099184.248105437501167 1547646.932855465000088
11099184.248105437501167 1547647.231441402500044
11099184.248105437501167 1547647.530027340000000
11099184.248105437501167 1547647.828613277499956
11099184.248105437501167 1547648.127199214999912
11099184.248105437501167 1547648.425785152499868
11099184.248105437501167 1547648.724371089999824
11099184.248105437501167 1547649.022957027499780
11099184.248105437501167 1547649.321542964999736
11099184.248105437501167 1547649.620128902499692
11099184.248105437501167 1547649.918714839999648
11099184.546686166667704 1547644.842753902500396
11099184.546686166667704 1547645.141339840000352
11099184.546686166667704 1547645.439925777500308
11099184.546686166667704 1547645.738511715000264
11099184.546686166667704 1547646.037097652500220
11099184.546686166667704 1547646.335683590000176
11099184.546686166667704 1547646.634269527500132
11099184.546686166667704 1547646.932855465000088
11099184.546686166667704 1547647.231441402500044
11099184.546686166667704 1547647.530027340000000
11099184.546686166667704 1547647.828613277499956
11099184.546686166667704 1547648.127199214999912
11099184.546686166667704 1547648.425785152499868
11099184.546686166667704 1547648.724371089999824
11099184.546686166667704 1547649.022957027499780
11099184.546686166667704 1547649.321542964999736
11099184.546686166667704 1547649.620128902499692
11099184.546686166667704 1547649.918714839999648
11099184.845266895834241 1547644.842753902500396
11099184.845266895834241 1547645.141339840000352
11099184.845266895834241 1547645.439925777500308
11099184.845266895834241 1547645.738511715000264
11099184.845266895834241 1547646.037097652500220
11099184.845266895834241 1547646.335683590000176
11099184.845266895834241 1547646.634269527500132
11099184.845266895834241 1547646.932855465000088
11099184.845266895834241 1547647.231441402500044
11099184.845266895834241 1547647.530027340000000
11099184.845266895834241 1547647.828613277499956
11099184.845266895834241 1547648.127199214999912
11099184.845266895834241 1547648.425785152499868
11099184.845266895834241 1547648.724371089999824
11099184.845266895834241 1547649.022957027499780
11099184.845266895834241 1547649.321542964999736
11099184.845266895834241 1547649.620128902499692
11099184.845266895834241 1547649.918714839999648
11099185.143847625000778 1547644.842753902500396
11099185.143847625000778 1547645.141339840000352
11099185.143847625000778 1547645.439925777500308
11099185.143847625000778 1547645.738511715000264
11099185.143847625000778 1547646.037097652500220
11099185.143847625000778 1547646.335683590000176
11099185.143847625000778 1547646.634269527500132
11099185.143847625000778 1547646.932855465000088
11099185.143847625000778 1547647.231441402500044
11099185.143847625000778 1547647.530027340000000
11099185.143847625000778 1547647.828613277499956
11099185.143847625000778 1547648.127199214999912
11099185.143847625000778 1547648.425785152499868
11099185.143847625000778 1547648.724371089999824
11099185.143847625000778 1547649.022957027499780
11099185.143847625000778 1547649.321542964999736
11099185.143847625000778 1547649.620128902499692
11099185.143847625000778 1547649.918714839999648
11099185.442428354167315 1547644.842753902500396
11099185.442428354167315 1547645.141339840000352
11099185.442428354167315 1547645.439925777500308
11099185.442428354167315 1547645.738511715000264
11099185.442428354167315 1547646.037097652500220
11099185.442428354167315 1547646.335683590000176
11099185.442428354167315 1547646.634269527500132
11099185.442428354167315 1547646.932855465000088
11099185.442428354167315 1547647.231441402500044
11099185.442428354167315 1547647.530027340000000
11099185.442428354167315 1547647.828613277499956
11099185.442428354167315 1547648.127199214999912
11099185.442428354167315 1547648.425785152499868
11099185.442428354167315 1547648.724371089999824
11099185.442428354167315 1547649.022957027499780
11099185.442428354167315 1547649.321542964999736
11099185.442428354167315 1547649.620128902499692
11099185.442428354167315 1547649.918714839999648
11099185.741009083333852 1547644.842753902500396
11099185.741009083333852 1547645.141339840000352
11099185.741009083333852 1547645.439925777500308
11099185.741009083333852 1547645.738511715000264
11099185.741009083333852 1547646.037097652500220
11099185.741009083333852 1547646.335683590000176
11099185.741009083333852 1547646.634269527500132
11099185.741009083333852 1547646.932855465000088
11099185.741009083333852 1547647.231441402500044
11099185.741009083333852 1547647.530027340000000
11099185.741009083333852 1547647.828613277499956
11099185.741009083333852 1547648.127199214999912
11099185.741009083333852 1547648.425785152499868
11099185.741009083333852 1547648.724371089999824
11099185.741009083333852 1547649.022957027499780
11099185.741009083333852 1547649.321542964999736
11099185.741009083333852 1547649.620128902499692
11099185.741009083333852 1547649.918714839999648
11099186.039589812500389 1547644.842753902500396
11099186.039589812500389 1547645.141339840000352
11099186.039589812500389 1547645.439925777500308
11099186.039589812500389 1547645.738511715000264
11099186.039589812500389 1547646.037097652500220
11099186.039589812500389 1547646.335683590000176
11099186.039589812500389 1547646.634269527500132
11099186.039589812500389 1547646.932855465000088
11099186.039589812500389 1547647.231441402500044
11099186.039589812500389 1547647.530027340000000
11099186.039589812500389 1547647.828613277499956
11099186.039589812500389 1547648.127199214999912
11099186.039589812500389 1547648.425785152499868
11099186.039589812500389 1547648.724371089999824
11099186.039589812500389 1547649.022957027499780
11099186.039589812500389 1547649.321542964999736
11099186.039589812500389 1547649.620128902499692
11099186.039589812500389 1547649.918714839999648
11099186.338170541666926 1547644.842753902500396
11099186.338170541666926 1547645.141339840000352
11099186.338170541666926 1547645.439925777500308
11099186.338170541666926 1547645.738511715000264
11099186.338170541666926 1547646.037097652500220
11099186.338170541666926 1547646.335683590000176
11099186.338170541666926 1547646.634269527500132
11099186.338170541666926 1547646.932855465000088
11099186.338170541666926 1547647.231441402500044
11099186.338170541666926 1547647.530027340000000
11099186.338170541666926 1547647.828613277499956
11099186.338170541666926 1547648.127199214999912
11099186.338170541666926 1547648.425785152499868
11099186.338170541666926 1547648.724371089999824
11099186.338170541666926 1547649.022957027499780
11099186.338170541666926 1547649.321542964999736
11099186.338170541666926 1547649.620128902499692
11099186.338170541666926 1547649.918714839999648
11099186.636751270833463 1547644.842753902500396
11099186.636751270833463 1547645.141339840000352
11099186.636751270833463 1547645.439925777500308
11099186.636751270833463 1547645.738511715000264
11099186.636751270833463 1547646.037097652500220
11099186.636751270833463 1547646.335683590000176
11099186.636751270833463 1547646.634269527500132
11099186.636751270833463 1547646.932855465000088
11099186.636751270833463 1547647.231441402500044
11099186.636751270833463 1547647.530027340000000
11099186.636751270833463 1547647.828613277499956
11099186.636751270833463 1547648.127199214999912
11099186.636751270833463 1547648.425785152499868
11099186.636751270833463 1547648.724371089999824
11099186.636751270833463 1547649.022957027499780
11099186.636751270833463 1547649.321542964999736
11099186.636751270833463 1547649.620128902499692
11099186.636751270833463 1547649.918714839999648
11099186.935332000000000 1547644.842753902500396
11099186.935332000000000 1547645.141339840000352
11099186.935332000000000 1547645.439925777500308
11099186.935332000000000 1547645.738511715000264
11099186.935332000000000 1547646.037097652500220
11099186.935332000000000 1547646.335683590000176
11099186.935332000000000 1547646.634269527500132
11099186.935332000000000 1547646.932855465000088
11099186.935332000000000 1547647.231441402500044
11099186.935332000000000 1547647.530027340000000
11099186.935332000000000 1547647.828613277499956
11099186.935332000000000 1547648.127199214999912
11099186.935332000000000 1547648.425785152499868
11099186.935332000000000 1547648.724371089999824
11099186.935332000000000 1547649.022957027499780
11099186.935332000000000 1547649.321542964999736
11099186.935332000000000 1547649.620128902499692
11099186.935332000000000 1547649.918714839999648
11099187.233912729166537 1547644.842753902500396
11099187.233912729166537 1547645.141339840000352
11099187.233912729166537 1547645.439925777500308
11099187.233912729166537 1547645.738511715000264
11099187.233912729166537 1547646.037097652500220
11099187.233912729166537 1547646.335683590000176
11099187.233912729166537 1547646.634269527500132
11099187.233912729166537 1547646.932855465000088
11099187.233912729166537 1547647.231441402500044
11099187.233912729166537 1547647.530027340000000
11099187.233912729166537 1547647.828613277499956
11099187.233912729166537 1547648.127199214999912
11099187.233912729166537 1547648.425785152499868
11099187.233912729166537 1547648.724371089999824
11099187.233912729166537 1547649.022957027499780
11099187.233912729166537 1547649.321542964999736
11099187.233912729166537 1547649.620128902499692
11099187.233912729166537 1547649.918714839999648
11099187.532493458333074 1547644.842753902500396
11099187.532493458333074 1547645.141339840000352
11099187.532493458333074 1547645.439925777500308
11099187.532493458333074 1547645.738511715000264
11099187.532493458333074 1547646.037097652500220
11099187.532493458333074 1547646.335683590000176
11099187.532493458333074 1547646.634269527500132
11099187.532493458333074 1547646.932855465000088
11099187.532493458333074 1547647.231441402500044
11099187.532493458333074 1547647.530027340000000
11099187.532493458333074 1547647.828613277499956
11099187.532493458333074 1547648.127199214999912
11099187.532493458333074 1547648.425785152499868
11099187.532493458333074 1547648.724371089999824
11099187.532493458333074 1547649.022957027499780
11099187.532493458333074 1547649.321542964999736
11099187.532493458333074 1547649.620128902499692
11099187.532493458333074 1547649.918714839999648
11099187.831074187499611 1547644.842753902500396
11099187.831074187499611 1547645.141339840000352
11099187.831074187499611 1547645.439925777500308
11099187.831074187499611 1547645.738511715000264
11099187.831074187499611 1547646.037097652500220
11099187.831074187499611 1547646.335683590000176
11099187.831074187499611 1547646.634269527500132
11099187.831074187499611 1547646.932855465000088
11099187.831074187499611 1547647.231441402500044
11099187.831074187499611 1547647.530027340000000
11099187.831074187499611 1547647.828613277499956
11099187.831074187499611 1547648.127199214999912
11099187.831074187499611 1547648.425785152499868
11099187.831074187499611 1547648.724371089999824
11099187.831074187499611 1547649.022957027499780
11099187.831074187499611 1547649.321542964999736
11099187.831074187499611 1547649.620128902499692
11099187.831074187499611 1547649.918714839999648
11099188.129654916666148 1547644.842753902500396
11099188.129654916666148 1547645.141339840000352
11099188.129654916666148 1547645.439925777500308
11099188.129654916666148 1547645.738511715000264
11099188.129654916666148 1547646.037097652500220
11099188.129654916666148 1547646.335683590000176
11099188.129654916666148 1547646.634269527500132
11099188.129654916666148 1547646.932855465000088
11099188.129654916666148 1547647.231441402500044
11099188.129654916666148 1547647.530027340000000
11099188.129654916666148 1547647.828613277499956
11099188.129654916666148 1547648.127199214999912
11099188.129654916666148 1547648.425785152499868
11099188.129654916666148 1547648.724371089999824
11099188.129654916666148 1547649.022957027499780
11099188.129654916666148 1547649.321542964999736
11099188.129654916666148 1547649.620128902499692
11099188.129654916666148 1547649.918714839999648
11099188.428235645832685 1547644.842753902500396
11099188.428235645832685 1547645.141339840000352
11099188.428235645832685 1547645.439925777500308
11099188.428235645832685 1547645.738511715000264
11099188.428235645832685 1547646.037097652500220
11099188.428235645832685 1547646.335683590000176
11099188.428235645832685 1547646.634269527500132
11099188.428235645832685 1547646.932855465000088
11099188.428235645832685 1547647.231441402500044
11099188.428235645832685 1547647.530027340000000
11099188.428235645832685 1547647.828613277499956
11099188.428235645832685 1547648.127199214999912
11099188.428235645832685 1547648.425785152499868
11099188.428235645832685 1547648.724371089999824
11099188.428235645832685 1547649.022957027499780
11099188.428235645832685 1547649.321542964999736
11099188.428235645832685 1547649.620128902499692
11099188.428235645832685 1547649.918714839999648
11099188.726816374999222 1547644.842753902500396
11099188.726816374999222 1547645.141339840000352
11099188.726816374999222 1547645.439925777500308
11099188.726816374999222 1547645.738511715000264
11099188.726816374999222 1547646.037097652500220
11099188.726816374999222 1547646.335683590000176
11099188.726816374999222 1547646.634269527500132
11099188.726816374999222 1547646.932855465000088
11099188.726816374999222 1547647.231441402500044
11099188.726816374999222 1547647.530027340000000
11099188.726816374999222 1547647.828613277499956
11099188.726816374999222 1547648.127199214999912
11099188.726816374999222 1547648.425785152499868
11099188.726816374999222 1547648.724371089999824
11099188.726816374999222 1547649.022957027499780
11099188.726816374999222 1547649.321542964999736
11099188.726816374999222 1547649.620128902499692
11099188.726816374999222 1547649.918714839999648
11099189.025397104165759 1547644.842753902500396
11099189.025397104165759 1547645.141339840000352
11099189.025397104165759 1547645.439925777500308
11099189.025397104165759 1547645.738511715000264
11099189.025397104165759 1547646.037097652500220
11099189.025397104165759 1547646.335683590000176
11099189.025397104165759 1547646.634269527500132
11099189.025397104165759 1547646.932855465000088
11099189.025397104165759 1547647.231441402500044
11099189.025397104165759 1547647.530027340000000
11099189.025397104165759 1547647.828613277499956
11099189.025397104165759 1547648.127199214999912
11099189.025397104165759 1547648.425785152499868
11099189.025397104165759 1547648.724371089999824
11099189.025397104165759 1547649.022957027499780
11099189.025397104165759 1547649.321542964999736
11099189.025397104165759 1547649.620128902499692
11099189.025397104165759 1547649.918714839999648
11099189.323977833332296 1547644.842753902500396
11099189.323977833332296 1547645.141339840000352
11099189.323977833332296 1547645.439925777500308
11099189.323977833332296 1547645.738511715000264
11099189.323977833332296 1547646.037097652500220
11099189.323977833332296 1547646.335683590000176
11099189.323977833332296 1547646.634269527500132
11099189.323977833332296 1547646.932855465000088
11099189.323977833332296 1547647.231441402500044
11099189.323977833332296 1547647.530027340000000
11099189.323977833332296 1547647.828613277499956
11099189.323977833332296 1547648.127199214999912
11099189.323977833332296 1547648.425785152499868
11099189.323977833332296 1547648.724371089999824
11099189.323977833332296 1547649.022957027499780
11099189.323977833332296 1547649.321542964999736
11099189.323977833332296 1547649.620128902499692
11099189.323977833332296 1547649.918714839999648
