11099013.459928337501167 1547648.724371092500396
11099013.459928337501167 1547649.022957030000352
11099013.459928337501167 1547649.321542967500308
11099013.459928337501167 1547649.620128905000264
11099013.459928337501167 1547649.918714842500220
11099013.459928337501167 1547650.217300780000176
11099013.459928337501167 1547650.515886717500132
11099013.459928337501167 1547650.814472655000088
11099013.459928337501167 1547651.113058592500044
11099013.459928337501167 1547651.411644530000000
11099013.459928337501167 1547651.710230467499956
11099013.459928337501167 1547652.008816404999912
11099013.459928337501167 1547652.307402342499868
11099013.459928337501167 1547652.605988279999824
11099013.459928337501167 1547652.904574217499780
11099013.459928337501167 1547653.203160154999736
11099013.459928337501167 1547653.501746092499692
11099013.459928337501167 1547653.800332029999648
11099013.758509066667704 1547648.724371092500396
11099013.758509066667704 1547649.022957030000352
11099013.758509066667704 1547649.321542967500308
11099013.758509066667704 1547649.620128905000264
11099013.758509066667704 1547649.918714842500220
11099013.758509066667704 1547650.217300780000176
11099013.758509066667704 1547650.515886717500132
11099013.758509066667704 1547650.814472655000088
11099013.758509066667704 1547651.113058592500044
11099013.758509066667704 1547651.411644530000000
11099013.758509066667704 1547651.710230467499956
11099013.758509066667704 1547652.008816404999912
11099013.758509066667704 1547652.307402342499868
11099013.758509066667704 1547652.605988279999824
11099013.758509066667704 1547652.904574217499780
11099013.758509066667704 1547653.203160154999736
11099013.758509066667704 1547653.501746092499692
11099013.758509066667704 1547653.800332029999648
11099014.057089795834241 1547648.724371092500396
11099014.057089795834241 1547649.022957030000352
11099014.057089795834241 1547649.321542967500308
11099014.057089795834241 1547649.620128905000264
11099014.057089795834241 1547649.918714842500220
11099014.057089795834241 1547650.217300780000176
11099014.057089795834241 1547650.515886717500132
11099014.057089795834241 1547650.814472655000088
11099014.057089795834241 1547651.113058592500044
11099014.057089795834241 1547651.411644530000000
11099014.057089795834241 1547651.710230467499956
11099014.057089795834241 1547652.008816404999912
11099014.057089795834241 1547652.307402342499868
11099014.057089795834241 1547652.605988279999824
11099014.057089795834241 1547652.904574217499780
11099014.057089795834241 1547653.203160154999736
11099014.057089795834241 1547653.501746092499692
11099014.057089795834241 1547653.800332029999648
11099014.355670525000778 1547648.724371092500396
11099014.355670525000778 1547649.022957030000352
11099014.355670525000778 1547649.321542967500308
11099014.355670525000778 1547649.620128905000264
11099014.355670525000778 1547649.918714842500220
11099014.355670525000778 1547650.217300780000176
11099014.355670525000778 1547650.515886717500132
11099014.355670525000778 1547650.814472655000088
11099014.355670525000778 1547651.113058592500044
11099014.355670525000778 1547651.411644530000000
11099014.355670525000778 1547651.710230467499956
11099014.355670525000778 1547652.008816404999912
11099014.355670525000778 1547652.307402342499868
11099014.355670525000778 1547652.605988279999824
11099014.355670525000778 1547652.904574217499780
11099014.355670525000778 1547653.203160154999736
11099014.355670525000778 1547653.501746092499692
11099014.355670525000778 1547653.800332029999648
11099014.654251254167315 1547648.724371092500396
11099014.654251254167315 1547649.022957030000352
11099014.654251254167315 1547649.321542967500308
11099014.654251254167315 1547649.620128905000264
11099014.654251254167315 1547649.918714842500220
11099014.654251254167315 1547650.217300780000176
11099014.654251254167315 1547650.515886717500132
11099014.654251254167315 1547650.814472655000088
11099014.654251254167315 1547651.113058592500044
11099014.654251254167315 1547651.411644530000000
11099014.654251254167315 1547651.710230467499956
11099014.654251254167315 1547652.008816404999912
11099014.654251254167315 1547652.307402342499868
11099014.654251254167315 1547652.605988279999824
11099014.654251254167315 1547652.904574217499780
11099014.654251254167315 1547653.203160154999736
11099014.654251254167315 1547653.501746092499692
11099014.654251254167315 1547653.800332029999648
11099014.952831983333852 1547648.724371092500396
11099014.952831983333852 1547649.022957030000352
11099014.952831983333852 1547649.321542967500308
11099014.952831983333852 1547649.620128905000264
11099014.952831983333852 1547649.918714842500220
11099014.952831983333852 1547650.217300780000176
11099014.952831983333852 1547650.515886717500132
11099014.952831983333852 1547650.814472655000088
11099014.952831983333852 1547651.113058592500044
11099014.952831983333852 1547651.411644530000000
11099014.952831983333852 1547651.710230467499956
11099014.952831983333852 1547652.008816404999912
11099014.952831983333852 1547652.307402342499868
11099014.952831983333852 1547652.605988279999824
11099014.952831983333852 1547652.904574217499780
11099014.952831983333852 1547653.203160154999736
11099014.952831983333852 1547653.501746092499692
11099014.952831983333852 1547653.800332029999648
11099015.251412712500389 1547648.724371092500396
11099015.251412712500389 1547649.022957030000352
11099015.251412712500389 1547649.321542967500308
11099015.251412712500389 1547649.620128905000264
11099015.251412712500389 1547649.918714842500220
11099015.251412712500389 1547650.217300780000176
11099015.251412712500389 1547650.515886717500132
11099015.251412712500389 1547650.814472655000088
11099015.251412712500389 1547651.113058592500044
11099015.251412712500389 1547651.411644530000000
11099015.251412712500389 1547651.710230467499956
11099015.251412712500389 1547652.008816404999912
11099015.251412712500389 1547652.307402342499868
11099015.251412712500389 1547652.605988279999824
11099015.251412712500389 1547652.904574217499780
11099015.251412712500389 1547653.203160154999736
11099015.251412712500389 1547653.501746092499692
11099015.251412712500389 1547653.800332029999648
11099015.549993441666926 1547648.724371092500396
11099015.549993441666926 1547649.022957030000352
11099015.549993441666926 1547649.321542967500308
11099015.549993441666926 1547649.620128905000264
11099015.549993441666926 1547649.918714842500220
11099015.549993441666926 1547650.217300780000176
11099015.549993441666926 1547650.515886717500132
11099015.549993441666926 1547650.814472655000088
11099015.549993441666926 1547651.113058592500044
11099015.549993441666926 1547651.411644530000000
11099015.549993441666926 1547651.710230467499956
11099015.549993441666926 1547652.008816404999912
11099015.549993441666926 1547652.307402342499868
11099015.549993441666926 1547652.605988279999824
11099015.549993441666926 1547652.904574217499780
11099015.549993441666926 1547653.203160154999736
11099015.549993441666926 1547653.501746092499692
11099015.549993441666926 1547653.800332029999648
11099015.848574170833463 1547648.724371092500396
11099015.848574170833463 1547649.022957030000352
11099015.848574170833463 1547649.321542967500308
11099015.848574170833463 1547649.620128905000264
11099015.848574170833463 1547649.918714842500220
11099015.848574170833463 1547650.217300780000176
11099015.848574170833463 1547650.515886717500132
11099015.848574170833463 1547650.814472655000088
11099015.848574170833463 1547651.113058592500044
11099015.848574170833463 1547651.411644530000000
11099015.848574170833463 1547651.710230467499956
11099015.848574170833463 1547652.008816404999912
11099015.848574170833463 1547652.307402342499868
11099015.848574170833463 1547652.605988279999824
11099015.848574170833463 1547652.904574217499780
11099015.848574170833463 1547653.203160154999736
11099015.848574170833463 1547653.501746092499692
11099015.848574170833463 1547653.800332029999648
11099016.147154900000000 1547648.724371092500396
11099016.147154900000000 1547649.022957030000352
11099016.147154900000000 1547649.321542967500308
11099016.147154900000000 1547649.620128905000264
11099016.147154900000000 1547649.918714842500220
11099016.147154900000000 1547650.217300780000176
11099016.147154900000000 1547650.515886717500132
11099016.147154900000000 1547650.814472655000088
11099016.147154900000000 1547651.113058592500044
11099016.147154900000000 1547651.411644530000000
11099016.147154900000000 1547651.710230467499956
11099016.147154900000000 1547652.008816404999912
11099016.147154900000000 1547652.307402342499868
11099016.147154900000000 1547652.605988279999824
11099016.147154900000000 1547652.904574217499780
11099016.147154900000000 1547653.203160154999736
11099016.147154900000000 1547653.501746092499692
11099016.147154900000000 1547653.800332029999648
11099016.445735629166537 1547648.724371092500396
11099016.445735629166537 1547649.022957030000352
11099016.445735629166537 1547649.321542967500308
11099016.445735629166537 1547649.620128905000264
11099016.445735629166537 1547649.918714842500220
11099016.445735629166537 1547650.217300780000176
11099016.445735629166537 1547650.515886717500132
11099016.445735629166537 1547650.814472655000088
11099016.445735629166537 1547651.113058592500044
11099016.445735629166537 1547651.411644530000000
11099016.445735629166537 1547651.710230467499956
11099016.445735629166537 1547652.008816404999912
11099016.445735629166537 1547652.307402342499868
11099016.445735629166537 1547652.605988279999824
11099016.445735629166537 1547652.904574217499780
11099016.445735629166537 1547653.203160154999736
11099016.445735629166537 1547653.501746092499692
11099016.445735629166537 1547653.800332029999648
11099016.744316358333074 1547648.724371092500396
11099016.744316358333074 1547649.022957030000352
11099016.744316358333074 1547649.321542967500308
11099016.744316358333074 1547649.620128905000264
11099016.744316358333074 1547649.918714842500220
11099016.744316358333074 1547650.217300780000176
11099016.744316358333074 1547650.515886717500132
11099016.744316358333074 1547650.814472655000088
11099016.744316358333074 1547651.113058592500044
11099016.744316358333074 1547651.411644530000000
11099016.744316358333074 1547651.710230467499956
11099016.744316358333074 1547652.008816404999912
11099016.744316358333074 1547652.307402342499868
11099016.744316358333074 1547652.605988279999824
11099016.744316358333074 1547652.904574217499780
11099016.744316358333074 1547653.203160154999736
11099016.744316358333074 1547653.501746092499692
11099016.744316358333074 1547653.800332029999648
11099017.042897087499611 1547648.724371092500396
11099017.042897087499611 1547649.022957030000352
11099017.042897087499611 1547649.321542967500308
11099017.042897087499611 1547649.620128905000264
11099017.042897087499611 1547649.918714842500220
11099017.042897087499611 1547650.217300780000176
11099017.042897087499611 1547650.515886717500132
11099017.042897087499611 1547650.814472655000088
11099017.042897087499611 1547651.113058592500044
11099017.042897087499611 1547651.411644530000000
11099017.042897087499611 1547651.710230467499956
11099017.042897087499611 1547652.008816404999912
11099017.042897087499611 1547652.307402342499868
11099017.042897087499611 1547652.605988279999824
11099017.042897087499611 1547652.904574217499780
11099017.042897087499611 1547653.203160154999736
11099017.042897087499611 1547653.501746092499692
11099017.042897087499611 1547653.800332029999648
11099017.341477816666148 1547648.724371092500396
11099017.341477816666148 1547649.022957030000352
11099017.341477816666148 1547649.321542967500308
11099017.341477816666148 1547649.620128905000264
11099017.341477816666148 1547649.918714842500220
11099017.341477816666148 1547650.217300780000176
11099017.341477816666148 1547650.515886717500132
11099017.341477816666148 1547650.814472655000088
11099017.341477816666148 1547651.113058592500044
11099017.341477816666148 1547651.411644530000000
11099017.341477816666148 1547651.710230467499956
11099017.341477816666148 1547652.008816404999912
11099017.341477816666148 1547652.307402342499868
11099017.341477816666148 1547652.605988279999824
11099017.341477816666148 1547652.904574217499780
11099017.341477816666148 1547653.203160154999736
11099017.341477816666148 1547653.501746092499692
11099017.341477816666148 1547653.800332029999648
11099017.640058545832685 1547648.724371092500396
11099017.640058545832685 1547649.022957030000352
11099017.640058545832685 1547649.321542967500308
11099017.640058545832685 1547649.620128905000264
11099017.640058545832685 1547649.918714842500220
11099017.640058545832685 1547650.217300780000176
11099017.640058545832685 1547650.515886717500132
11099017.640058545832685 1547650.814472655000088
11099017.640058545832685 1547651.113058592500044
11099017.640058545832685 1547651.411644530000000
11099017.640058545832685 1547651.710230467499956
11099017.640058545832685 1547652.008816404999912
11099017.640058545832685 1547652.307402342499868
11099017.640058545832685 1547652.605988279999824
11099017.640058545832685 1547652.904574217499780
11099017.640058545832685 1547653.203160154999736
11099017.640058545832685 1547653.501746092499692
11099017.640058545832685 1547653.800332029999648
11099017.938639274999222 1547648.724371092500396
11099017.938639274999222 1547649.022957030000352
11099017.938639274999222 1547649.321542967500308
11099017.938639274999222 1547649.620128905000264
11099017.938639274999222 1547649.918714842500220
11099017.938639274999222 1547650.217300780000176
11099017.938639274999222 1547650.515886717500132
11099017.938639274999222 1547650.814472655000088
11099017.938639274999222 1547651.113058592500044
11099017.938639274999222 1547651.411644530000000
11099017.938639274999222 1547651.710230467499956
11099017.938639274999222 1547652.008816404999912
11099017.938639274999222 1547652.307402342499868
11099017.938639274999222 1547652.605988279999824
11099017.938639274999222 1547652.904574217499780
11099017.938639274999222 1547653.203160154999736
11099017.938639274999222 1547653.501746092499692
11099017.938639274999222 1547653.800332029999648
11099018.237220004165759 1547648.724371092500396
11099018.237220004165759 1547649.022957030000352
11099018.237220004165759 1547649.321542967500308
11099018.237220004165759 1547649.620128905000264
11099018.237220004165759 1547649.918714842500220
11099018.237220004165759 1547650.217300780000176
11099018.237220004165759 1547650.515886717500132
11099018.237220004165759 1547650.814472655000088
11099018.237220004165759 1547651.113058592500044
11099018.237220004165759 1547651.411644530000000
11099018.237220004165759 1547651.710230467499956
11099018.237220004165759 1547652.008816404999912
11099018.237220004165759 1547652.307402342499868
11099018.237220004165759 1547652.605988279999824
11099018.237220004165759 1547652.904574217499780
11099018.237220004165759 1547653.203160154999736
11099018.237220004165759 1547653.501746092499692
11099018.237220004165759 1547653.800332029999648
11099018.535800733332296 1547648.724371092500396
11099018.535800733332296 1547649.022957030000352
11099018.535800733332296 1547649.321542967500308
11099018.535800733332296 1547649.620128905000264
11099018.535800733332296 1547649.918714842500220
11099018.535800733332296 1547650.217300780000176
11099018.535800733332296 1547650.515886717500132
11099018.535800733332296 1547650.814472655000088
11099018.535800733332296 1547651.113058592500044
11099018.535800733332296 1547651.411644530000000
11099018.535800733332296 1547651.710230467499956
11099018.535800733332296 1547652.008816404999912
11099018.535800733332296 1547652.307402342499868
11099018.535800733332296 1547652.605988279999824
11099018.535800733332296 1547652.904574217499780
11099018.535800733332296 1547653.203160154999736
11099018.535800733332296 1547653.501746092499692
11099018.535800733332296 1547653.800332029999648
