11099124.830540337501167 1547692.915089842500396
11099124.830540337501167 1547693.213675780000352
11099124.830540337501167 1547693.512261717500308
11099124.830540337501167 1547693.810847655000264
11099124.830540337501167 1547694.109433592500220
11099124.830540337501167 1547694.408019530000176
11099124.830540337501167 1547694.706605467500132
11099124.830540337501167 1547695.005191405000088
11099124.830540337501167 1547695.303777342500044
11099124.830540337501167 1547695.602363280000000
11099124.830540337501167 1547695.900949217499956
11099124.830540337501167 1547696.199535154999912
11099124.830540337501167 1547696.498121092499868
11099124.830540337501167 1547696.796707029999824
11099124.830540337501167 1547697.095292967499780
11099124.830540337501167 1547697.393878904999736
11099124.830540337501167 1547697.692464842499692
11099124.830540337501167 1547697.991050779999648
11099125.129121066667704 1547692.915089842500396
11099125.129121066667704 1547693.213675780000352
11099125.129121066667704 1547693.512261717500308
11099125.129121066667704 1547693.810847655000264
11099125.129121066667704 1547694.109433592500220
11099125.129121066667704 1547694.408019530000176
11099125.129121066667704 1547694.706605467500132
11099125.129121066667704 1547695.005191405000088
11099125.129121066667704 1547695.303777342500044
11099125.129121066667704 1547695.602363280000000
11099125.129121066667704 1547695.900949217499956
11099125.129121066667704 1547696.199535154999912
11099125.129121066667704 1547696.498121092499868
11099125.129121066667704 1547696.796707029999824
11099125.129121066667704 1547697.095292967499780
11099125.129121066667704 1547697.393878904999736
11099125.129121066667704 1547697.692464842499692
11099125.129121066667704 1547697.991050779999648
11099125.427701795834241 1547692.915089842500396
11099125.427701795834241 1547693.213675780000352
11099125.427701795834241 1547693.512261717500308
11099125.427701795834241 1547693.810847655000264
11099125.427701795834241 1547694.109433592500220
11099125.427701795834241 1547694.408019530000176
11099125.427701795834241 1547694.706605467500132
11099125.427701795834241 1547695.005191405000088
11099125.427701795834241 1547695.303777342500044
11099125.427701795834241 1547695.602363280000000
11099125.427701795834241 1547695.900949217499956
11099125.427701795834241 1547696.199535154999912
11099125.427701795834241 1547696.498121092499868
11099125.427701795834241 1547696.796707029999824
11099125.427701795834241 1547697.095292967499780
11099125.427701795834241 1547697.393878904999736
11099125.427701795834241 1547697.692464842499692
11099125.427701795834241 1547697.991050779999648
11099125.726282525000778 1547692.915089842500396
11099125.726282525000778 1547693.213675780000352
11099125.726282525000778 1547693.512261717500308
11099125.726282525000778 1547693.810847655000264
11099125.726282525000778 1547694.109433592500220
11099125.726282525000778 1547694.408019530000176
11099125.726282525000778 1547694.706605467500132
11099125.726282525000778 1547695.005191405000088
11099125.726282525000778 1547695.303777342500044
11099125.726282525000778 1547695.602363280000000
11099125.726282525000778 1547695.900949217499956
11099125.726282525000778 1547696.199535154999912
11099125.726282525000778 1547696.498121092499868
11099125.726282525000778 1547696.796707029999824
11099125.726282525000778 1547697.095292967499780
11099125.726282525000778 1547697.393878904999736
11099125.726282525000778 1547697.692464842499692
11099125.726282525000778 1547697.991050779999648
11099126.024863254167315 1547692.915089842500396
11099126.024863254167315 1547693.213675780000352
11099126.024863254167315 1547693.512261717500308
11099126.024863254167315 1547693.810847655000264
11099126.024863254167315 1547694.109433592500220
11099126.024863254167315 1547694.408019530000176
11099126.024863254167315 1547694.706605467500132
11099126.024863254167315 1547695.005191405000088
11099126.024863254167315 1547695.303777342500044
11099126.024863254167315 1547695.602363280000000
11099126.024863254167315 1547695.900949217499956
11099126.024863254167315 1547696.199535154999912
11099126.024863254167315 1547696.498121092499868
11099126.024863254167315 1547696.796707029999824
11099126.024863254167315 1547697.095292967499780
11099126.024863254167315 1547697.393878904999736
11099126.024863254167315 1547697.692464842499692
11099126.024863254167315 1547697.991050779999648
11099126.323443983333852 1547692.915089842500396
11099126.323443983333852 1547693.213675780000352
11099126.323443983333852 1547693.512261717500308
11099126.323443983333852 1547693.810847655000264
11099126.323443983333852 1547694.109433592500220
11099126.323443983333852 1547694.408019530000176
11099126.323443983333852 1547694.706605467500132
11099126.323443983333852 1547695.005191405000088
11099126.323443983333852 1547695.303777342500044
11099126.323443983333852 1547695.602363280000000
11099126.323443983333852 1547695.900949217499956
11099126.323443983333852 1547696.199535154999912
11099126.323443983333852 1547696.498121092499868
11099126.323443983333852 1547696.796707029999824
11099126.323443983333852 1547697.095292967499780
11099126.323443983333852 1547697.393878904999736
11099126.323443983333852 1547697.692464842499692
11099126.323443983333852 1547697.991050779999648
11099126.622024712500389 1547692.915089842500396
11099126.622024712500389 1547693.213675780000352
11099126.622024712500389 1547693.512261717500308
11099126.622024712500389 1547693.810847655000264
11099126.622024712500389 1547694.109433592500220
11099126.622024712500389 1547694.408019530000176
11099126.622024712500389 1547694.706605467500132
11099126.622024712500389 1547695.005191405000088
11099126.622024712500389 1547695.303777342500044
11099126.622024712500389 1547695.602363280000000
11099126.622024712500389 1547695.900949217499956
11099126.622024712500389 1547696.199535154999912
11099126.622024712500389 1547696.498121092499868
11099126.622024712500389 1547696.796707029999824
11099126.622024712500389 1547697.095292967499780
11099126.622024712500389 1547697.393878904999736
11099126.622024712500389 1547697.692464842499692
11099126.622024712500389 1547697.991050779999648
11099126.920605441666926 1547692.915089842500396
11099126.920605441666926 1547693.213675780000352
11099126.920605441666926 1547693.512261717500308
11099126.920605441666926 1547693.810847655000264
11099126.920605441666926 1547694.109433592500220
11099126.920605441666926 1547694.408019530000176
11099126.920605441666926 1547694.706605467500132
11099126.920605441666926 1547695.005191405000088
11099126.920605441666926 1547695.303777342500044
11099126.920605441666926 1547695.602363280000000
11099126.920605441666926 1547695.900949217499956
11099126.920605441666926 1547696.199535154999912
11099126.920605441666926 1547696.498121092499868
11099126.920605441666926 1547696.796707029999824
11099126.920605441666926 1547697.095292967499780
11099126.920605441666926 1547697.393878904999736
11099126.920605441666926 1547697.692464842499692
11099126.920605441666926 1547697.991050779999648
11099127.219186170833463 1547692.915089842500396
11099127.219186170833463 1547693.213675780000352
11099127.219186170833463 1547693.512261717500308
11099127.219186170833463 1547693.810847655000264
11099127.219186170833463 1547694.109433592500220
11099127.219186170833463 1547694.408019530000176
11099127.219186170833463 1547694.706605467500132
11099127.219186170833463 1547695.005191405000088
11099127.219186170833463 1547695.303777342500044
11099127.219186170833463 1547695.602363280000000
11099127.219186170833463 1547695.900949217499956
11099127.219186170833463 1547696.199535154999912
11099127.219186170833463 1547696.498121092499868
11099127.219186170833463 1547696.796707029999824
11099127.219186170833463 1547697.095292967499780
11099127.219186170833463 1547697.393878904999736
11099127.219186170833463 1547697.692464842499692
11099127.219186170833463 1547697.991050779999648
11099127.517766900000000 1547692.915089842500396
11099127.517766900000000 1547693.213675780000352
11099127.517766900000000 1547693.512261717500308
11099127.517766900000000 1547693.810847655000264
11099127.517766900000000 1547694.109433592500220
11099127.517766900000000 1547694.408019530000176
11099127.517766900000000 1547694.706605467500132
11099127.517766900000000 1547695.005191405000088
11099127.517766900000000 1547695.303777342500044
11099127.517766900000000 1547695.602363280000000
11099127.517766900000000 1547695.900949217499956
11099127.517766900000000 1547696.199535154999912
11099127.517766900000000 1547696.498121092499868
11099127.517766900000000 1547696.796707029999824
11099127.517766900000000 1547697.095292967499780
11099127.517766900000000 1547697.393878904999736
11099127.517766900000000 1547697.692464842499692
11099127.517766900000000 1547697.991050779999648
11099127.816347629166537 1547692.915089842500396
11099127.816347629166537 1547693.213675780000352
11099127.816347629166537 1547693.512261717500308
11099127.816347629166537 1547693.810847655000264
11099127.816347629166537 1547694.109433592500220
11099127.816347629166537 1547694.408019530000176
11099127.816347629166537 1547694.706605467500132
11099127.816347629166537 1547695.005191405000088
11099127.816347629166537 1547695.303777342500044
11099127.816347629166537 1547695.602363280000000
11099127.816347629166537 1547695.900949217499956
11099127.816347629166537 1547696.199535154999912
11099127.816347629166537 1547696.498121092499868
11099127.816347629166537 1547696.796707029999824
11099127.816347629166537 1547697.095292967499780
11099127.816347629166537 1547697.393878904999736
11099127.816347629166537 1547697.692464842499692
11099127.816347629166537 1547697.991050779999648
11099128.114928358333074 1547692.915089842500396
11099128.114928358333074 1547693.213675780000352
11099128.114928358333074 1547693.512261717500308
11099128.114928358333074 1547693.810847655000264
11099128.114928358333074 1547694.109433592500220
11099128.114928358333074 1547694.408019530000176
11099128.114928358333074 1547694.706605467500132
11099128.114928358333074 1547695.005191405000088
11099128.114928358333074 1547695.303777342500044
11099128.114928358333074 1547695.602363280000000
11099128.114928358333074 1547695.900949217499956
11099128.114928358333074 1547696.199535154999912
11099128.114928358333074 1547696.498121092499868
11099128.114928358333074 1547696.796707029999824
11099128.114928358333074 1547697.095292967499780
11099128.114928358333074 1547697.393878904999736
11099128.114928358333074 1547697.692464842499692
11099128.114928358333074 1547697.991050779999648
11099128.413509087499611 1547692.915089842500396
11099128.413509087499611 1547693.213675780000352
11099128.413509087499611 1547693.512261717500308
11099128.413509087499611 1547693.810847655000264
11099128.413509087499611 1547694.109433592500220
11099128.413509087499611 1547694.408019530000176
11099128.413509087499611 1547694.706605467500132
11099128.413509087499611 1547695.005191405000088
11099128.413509087499611 1547695.303777342500044
11099128.413509087499611 1547695.602363280000000
11099128.413509087499611 1547695.900949217499956
11099128.413509087499611 1547696.199535154999912
11099128.413509087499611 1547696.498121092499868
11099128.413509087499611 1547696.796707029999824
11099128.413509087499611 1547697.095292967499780
11099128.413509087499611 1547697.393878904999736
11099128.413509087499611 1547697.692464842499692
11099128.413509087499611 1547697.991050779999648
11099128.712089816666148 1547692.915089842500396
11099128.712089816666148 1547693.213675780000352
11099128.712089816666148 1547693.512261717500308
11099128.712089816666148 1547693.810847655000264
11099128.712089816666148 1547694.109433592500220
11099128.712089816666148 1547694.408019530000176
11099128.712089816666148 1547694.706605467500132
11099128.712089816666148 1547695.005191405000088
11099128.712089816666148 1547695.303777342500044
11099128.712089816666148 1547695.602363280000000
11099128.712089816666148 1547695.900949217499956
11099128.712089816666148 1547696.199535154999912
11099128.712089816666148 1547696.498121092499868
11099128.712089816666148 1547696.796707029999824
11099128.712089816666148 1547697.095292967499780
11099128.712089816666148 1547697.393878904999736
11099128.712089816666148 1547697.692464842499692
11099128.712089816666148 1547697.991050779999648
11099129.010670545832685 1547692.915089842500396
11099129.010670545832685 1547693.213675780000352
11099129.010670545832685 1547693.512261717500308
11099129.010670545832685 1547693.810847655000264
11099129.010670545832685 1547694.109433592500220
11099129.010670545832685 1547694.408019530000176
11099129.010670545832685 1547694.706605467500132
11099129.010670545832685 1547695.005191405000088
11099129.010670545832685 1547695.303777342500044
11099129.010670545832685 1547695.602363280000000
11099129.010670545832685 1547695.900949217499956
11099129.010670545832685 1547696.199535154999912
11099129.010670545832685 1547696.498121092499868
11099129.010670545832685 1547696.796707029999824
11099129.010670545832685 1547697.095292967499780
11099129.010670545832685 1547697.393878904999736
11099129.010670545832685 1547697.692464842499692
11099129.010670545832685 1547697.991050779999648
11099129.309251274999222 1547692.915089842500396
11099129.309251274999222 1547693.213675780000352
11099129.309251274999222 1547693.512261717500308
11099129.309251274999222 1547693.810847655000264
11099129.309251274999222 1547694.109433592500220
11099129.309251274999222 1547694.408019530000176
11099129.309251274999222 1547694.706605467500132
11099129.309251274999222 1547695.005191405000088
11099129.309251274999222 1547695.303777342500044
11099129.309251274999222 1547695.602363280000000
11099129.309251274999222 1547695.900949217499956
11099129.309251274999222 1547696.199535154999912
11099129.309251274999222 1547696.498121092499868
11099129.309251274999222 1547696.796707029999824
11099129.309251274999222 1547697.095292967499780
11099129.309251274999222 1547697.393878904999736
11099129.309251274999222 1547697.692464842499692
11099129.309251274999222 1547697.991050779999648
11099129.607832004165759 1547692.915089842500396
11099129.607832004165759 1547693.213675780000352
11099129.607832004165759 1547693.512261717500308
11099129.607832004165759 1547693.810847655000264
11099129.607832004165759 1547694.109433592500220
11099129.607832004165759 1547694.408019530000176
11099129.607832004165759 1547694.706605467500132
11099129.607832004165759 1547695.005191405000088
11099129.607832004165759 1547695.303777342500044
11099129.607832004165759 1547695.602363280000000
11099129.607832004165759 1547695.900949217499956
11099129.607832004165759 1547696.199535154999912
11099129.607832004165759 1547696.498121092499868
11099129.607832004165759 1547696.796707029999824
11099129.607832004165759 1547697.095292967499780
11099129.607832004165759 1547697.393878904999736
11099129.607832004165759 1547697.692464842499692
11099129.607832004165759 1547697.991050779999648
11099129.906412733332296 1547692.915089842500396
11099129.906412733332296 1547693.213675780000352
11099129.906412733332296 1547693.512261717500308
11099129.906412733332296 1547693.810847655000264
11099129.906412733332296 1547694.109433592500220
11099129.906412733332296 1547694.408019530000176
11099129.906412733332296 1547694.706605467500132
11099129.906412733332296 1547695.005191405000088
11099129.906412733332296 1547695.303777342500044
11099129.906412733332296 1547695.602363280000000
11099129.906412733332296 1547695.900949217499956
11099129.906412733332296 1547696.199535154999912
11099129.906412733332296 1547696.498121092499868
11099129.906412733332296 1547696.796707029999824
11099129.906412733332296 1547697.095292967499780
11099129.906412733332296 1547697.393878904999736
11099129.906412733332296 1547697.692464842499692
11099129.906412733332296 1547697.991050779999648
