11098845.657558637501167 1547648.127199222500396
11098845.657558637501167 1547648.425785160000352
11098845.657558637501167 1547648.724371097500308
11098845.657558637501167 1547649.022957035000264
11098845.657558637501167 1547649.321542972500220
11098845.657558637501167 1547649.620128910000176
11098845.657558637501167 1547649.918714847500132
11098845.657558637501167 1547650.217300785000088
11098845.657558637501167 1547650.515886722500044
11098845.657558637501167 1547650.814472660000000
11098845.657558637501167 1547651.113058597499956
11098845.657558637501167 1547651.411644534999912
11098845.657558637501167 1547651.710230472499868
11098845.657558637501167 1547652.008816409999824
11098845.657558637501167 1547652.307402347499780
11098845.657558637501167 1547652.605988284999736
11098845.657558637501167 1547652.904574222499692
11098845.657558637501167 1547653.203160159999648
11098845.956139366667704 1547648.127199222500396
11098845.956139366667704 1547648.425785160000352
11098845.956139366667704 1547648.724371097500308
11098845.956139366667704 1547649.022957035000264
11098845.956139366667704 1547649.321542972500220
11098845.956139366667704 1547649.620128910000176
11098845.956139366667704 1547649.918714847500132
11098845.956139366667704 1547650.217300785000088
11098845.956139366667704 1547650.515886722500044
11098845.956139366667704 1547650.814472660000000
11098845.956139366667704 1547651.113058597499956
11098845.956139366667704 1547651.411644534999912
11098845.956139366667704 1547651.710230472499868
11098845.956139366667704 1547652.008816409999824
11098845.956139366667704 1547652.307402347499780
11098845.956139366667704 1547652.605988284999736
11098845.956139366667704 1547652.904574222499692
11098845.956139366667704 1547653.203160159999648
11098846.254720095834241 1547648.127199222500396
11098846.254720095834241 1547648.425785160000352
11098846.254720095834241 1547648.724371097500308
11098846.254720095834241 1547649.022957035000264
11098846.254720095834241 1547649.321542972500220
11098846.254720095834241 1547649.620128910000176
11098846.254720095834241 1547649.918714847500132
11098846.254720095834241 1547650.217300785000088
11098846.254720095834241 1547650.515886722500044
11098846.254720095834241 1547650.814472660000000
11098846.254720095834241 1547651.113058597499956
11098846.254720095834241 1547651.411644534999912
11098846.254720095834241 1547651.710230472499868
11098846.254720095834241 1547652.008816409999824
11098846.254720095834241 1547652.307402347499780
11098846.254720095834241 1547652.605988284999736
11098846.254720095834241 1547652.904574222499692
11098846.254720095834241 1547653.203160159999648
11098846.553300825000778 1547648.127199222500396
11098846.553300825000778 1547648.425785160000352
11098846.553300825000778 1547648.724371097500308
11098846.553300825000778 1547649.022957035000264
11098846.553300825000778 1547649.321542972500220
11098846.553300825000778 1547649.620128910000176
11098846.553300825000778 1547649.918714847500132
11098846.553300825000778 1547650.217300785000088
11098846.553300825000778 1547650.515886722500044
11098846.553300825000778 1547650.814472660000000
11098846.553300825000778 1547651.113058597499956
11098846.553300825000778 1547651.411644534999912
11098846.553300825000778 1547651.710230472499868
11098846.553300825000778 1547652.008816409999824
11098846.553300825000778 1547652.307402347499780
11098846.553300825000778 1547652.605988284999736
11098846.553300825000778 1547652.904574222499692
11098846.553300825000778 1547653.203160159999648
11098846.851881554167315 1547648.127199222500396
11098846.851881554167315 1547648.425785160000352
11098846.851881554167315 1547648.724371097500308
11098846.851881554167315 1547649.022957035000264
11098846.851881554167315 1547649.321542972500220
11098846.851881554167315 1547649.620128910000176
11098846.851881554167315 1547649.918714847500132
11098846.851881554167315 1547650.217300785000088
11098846.851881554167315 1547650.515886722500044
11098846.851881554167315 1547650.814472660000000
11098846.851881554167315 1547651.113058597499956
11098846.851881554167315 1547651.411644534999912
11098846.851881554167315 1547651.710230472499868
11098846.851881554167315 1547652.008816409999824
11098846.851881554167315 1547652.307402347499780
11098846.851881554167315 1547652.605988284999736
11098846.851881554167315 1547652.904574222499692
11098846.851881554167315 1547653.203160159999648
11098847.150462283333852 1547648.127199222500396
11098847.150462283333852 1547648.425785160000352
11098847.150462283333852 1547648.724371097500308
11098847.150462283333852 1547649.022957035000264
11098847.150462283333852 1547649.321542972500220
11098847.150462283333852 1547649.620128910000176
11098847.150462283333852 1547649.918714847500132
11098847.150462283333852 1547650.217300785000088
11098847.150462283333852 1547650.515886722500044
11098847.150462283333852 1547650.814472660000000
11098847.150462283333852 1547651.113058597499956
11098847.150462283333852 1547651.411644534999912
11098847.150462283333852 1547651.710230472499868
11098847.150462283333852 1547652.008816409999824
11098847.150462283333852 1547652.307402347499780
11098847.150462283333852 1547652.605988284999736
11098847.150462283333852 1547652.904574222499692
11098847.150462283333852 1547653.203160159999648
11098847.449043012500389 1547648.127199222500396
11098847.449043012500389 1547648.425785160000352
11098847.449043012500389 1547648.724371097500308
11098847.449043012500389 1547649.022957035000264
11098847.449043012500389 1547649.321542972500220
11098847.449043012500389 1547649.620128910000176
11098847.449043012500389 1547649.918714847500132
11098847.449043012500389 1547650.217300785000088
11098847.449043012500389 1547650.515886722500044
11098847.449043012500389 1547650.814472660000000
11098847.449043012500389 1547651.113058597499956
11098847.449043012500389 1547651.411644534999912
11098847.449043012500389 1547651.710230472499868
11098847.449043012500389 1547652.008816409999824
11098847.449043012500389 1547652.307402347499780
11098847.449043012500389 1547652.605988284999736
11098847.449043012500389 1547652.904574222499692
11098847.449043012500389 1547653.203160159999648
11098847.747623741666926 1547648.127199222500396
11098847.747623741666926 1547648.425785160000352
11098847.747623741666926 1547648.724371097500308
11098847.747623741666926 1547649.022957035000264
11098847.747623741666926 1547649.321542972500220
11098847.747623741666926 1547649.620128910000176
11098847.747623741666926 1547649.918714847500132
11098847.747623741666926 1547650.217300785000088
11098847.747623741666926 1547650.515886722500044
11098847.747623741666926 1547650.814472660000000
11098847.747623741666926 1547651.113058597499956
11098847.747623741666926 1547651.411644534999912
11098847.747623741666926 1547651.710230472499868
11098847.747623741666926 1547652.008816409999824
11098847.747623741666926 1547652.307402347499780
11098847.747623741666926 1547652.605988284999736
11098847.747623741666926 1547652.904574222499692
11098847.747623741666926 1547653.203160159999648
11098848.046204470833463 1547648.127199222500396
11098848.046204470833463 1547648.425785160000352
11098848.046204470833463 1547648.724371097500308
11098848.046204470833463 1547649.022957035000264
11098848.046204470833463 1547649.321542972500220
11098848.046204470833463 1547649.620128910000176
11098848.046204470833463 1547649.918714847500132
11098848.046204470833463 1547650.217300785000088
11098848.046204470833463 1547650.515886722500044
11098848.046204470833463 1547650.814472660000000
11098848.046204470833463 1547651.113058597499956
11098848.046204470833463 1547651.411644534999912
11098848.046204470833463 1547651.710230472499868
11098848.046204470833463 1547652.008816409999824
11098848.046204470833463 1547652.307402347499780
11098848.046204470833463 1547652.605988284999736
11098848.046204470833463 1547652.904574222499692
11098848.046204470833463 1547653.203160159999648
11098848.344785200000000 1547648.127199222500396
11098848.344785200000000 1547648.425785160000352
11098848.344785200000000 1547648.724371097500308
11098848.344785200000000 1547649.022957035000264
11098848.344785200000000 1547649.321542972500220
11098848.344785200000000 1547649.620128910000176
11098848.344785200000000 1547649.918714847500132
11098848.344785200000000 1547650.217300785000088
11098848.344785200000000 1547650.515886722500044
11098848.344785200000000 1547650.814472660000000
11098848.344785200000000 1547651.113058597499956
11098848.344785200000000 1547651.411644534999912
11098848.344785200000000 1547651.710230472499868
11098848.344785200000000 1547652.008816409999824
11098848.344785200000000 1547652.307402347499780
11098848.344785200000000 1547652.605988284999736
11098848.344785200000000 1547652.904574222499692
11098848.344785200000000 1547653.203160159999648
11098848.643365929166537 1547648.127199222500396
11098848.643365929166537 1547648.425785160000352
11098848.643365929166537 1547648.724371097500308
11098848.643365929166537 1547649.022957035000264
11098848.643365929166537 1547649.321542972500220
11098848.643365929166537 1547649.620128910000176
11098848.643365929166537 1547649.918714847500132
11098848.643365929166537 1547650.217300785000088
11098848.643365929166537 1547650.515886722500044
11098848.643365929166537 1547650.814472660000000
11098848.643365929166537 1547651.113058597499956
11098848.643365929166537 1547651.411644534999912
11098848.643365929166537 1547651.710230472499868
11098848.643365929166537 1547652.008816409999824
11098848.643365929166537 1547652.307402347499780
11098848.643365929166537 1547652.605988284999736
11098848.643365929166537 1547652.904574222499692
11098848.643365929166537 1547653.203160159999648
11098848.941946658333074 1547648.127199222500396
11098848.941946658333074 1547648.425785160000352
11098848.941946658333074 1547648.724371097500308
11098848.941946658333074 1547649.022957035000264
11098848.941946658333074 1547649.321542972500220
11098848.941946658333074 1547649.620128910000176
11098848.941946658333074 1547649.918714847500132
11098848.941946658333074 1547650.217300785000088
11098848.941946658333074 1547650.515886722500044
11098848.941946658333074 1547650.814472660000000
11098848.941946658333074 1547651.113058597499956
11098848.941946658333074 1547651.411644534999912
11098848.941946658333074 1547651.710230472499868
11098848.941946658333074 1547652.008816409999824
11098848.941946658333074 1547652.307402347499780
11098848.941946658333074 1547652.605988284999736
11098848.941946658333074 1547652.904574222499692
11098848.941946658333074 1547653.203160159999648
11098849.240527387499611 1547648.127199222500396
11098849.240527387499611 1547648.425785160000352
11098849.240527387499611 1547648.724371097500308
11098849.240527387499611 1547649.022957035000264
11098849.240527387499611 1547649.321542972500220
11098849.240527387499611 1547649.620128910000176
11098849.240527387499611 1547649.918714847500132
11098849.240527387499611 1547650.217300785000088
11098849.240527387499611 1547650.515886722500044
11098849.240527387499611 1547650.814472660000000
11098849.240527387499611 1547651.113058597499956
11098849.240527387499611 1547651.411644534999912
11098849.240527387499611 1547651.710230472499868
11098849.240527387499611 1547652.008816409999824
11098849.240527387499611 1547652.307402347499780
11098849.240527387499611 1547652.605988284999736
11098849.240527387499611 1547652.904574222499692
11098849.240527387499611 1547653.203160159999648
11098849.539108116666148 1547648.127199222500396
11098849.539108116666148 1547648.425785160000352
11098849.539108116666148 1547648.724371097500308
11098849.539108116666148 1547649.022957035000264
11098849.539108116666148 1547649.321542972500220
11098849.539108116666148 1547649.620128910000176
11098849.539108116666148 1547649.918714847500132
11098849.539108116666148 1547650.217300785000088
11098849.539108116666148 1547650.515886722500044
11098849.539108116666148 1547650.814472660000000
11098849.539108116666148 1547651.113058597499956
11098849.539108116666148 1547651.411644534999912
11098849.539108116666148 1547651.710230472499868
11098849.539108116666148 1547652.008816409999824
11098849.539108116666148 1547652.307402347499780
11098849.539108116666148 1547652.605988284999736
11098849.539108116666148 1547652.904574222499692
11098849.539108116666148 1547653.203160159999648
11098849.837688845832685 1547648.127199222500396
11098849.837688845832685 1547648.425785160000352
11098849.837688845832685 1547648.724371097500308
11098849.837688845832685 1547649.022957035000264
11098849.837688845832685 1547649.321542972500220
11098849.837688845832685 1547649.620128910000176
11098849.837688845832685 1547649.918714847500132
11098849.837688845832685 1547650.217300785000088
11098849.837688845832685 1547650.515886722500044
11098849.837688845832685 1547650.814472660000000
11098849.837688845832685 1547651.113058597499956
11098849.837688845832685 1547651.411644534999912
11098849.837688845832685 1547651.710230472499868
11098849.837688845832685 1547652.008816409999824
11098849.837688845832685 1547652.307402347499780
11098849.837688845832685 1547652.605988284999736
11098849.837688845832685 1547652.904574222499692
11098849.837688845832685 1547653.203160159999648
11098850.136269574999222 1547648.127199222500396
11098850.136269574999222 1547648.425785160000352
11098850.136269574999222 1547648.724371097500308
11098850.136269574999222 1547649.022957035000264
11098850.136269574999222 1547649.321542972500220
11098850.136269574999222 1547649.620128910000176
11098850.136269574999222 1547649.918714847500132
11098850.136269574999222 1547650.217300785000088
11098850.136269574999222 1547650.515886722500044
11098850.136269574999222 1547650.814472660000000
11098850.136269574999222 1547651.113058597499956
11098850.136269574999222 1547651.411644534999912
11098850.136269574999222 1547651.710230472499868
11098850.136269574999222 1547652.008816409999824
11098850.136269574999222 1547652.307402347499780
11098850.136269574999222 1547652.605988284999736
11098850.136269574999222 1547652.904574222499692
11098850.136269574999222 1547653.203160159999648
11098850.434850304165759 1547648.127199222500396
11098850.434850304165759 1547648.425785160000352
11098850.434850304165759 1547648.724371097500308
11098850.434850304165759 1547649.022957035000264
11098850.434850304165759 1547649.321542972500220
11098850.434850304165759 1547649.620128910000176
11098850.434850304165759 1547649.918714847500132
11098850.434850304165759 1547650.217300785000088
11098850.434850304165759 1547650.515886722500044
11098850.434850304165759 1547650.814472660000000
11098850.434850304165759 1547651.113058597499956
11098850.434850304165759 1547651.411644534999912
11098850.434850304165759 1547651.710230472499868
11098850.434850304165759 1547652.008816409999824
11098850.434850304165759 1547652.307402347499780
11098850.434850304165759 1547652.605988284999736
11098850.434850304165759 1547652.904574222499692
11098850.434850304165759 1547653.203160159999648
11098850.733431033332296 1547648.127199222500396
11098850.733431033332296 1547648.425785160000352
11098850.733431033332296 1547648.724371097500308
11098850.733431033332296 1547649.022957035000264
11098850.733431033332296 1547649.321542972500220
11098850.733431033332296 1547649.620128910000176
11098850.733431033332296 1547649.918714847500132
11098850.733431033332296 1547650.217300785000088
11098850.733431033332296 1547650.515886722500044
11098850.733431033332296 1547650.814472660000000
11098850.733431033332296 1547651.113058597499956
11098850.733431033332296 1547651.411644534999912
11098850.733431033332296 1547651.710230472499868
11098850.733431033332296 1547652.008816409999824
11098850.733431033332296 1547652.307402347499780
11098850.733431033332296 1547652.605988284999736
11098850.733431033332296 1547652.904574222499692
11098850.733431033332296 1547653.203160159999648
