11099429.980045537501167 1547835.937753902500396
11099429.980045537501167 1547836.236339840000352
11099429.980045537501167 1547836.534925777500308
11099429.980045537501167 1547836.833511715000264
11099429.980045537501167 1547837.132097652500220
11099429.980045537501167 1547837.430683590000176
11099429.980045537501167 1547837.729269527500132
11099429.980045537501167 1547838.027855465000088
11099429.980045537501167 1547838.326441402500044
11099429.980045537501167 1547838.625027340000000
11099429.980045537501167 1547838.923613277499956
11099429.980045537501167 1547839.222199214999912
11099429.980045537501167 1547839.520785152499868
11099429.980045537501167 1547839.819371089999824
11099429.980045537501167 1547840.117957027499780
11099429.980045537501167 1547840.416542964999736
11099429.980045537501167 1547840.715128902499692
11099429.980045537501167 1547841.013714839999648
11099430.278626266667704 1547835.937753902500396
11099430.278626266667704 1547836.236339840000352
11099430.278626266667704 1547836.534925777500308
11099430.278626266667704 1547836.833511715000264
11099430.278626266667704 1547837.132097652500220
11099430.278626266667704 1547837.430683590000176
11099430.278626266667704 1547837.729269527500132
11099430.278626266667704 1547838.027855465000088
11099430.278626266667704 1547838.326441402500044
11099430.278626266667704 1547838.625027340000000
11099430.278626266667704 1547838.923613277499956
11099430.278626266667704 1547839.222199214999912
11099430.278626266667704 1547839.520785152499868
11099430.278626266667704 1547839.819371089999824
11099430.278626266667704 1547840.117957027499780
11099430.278626266667704 1547840.416542964999736
11099430.278626266667704 1547840.715128902499692
11099430.278626266667704 1547841.013714839999648
11099430.577206995834241 1547835.937753902500396
11099430.577206995834241 1547836.236339840000352
11099430.577206995834241 1547836.534925777500308
11099430.577206995834241 1547836.833511715000264
11099430.577206995834241 1547837.132097652500220
11099430.577206995834241 1547837.430683590000176
11099430.577206995834241 1547837.729269527500132
11099430.577206995834241 1547838.027855465000088
11099430.577206995834241 1547838.326441402500044
11099430.577206995834241 1547838.625027340000000
11099430.577206995834241 1547838.923613277499956
11099430.577206995834241 1547839.222199214999912
11099430.577206995834241 1547839.520785152499868
11099430.577206995834241 1547839.819371089999824
11099430.577206995834241 1547840.117957027499780
11099430.577206995834241 1547840.416542964999736
11099430.577206995834241 1547840.715128902499692
11099430.577206995834241 1547841.013714839999648
11099430.875787725000778 1547835.937753902500396
11099430.875787725000778 1547836.236339840000352
11099430.875787725000778 1547836.534925777500308
11099430.875787725000778 1547836.833511715000264
11099430.875787725000778 1547837.132097652500220
11099430.875787725000778 1547837.430683590000176
11099430.875787725000778 1547837.729269527500132
11099430.875787725000778 1547838.027855465000088
11099430.875787725000778 1547838.326441402500044
11099430.875787725000778 1547838.625027340000000
11099430.875787725000778 1547838.923613277499956
11099430.875787725000778 1547839.222199214999912
11099430.875787725000778 1547839.520785152499868
11099430.875787725000778 1547839.819371089999824
11099430.875787725000778 1547840.117957027499780
11099430.875787725000778 1547840.416542964999736
11099430.875787725000778 1547840.715128902499692
11099430.875787725000778 1547841.013714839999648
11099431.174368454167315 1547835.937753902500396
11099431.174368454167315 1547836.236339840000352
11099431.174368454167315 1547836.534925777500308
11099431.174368454167315 1547836.833511715000264
11099431.174368454167315 1547837.132097652500220
11099431.174368454167315 1547837.430683590000176
11099431.174368454167315 1547837.729269527500132
11099431.174368454167315 1547838.027855465000088
11099431.174368454167315 1547838.326441402500044
11099431.174368454167315 1547838.625027340000000
11099431.174368454167315 1547838.923613277499956
11099431.174368454167315 1547839.222199214999912
11099431.174368454167315 1547839.520785152499868
11099431.174368454167315 1547839.819371089999824
11099431.174368454167315 1547840.117957027499780
11099431.174368454167315 1547840.416542964999736
11099431.174368454167315 1547840.715128902499692
11099431.174368454167315 1547841.013714839999648
11099431.472949183333852 1547835.937753902500396
11099431.472949183333852 1547836.236339840000352
11099431.472949183333852 1547836.534925777500308
11099431.472949183333852 1547836.833511715000264
11099431.472949183333852 1547837.132097652500220
11099431.472949183333852 1547837.430683590000176
11099431.472949183333852 1547837.729269527500132
11099431.472949183333852 1547838.027855465000088
11099431.472949183333852 1547838.326441402500044
11099431.472949183333852 1547838.625027340000000
11099431.472949183333852 1547838.923613277499956
11099431.472949183333852 1547839.222199214999912
11099431.472949183333852 1547839.520785152499868
11099431.472949183333852 1547839.819371089999824
11099431.472949183333852 1547840.117957027499780
11099431.472949183333852 1547840.416542964999736
11099431.472949183333852 1547840.715128902499692
11099431.472949183333852 1547841.013714839999648
11099431.771529912500389 1547835.937753902500396
11099431.771529912500389 1547836.236339840000352
11099431.771529912500389 1547836.534925777500308
11099431.771529912500389 1547836.833511715000264
11099431.771529912500389 1547837.132097652500220
11099431.771529912500389 1547837.430683590000176
11099431.771529912500389 1547837.729269527500132
11099431.771529912500389 1547838.027855465000088
11099431.771529912500389 1547838.326441402500044
11099431.771529912500389 1547838.625027340000000
11099431.771529912500389 1547838.923613277499956
11099431.771529912500389 1547839.222199214999912
11099431.771529912500389 1547839.520785152499868
11099431.771529912500389 1547839.819371089999824
11099431.771529912500389 1547840.117957027499780
11099431.771529912500389 1547840.416542964999736
11099431.771529912500389 1547840.715128902499692
11099431.771529912500389 1547841.013714839999648
11099432.070110641666926 1547835.937753902500396
11099432.070110641666926 1547836.236339840000352
11099432.070110641666926 1547836.534925777500308
11099432.070110641666926 1547836.833511715000264
11099432.070110641666926 1547837.132097652500220
11099432.070110641666926 1547837.430683590000176
11099432.070110641666926 1547837.729269527500132
11099432.070110641666926 1547838.027855465000088
11099432.070110641666926 1547838.326441402500044
11099432.070110641666926 1547838.625027340000000
11099432.070110641666926 1547838.923613277499956
11099432.070110641666926 1547839.222199214999912
11099432.070110641666926 1547839.520785152499868
11099432.070110641666926 1547839.819371089999824
11099432.070110641666926 1547840.117957027499780
11099432.070110641666926 1547840.416542964999736
11099432.070110641666926 1547840.715128902499692
11099432.070110641666926 1547841.013714839999648
11099432.368691370833463 1547835.937753902500396
11099432.368691370833463 1547836.236339840000352
11099432.368691370833463 1547836.534925777500308
11099432.368691370833463 1547836.833511715000264
11099432.368691370833463 1547837.132097652500220
11099432.368691370833463 1547837.430683590000176
11099432.368691370833463 1547837.729269527500132
11099432.368691370833463 1547838.027855465000088
11099432.368691370833463 1547838.326441402500044
11099432.368691370833463 1547838.625027340000000
11099432.368691370833463 1547838.923613277499956
11099432.368691370833463 1547839.222199214999912
11099432.368691370833463 1547839.520785152499868
11099432.368691370833463 1547839.819371089999824
11099432.368691370833463 1547840.117957027499780
11099432.368691370833463 1547840.416542964999736
11099432.368691370833463 1547840.715128902499692
11099432.368691370833463 1547841.013714839999648
11099432.667272100000000 1547835.937753902500396
11099432.667272100000000 1547836.236339840000352
11099432.667272100000000 1547836.534925777500308
11099432.667272100000000 1547836.833511715000264
11099432.667272100000000 1547837.132097652500220
11099432.667272100000000 1547837.430683590000176
11099432.667272100000000 1547837.729269527500132
11099432.667272100000000 1547838.027855465000088
11099432.667272100000000 1547838.326441402500044
11099432.667272100000000 1547838.625027340000000
11099432.667272100000000 1547838.923613277499956
11099432.667272100000000 1547839.222199214999912
11099432.667272100000000 1547839.520785152499868
11099432.667272100000000 1547839.819371089999824
11099432.667272100000000 1547840.117957027499780
11099432.667272100000000 1547840.416542964999736
11099432.667272100000000 1547840.715128902499692
11099432.667272100000000 1547841.013714839999648
11099432.965852829166537 1547835.937753902500396
11099432.965852829166537 1547836.236339840000352
11099432.965852829166537 1547836.534925777500308
11099432.965852829166537 1547836.833511715000264
11099432.965852829166537 1547837.132097652500220
11099432.965852829166537 1547837.430683590000176
11099432.965852829166537 1547837.729269527500132
11099432.965852829166537 1547838.027855465000088
11099432.965852829166537 1547838.326441402500044
11099432.965852829166537 1547838.625027340000000
11099432.965852829166537 1547838.923613277499956
11099432.965852829166537 1547839.222199214999912
11099432.965852829166537 1547839.520785152499868
11099432.965852829166537 1547839.819371089999824
11099432.965852829166537 1547840.117957027499780
11099432.965852829166537 1547840.416542964999736
11099432.965852829166537 1547840.715128902499692
11099432.965852829166537 1547841.013714839999648
11099433.264433558333074 1547835.937753902500396
11099433.264433558333074 1547836.236339840000352
11099433.264433558333074 1547836.534925777500308
11099433.264433558333074 1547836.833511715000264
11099433.264433558333074 1547837.132097652500220
11099433.264433558333074 1547837.430683590000176
11099433.264433558333074 1547837.729269527500132
11099433.264433558333074 1547838.027855465000088
11099433.264433558333074 1547838.326441402500044
11099433.264433558333074 1547838.625027340000000
11099433.264433558333074 1547838.923613277499956
11099433.264433558333074 1547839.222199214999912
11099433.264433558333074 1547839.520785152499868
11099433.264433558333074 1547839.819371089999824
11099433.264433558333074 1547840.117957027499780
11099433.264433558333074 1547840.416542964999736
11099433.264433558333074 1547840.715128902499692
11099433.264433558333074 1547841.013714839999648
11099433.563014287499611 1547835.937753902500396
11099433.563014287499611 1547836.236339840000352
11099433.563014287499611 1547836.534925777500308
11099433.563014287499611 1547836.833511715000264
11099433.563014287499611 1547837.132097652500220
11099433.563014287499611 1547837.430683590000176
11099433.563014287499611 1547837.729269527500132
11099433.563014287499611 1547838.027855465000088
11099433.563014287499611 1547838.326441402500044
11099433.563014287499611 1547838.625027340000000
11099433.563014287499611 1547838.923613277499956
11099433.563014287499611 1547839.222199214999912
11099433.563014287499611 1547839.520785152499868
11099433.563014287499611 1547839.819371089999824
11099433.563014287499611 1547840.117957027499780
11099433.563014287499611 1547840.416542964999736
11099433.563014287499611 1547840.715128902499692
11099433.563014287499611 1547841.013714839999648
11099433.861595016666148 1547835.937753902500396
11099433.861595016666148 1547836.236339840000352
11099433.861595016666148 1547836.534925777500308
11099433.861595016666148 1547836.833511715000264
11099433.861595016666148 1547837.132097652500220
11099433.861595016666148 1547837.430683590000176
11099433.861595016666148 1547837.729269527500132
11099433.861595016666148 1547838.027855465000088
11099433.861595016666148 1547838.326441402500044
11099433.861595016666148 1547838.625027340000000
11099433.861595016666148 1547838.923613277499956
11099433.861595016666148 1547839.222199214999912
11099433.861595016666148 1547839.520785152499868
11099433.861595016666148 1547839.819371089999824
11099433.861595016666148 1547840.117957027499780
11099433.861595016666148 1547840.416542964999736
11099433.861595016666148 1547840.715128902499692
11099433.861595016666148 1547841.013714839999648
11099434.160175745832685 1547835.937753902500396
11099434.160175745832685 1547836.236339840000352
11099434.160175745832685 1547836.534925777500308
11099434.160175745832685 1547836.833511715000264
11099434.160175745832685 1547837.132097652500220
11099434.160175745832685 1547837.430683590000176
11099434.160175745832685 1547837.729269527500132
11099434.160175745832685 1547838.027855465000088
11099434.160175745832685 1547838.326441402500044
11099434.160175745832685 1547838.625027340000000
11099434.160175745832685 1547838.923613277499956
11099434.160175745832685 1547839.222199214999912
11099434.160175745832685 1547839.520785152499868
11099434.160175745832685 1547839.819371089999824
11099434.160175745832685 1547840.117957027499780
11099434.160175745832685 1547840.416542964999736
11099434.160175745832685 1547840.715128902499692
11099434.160175745832685 1547841.013714839999648
11099434.458756474999222 1547835.937753902500396
11099434.458756474999222 1547836.236339840000352
11099434.458756474999222 1547836.534925777500308
11099434.458756474999222 1547836.833511715000264
11099434.458756474999222 1547837.132097652500220
11099434.458756474999222 1547837.430683590000176
11099434.458756474999222 1547837.729269527500132
11099434.458756474999222 1547838.027855465000088
11099434.458756474999222 1547838.326441402500044
11099434.458756474999222 1547838.625027340000000
11099434.458756474999222 1547838.923613277499956
11099434.458756474999222 1547839.222199214999912
11099434.458756474999222 1547839.520785152499868
11099434.458756474999222 1547839.819371089999824
11099434.458756474999222 1547840.117957027499780
11099434.458756474999222 1547840.416542964999736
11099434.458756474999222 1547840.715128902499692
11099434.458756474999222 1547841.013714839999648
11099434.757337204165759 1547835.937753902500396
11099434.757337204165759 1547836.236339840000352
11099434.757337204165759 1547836.534925777500308
11099434.757337204165759 1547836.833511715000264
11099434.757337204165759 1547837.132097652500220
11099434.757337204165759 1547837.430683590000176
11099434.757337204165759 1547837.729269527500132
11099434.757337204165759 1547838.027855465000088
11099434.757337204165759 1547838.326441402500044
11099434.757337204165759 1547838.625027340000000
11099434.757337204165759 1547838.923613277499956
11099434.757337204165759 1547839.222199214999912
11099434.757337204165759 1547839.520785152499868
11099434.757337204165759 1547839.819371089999824
11099434.757337204165759 1547840.117957027499780
11099434.757337204165759 1547840.416542964999736
11099434.757337204165759 1547840.715128902499692
11099434.757337204165759 1547841.013714839999648
11099435.055917933332296 1547835.937753902500396
11099435.055917933332296 1547836.236339840000352
11099435.055917933332296 1547836.534925777500308
11099435.055917933332296 1547836.833511715000264
11099435.055917933332296 1547837.132097652500220
11099435.055917933332296 1547837.430683590000176
11099435.055917933332296 1547837.729269527500132
11099435.055917933332296 1547838.027855465000088
11099435.055917933332296 1547838.326441402500044
11099435.055917933332296 1547838.625027340000000
11099435.055917933332296 1547838.923613277499956
11099435.055917933332296 1547839.222199214999912
11099435.055917933332296 1547839.520785152499868
11099435.055917933332296 1547839.819371089999824
11099435.055917933332296 1547840.117957027499780
11099435.055917933332296 1547840.416542964999736
11099435.055917933332296 1547840.715128902499692
11099435.055917933332296 1547841.013714839999648
