11099436.250240837501167 1547653.203160152500396
11099436.250240837501167 1547653.501746090000352
11099436.250240837501167 1547653.800332027500308
11099436.250240837501167 1547654.098917965000264
11099436.250240837501167 1547654.397503902500220
11099436.250240837501167 1547654.696089840000176
11099436.250240837501167 1547654.994675777500132
11099436.250240837501167 1547655.293261715000088
11099436.250240837501167 1547655.591847652500044
11099436.250240837501167 1547655.890433590000000
11099436.250240837501167 1547656.189019527499956
11099436.250240837501167 1547656.487605464999912
11099436.250240837501167 1547656.786191402499868
11099436.250240837501167 1547657.084777339999824
11099436.250240837501167 1547657.383363277499780
11099436.250240837501167 1547657.681949214999736
11099436.250240837501167 1547657.980535152499692
11099436.250240837501167 1547658.279121089999648
11099436.548821566667704 1547653.203160152500396
11099436.548821566667704 1547653.501746090000352
11099436.548821566667704 1547653.800332027500308
11099436.548821566667704 1547654.098917965000264
11099436.548821566667704 1547654.397503902500220
11099436.548821566667704 1547654.696089840000176
11099436.548821566667704 1547654.994675777500132
11099436.548821566667704 1547655.293261715000088
11099436.548821566667704 1547655.591847652500044
11099436.548821566667704 1547655.890433590000000
11099436.548821566667704 1547656.189019527499956
11099436.548821566667704 1547656.487605464999912
11099436.548821566667704 1547656.786191402499868
11099436.548821566667704 1547657.084777339999824
11099436.548821566667704 1547657.383363277499780
11099436.548821566667704 1547657.681949214999736
11099436.548821566667704 1547657.980535152499692
11099436.548821566667704 1547658.279121089999648
11099436.847402295834241 1547653.203160152500396
11099436.847402295834241 1547653.501746090000352
11099436.847402295834241 1547653.800332027500308
11099436.847402295834241 1547654.098917965000264
11099436.847402295834241 1547654.397503902500220
11099436.847402295834241 1547654.696089840000176
11099436.847402295834241 1547654.994675777500132
11099436.847402295834241 1547655.293261715000088
11099436.847402295834241 1547655.591847652500044
11099436.847402295834241 1547655.890433590000000
11099436.847402295834241 1547656.189019527499956
11099436.847402295834241 1547656.487605464999912
11099436.847402295834241 1547656.786191402499868
11099436.847402295834241 1547657.084777339999824
11099436.847402295834241 1547657.383363277499780
11099436.847402295834241 1547657.681949214999736
11099436.847402295834241 1547657.980535152499692
11099436.847402295834241 1547658.279121089999648
11099437.145983025000778 1547653.203160152500396
11099437.145983025000778 1547653.501746090000352
11099437.145983025000778 1547653.800332027500308
11099437.145983025000778 1547654.098917965000264
11099437.145983025000778 1547654.397503902500220
11099437.145983025000778 1547654.696089840000176
11099437.145983025000778 1547654.994675777500132
11099437.145983025000778 1547655.293261715000088
11099437.145983025000778 1547655.591847652500044
11099437.145983025000778 1547655.890433590000000
11099437.145983025000778 1547656.189019527499956
11099437.145983025000778 1547656.487605464999912
11099437.145983025000778 1547656.786191402499868
11099437.145983025000778 1547657.084777339999824
11099437.145983025000778 1547657.383363277499780
11099437.145983025000778 1547657.681949214999736
11099437.145983025000778 1547657.980535152499692
11099437.145983025000778 1547658.279121089999648
11099437.444563754167315 1547653.203160152500396
11099437.444563754167315 1547653.501746090000352
11099437.444563754167315 1547653.800332027500308
11099437.444563754167315 1547654.098917965000264
11099437.444563754167315 1547654.397503902500220
11099437.444563754167315 1547654.696089840000176
11099437.444563754167315 1547654.994675777500132
11099437.444563754167315 1547655.293261715000088
11099437.444563754167315 1547655.591847652500044
11099437.444563754167315 1547655.890433590000000
11099437.444563754167315 1547656.189019527499956
11099437.444563754167315 1547656.487605464999912
11099437.444563754167315 1547656.786191402499868
11099437.444563754167315 1547657.084777339999824
11099437.444563754167315 1547657.383363277499780
11099437.444563754167315 1547657.681949214999736
11099437.444563754167315 1547657.980535152499692
11099437.444563754167315 1547658.279121089999648
11099437.743144483333852 1547653.203160152500396
11099437.743144483333852 1547653.501746090000352
11099437.743144483333852 1547653.800332027500308
11099437.743144483333852 1547654.098917965000264
11099437.743144483333852 1547654.397503902500220
11099437.743144483333852 1547654.696089840000176
11099437.743144483333852 1547654.994675777500132
11099437.743144483333852 1547655.293261715000088
11099437.743144483333852 1547655.591847652500044
11099437.743144483333852 1547655.890433590000000
11099437.743144483333852 1547656.189019527499956
11099437.743144483333852 1547656.487605464999912
11099437.743144483333852 1547656.786191402499868
11099437.743144483333852 1547657.084777339999824
11099437.743144483333852 1547657.383363277499780
11099437.743144483333852 1547657.681949214999736
11099437.743144483333852 1547657.980535152499692
11099437.743144483333852 1547658.279121089999648
11099438.041725212500389 1547653.203160152500396
11099438.041725212500389 1547653.501746090000352
11099438.041725212500389 1547653.800332027500308
11099438.041725212500389 1547654.098917965000264
11099438.041725212500389 1547654.397503902500220
11099438.041725212500389 1547654.696089840000176
11099438.041725212500389 1547654.994675777500132
11099438.041725212500389 1547655.293261715000088
11099438.041725212500389 1547655.591847652500044
11099438.041725212500389 1547655.890433590000000
11099438.041725212500389 1547656.189019527499956
11099438.041725212500389 1547656.487605464999912
11099438.041725212500389 1547656.786191402499868
11099438.041725212500389 1547657.084777339999824
11099438.041725212500389 1547657.383363277499780
11099438.041725212500389 1547657.681949214999736
11099438.041725212500389 1547657.980535152499692
11099438.041725212500389 1547658.279121089999648
11099438.340305941666926 1547653.203160152500396
11099438.340305941666926 1547653.501746090000352
11099438.340305941666926 1547653.800332027500308
11099438.340305941666926 1547654.098917965000264
11099438.340305941666926 1547654.397503902500220
11099438.340305941666926 1547654.696089840000176
11099438.340305941666926 1547654.994675777500132
11099438.340305941666926 1547655.293261715000088
11099438.340305941666926 1547655.591847652500044
11099438.340305941666926 1547655.890433590000000
11099438.340305941666926 1547656.189019527499956
11099438.340305941666926 1547656.487605464999912
11099438.340305941666926 1547656.786191402499868
11099438.340305941666926 1547657.084777339999824
11099438.340305941666926 1547657.383363277499780
11099438.340305941666926 1547657.681949214999736
11099438.340305941666926 1547657.980535152499692
11099438.340305941666926 1547658.279121089999648
11099438.638886670833463 1547653.203160152500396
11099438.638886670833463 1547653.501746090000352
11099438.638886670833463 1547653.800332027500308
11099438.638886670833463 1547654.098917965000264
11099438.638886670833463 1547654.397503902500220
11099438.638886670833463 1547654.696089840000176
11099438.638886670833463 1547654.994675777500132
11099438.638886670833463 1547655.293261715000088
11099438.638886670833463 1547655.591847652500044
11099438.638886670833463 1547655.890433590000000
11099438.638886670833463 1547656.189019527499956
11099438.638886670833463 1547656.487605464999912
11099438.638886670833463 1547656.786191402499868
11099438.638886670833463 1547657.084777339999824
11099438.638886670833463 1547657.383363277499780
11099438.638886670833463 1547657.681949214999736
11099438.638886670833463 1547657.980535152499692
11099438.638886670833463 1547658.279121089999648
11099438.937467400000000 1547653.203160152500396
11099438.937467400000000 1547653.501746090000352
11099438.937467400000000 1547653.800332027500308
11099438.937467400000000 1547654.098917965000264
11099438.937467400000000 1547654.397503902500220
11099438.937467400000000 1547654.696089840000176
11099438.937467400000000 1547654.994675777500132
11099438.937467400000000 1547655.293261715000088
11099438.937467400000000 1547655.591847652500044
11099438.937467400000000 1547655.890433590000000
11099438.937467400000000 1547656.189019527499956
11099438.937467400000000 1547656.487605464999912
11099438.937467400000000 1547656.786191402499868
11099438.937467400000000 1547657.084777339999824
11099438.937467400000000 1547657.383363277499780
11099438.937467400000000 1547657.681949214999736
11099438.937467400000000 1547657.980535152499692
11099438.937467400000000 1547658.279121089999648
11099439.236048129166537 1547653.203160152500396
11099439.236048129166537 1547653.501746090000352
11099439.236048129166537 1547653.800332027500308
11099439.236048129166537 1547654.098917965000264
11099439.236048129166537 1547654.397503902500220
11099439.236048129166537 1547654.696089840000176
11099439.236048129166537 1547654.994675777500132
11099439.236048129166537 1547655.293261715000088
11099439.236048129166537 1547655.591847652500044
11099439.236048129166537 1547655.890433590000000
11099439.236048129166537 1547656.189019527499956
11099439.236048129166537 1547656.487605464999912
11099439.236048129166537 1547656.786191402499868
11099439.236048129166537 1547657.084777339999824
11099439.236048129166537 1547657.383363277499780
11099439.236048129166537 1547657.681949214999736
11099439.236048129166537 1547657.980535152499692
11099439.236048129166537 1547658.279121089999648
11099439.534628858333074 1547653.203160152500396
11099439.534628858333074 1547653.501746090000352
11099439.534628858333074 1547653.800332027500308
11099439.534628858333074 1547654.098917965000264
11099439.534628858333074 1547654.397503902500220
11099439.534628858333074 1547654.696089840000176
11099439.534628858333074 1547654.994675777500132
11099439.534628858333074 1547655.293261715000088
11099439.534628858333074 1547655.591847652500044
11099439.534628858333074 1547655.890433590000000
11099439.534628858333074 1547656.189019527499956
11099439.534628858333074 1547656.487605464999912
11099439.534628858333074 1547656.786191402499868
11099439.534628858333074 1547657.084777339999824
11099439.534628858333074 1547657.383363277499780
11099439.534628858333074 1547657.681949214999736
11099439.534628858333074 1547657.980535152499692
11099439.534628858333074 1547658.279121089999648
11099439.833209587499611 1547653.203160152500396
11099439.833209587499611 1547653.501746090000352
11099439.833209587499611 1547653.800332027500308
11099439.833209587499611 1547654.098917965000264
11099439.833209587499611 1547654.397503902500220
11099439.833209587499611 1547654.696089840000176
11099439.833209587499611 1547654.994675777500132
11099439.833209587499611 1547655.293261715000088
11099439.833209587499611 1547655.591847652500044
11099439.833209587499611 1547655.890433590000000
11099439.833209587499611 1547656.189019527499956
11099439.833209587499611 1547656.487605464999912
11099439.833209587499611 1547656.786191402499868
11099439.833209587499611 1547657.084777339999824
11099439.833209587499611 1547657.383363277499780
11099439.833209587499611 1547657.681949214999736
11099439.833209587499611 1547657.980535152499692
11099439.833209587499611 1547658.279121089999648
11099440.131790316666148 1547653.203160152500396
11099440.131790316666148 1547653.501746090000352
11099440.131790316666148 1547653.800332027500308
11099440.131790316666148 1547654.098917965000264
11099440.131790316666148 1547654.397503902500220
11099440.131790316666148 1547654.696089840000176
11099440.131790316666148 1547654.994675777500132
11099440.131790316666148 1547655.293261715000088
11099440.131790316666148 1547655.591847652500044
11099440.131790316666148 1547655.890433590000000
11099440.131790316666148 1547656.189019527499956
11099440.131790316666148 1547656.487605464999912
11099440.131790316666148 1547656.786191402499868
11099440.131790316666148 1547657.084777339999824
11099440.131790316666148 1547657.383363277499780
11099440.131790316666148 1547657.681949214999736
11099440.131790316666148 1547657.980535152499692
11099440.131790316666148 1547658.279121089999648
11099440.430371045832685 1547653.203160152500396
11099440.430371045832685 1547653.501746090000352
11099440.430371045832685 1547653.800332027500308
11099440.430371045832685 1547654.098917965000264
11099440.430371045832685 1547654.397503902500220
11099440.430371045832685 1547654.696089840000176
11099440.430371045832685 1547654.994675777500132
11099440.430371045832685 1547655.293261715000088
11099440.430371045832685 1547655.591847652500044
11099440.430371045832685 1547655.890433590000000
11099440.430371045832685 1547656.189019527499956
11099440.430371045832685 1547656.487605464999912
11099440.430371045832685 1547656.786191402499868
11099440.430371045832685 1547657.084777339999824
11099440.430371045832685 1547657.383363277499780
11099440.430371045832685 1547657.681949214999736
11099440.430371045832685 1547657.980535152499692
11099440.430371045832685 1547658.279121089999648
11099440.728951774999222 1547653.203160152500396
11099440.728951774999222 1547653.501746090000352
11099440.728951774999222 1547653.800332027500308
11099440.728951774999222 1547654.098917965000264
11099440.728951774999222 1547654.397503902500220
11099440.728951774999222 1547654.696089840000176
11099440.728951774999222 1547654.994675777500132
11099440.728951774999222 1547655.293261715000088
11099440.728951774999222 1547655.591847652500044
11099440.728951774999222 1547655.890433590000000
11099440.728951774999222 1547656.189019527499956
11099440.728951774999222 1547656.487605464999912
11099440.728951774999222 1547656.786191402499868
11099440.728951774999222 1547657.084777339999824
11099440.728951774999222 1547657.383363277499780
11099440.728951774999222 1547657.681949214999736
11099440.728951774999222 1547657.980535152499692
11099440.728951774999222 1547658.279121089999648
11099441.027532504165759 1547653.203160152500396
11099441.027532504165759 1547653.501746090000352
11099441.027532504165759 1547653.800332027500308
11099441.027532504165759 1547654.098917965000264
11099441.027532504165759 1547654.397503902500220
11099441.027532504165759 1547654.696089840000176
11099441.027532504165759 1547654.994675777500132
11099441.027532504165759 1547655.293261715000088
11099441.027532504165759 1547655.591847652500044
11099441.027532504165759 1547655.890433590000000
11099441.027532504165759 1547656.189019527499956
11099441.027532504165759 1547656.487605464999912
11099441.027532504165759 1547656.786191402499868
11099441.027532504165759 1547657.084777339999824
11099441.027532504165759 1547657.383363277499780
11099441.027532504165759 1547657.681949214999736
11099441.027532504165759 1547657.980535152499692
11099441.027532504165759 1547658.279121089999648
11099441.326113233332296 1547653.203160152500396
11099441.326113233332296 1547653.501746090000352
11099441.326113233332296 1547653.800332027500308
11099441.326113233332296 1547654.098917965000264
11099441.326113233332296 1547654.397503902500220
11099441.326113233332296 1547654.696089840000176
11099441.326113233332296 1547654.994675777500132
11099441.326113233332296 1547655.293261715000088
11099441.326113233332296 1547655.591847652500044
11099441.326113233332296 1547655.890433590000000
11099441.326113233332296 1547656.189019527499956
11099441.326113233332296 1547656.487605464999912
11099441.326113233332296 1547656.786191402499868
11099441.326113233332296 1547657.084777339999824
11099441.326113233332296 1547657.383363277499780
11099441.326113233332296 1547657.681949214999736
11099441.326113233332296 1547657.980535152499692
11099441.326113233332296 1547658.279121089999648
