11099360.410735637501167 1547633.795074222500396
11099360.410735637501167 1547634.093660160000352
11099360.410735637501167 1547634.392246097500308
11099360.410735637501167 1547634.690832035000264
11099360.410735637501167 1547634.989417972500220
11099360.410735637501167 1547635.288003910000176
11099360.410735637501167 1547635.586589847500132
11099360.410735637501167 1547635.885175785000088
11099360.410735637501167 1547636.183761722500044
11099360.410735637501167 1547636.482347660000000
11099360.410735637501167 1547636.780933597499956
11099360.410735637501167 1547637.079519534999912
11099360.410735637501167 1547637.378105472499868
11099360.410735637501167 1547637.676691409999824
11099360.410735637501167 1547637.975277347499780
11099360.410735637501167 1547638.273863284999736
11099360.410735637501167 1547638.572449222499692
11099360.410735637501167 1547638.871035159999648
11099360.709316366667704 1547633.795074222500396
11099360.709316366667704 1547634.093660160000352
11099360.709316366667704 1547634.392246097500308
11099360.709316366667704 1547634.690832035000264
11099360.709316366667704 1547634.989417972500220
11099360.709316366667704 1547635.288003910000176
11099360.709316366667704 1547635.586589847500132
11099360.709316366667704 1547635.885175785000088
11099360.709316366667704 1547636.183761722500044
11099360.709316366667704 1547636.482347660000000
11099360.709316366667704 1547636.780933597499956
11099360.709316366667704 1547637.079519534999912
11099360.709316366667704 1547637.378105472499868
11099360.709316366667704 1547637.676691409999824
11099360.709316366667704 1547637.975277347499780
11099360.709316366667704 1547638.273863284999736
11099360.709316366667704 1547638.572449222499692
11099360.709316366667704 1547638.871035159999648
11099361.007897095834241 1547633.795074222500396
11099361.007897095834241 1547634.093660160000352
11099361.007897095834241 1547634.392246097500308
11099361.007897095834241 1547634.690832035000264
11099361.007897095834241 1547634.989417972500220
11099361.007897095834241 1547635.288003910000176
11099361.007897095834241 1547635.586589847500132
11099361.007897095834241 1547635.885175785000088
11099361.007897095834241 1547636.183761722500044
11099361.007897095834241 1547636.482347660000000
11099361.007897095834241 1547636.780933597499956
11099361.007897095834241 1547637.079519534999912
11099361.007897095834241 1547637.378105472499868
11099361.007897095834241 1547637.676691409999824
11099361.007897095834241 1547637.975277347499780
11099361.007897095834241 1547638.273863284999736
11099361.007897095834241 1547638.572449222499692
11099361.007897095834241 1547638.871035159999648
11099361.306477825000778 1547633.795074222500396
11099361.306477825000778 1547634.093660160000352
11099361.306477825000778 1547634.392246097500308
11099361.306477825000778 1547634.690832035000264
11099361.306477825000778 1547634.989417972500220
11099361.306477825000778 1547635.288003910000176
11099361.306477825000778 1547635.586589847500132
11099361.306477825000778 1547635.885175785000088
11099361.306477825000778 1547636.183761722500044
11099361.306477825000778 1547636.482347660000000
11099361.306477825000778 1547636.780933597499956
11099361.306477825000778 1547637.079519534999912
11099361.306477825000778 1547637.378105472499868
11099361.306477825000778 1547637.676691409999824
11099361.306477825000778 1547637.975277347499780
11099361.306477825000778 1547638.273863284999736
11099361.306477825000778 1547638.572449222499692
11099361.306477825000778 1547638.871035159999648
11099361.605058554167315 1547633.795074222500396
11099361.605058554167315 1547634.093660160000352
11099361.605058554167315 1547634.392246097500308
11099361.605058554167315 1547634.690832035000264
11099361.605058554167315 1547634.989417972500220
11099361.605058554167315 1547635.288003910000176
11099361.605058554167315 1547635.586589847500132
11099361.605058554167315 1547635.885175785000088
11099361.605058554167315 1547636.183761722500044
11099361.605058554167315 1547636.482347660000000
11099361.605058554167315 1547636.780933597499956
11099361.605058554167315 1547637.079519534999912
11099361.605058554167315 1547637.378105472499868
11099361.605058554167315 1547637.676691409999824
11099361.605058554167315 1547637.975277347499780
11099361.605058554167315 1547638.273863284999736
11099361.605058554167315 1547638.572449222499692
11099361.605058554167315 1547638.871035159999648
11099361.903639283333852 1547633.795074222500396
11099361.903639283333852 1547634.093660160000352
11099361.903639283333852 1547634.392246097500308
11099361.903639283333852 1547634.690832035000264
11099361.903639283333852 1547634.989417972500220
11099361.903639283333852 1547635.288003910000176
11099361.903639283333852 1547635.586589847500132
11099361.903639283333852 1547635.885175785000088
11099361.903639283333852 1547636.183761722500044
11099361.903639283333852 1547636.482347660000000
11099361.903639283333852 1547636.780933597499956
11099361.903639283333852 1547637.079519534999912
11099361.903639283333852 1547637.378105472499868
11099361.903639283333852 1547637.676691409999824
11099361.903639283333852 1547637.975277347499780
11099361.903639283333852 1547638.273863284999736
11099361.903639283333852 1547638.572449222499692
11099361.903639283333852 1547638.871035159999648
11099362.202220012500389 1547633.795074222500396
11099362.202220012500389 1547634.093660160000352
11099362.202220012500389 1547634.392246097500308
11099362.202220012500389 1547634.690832035000264
11099362.202220012500389 1547634.989417972500220
11099362.202220012500389 1547635.288003910000176
11099362.202220012500389 1547635.586589847500132
11099362.202220012500389 1547635.885175785000088
11099362.202220012500389 1547636.183761722500044
11099362.202220012500389 1547636.482347660000000
11099362.202220012500389 1547636.780933597499956
11099362.202220012500389 1547637.079519534999912
11099362.202220012500389 1547637.378105472499868
11099362.202220012500389 1547637.676691409999824
11099362.202220012500389 1547637.975277347499780
11099362.202220012500389 1547638.273863284999736
11099362.202220012500389 1547638.572449222499692
11099362.202220012500389 1547638.871035159999648
11099362.500800741666926 1547633.795074222500396
11099362.500800741666926 1547634.093660160000352
11099362.500800741666926 1547634.392246097500308
11099362.500800741666926 1547634.690832035000264
11099362.500800741666926 1547634.989417972500220
11099362.500800741666926 1547635.288003910000176
11099362.500800741666926 1547635.586589847500132
11099362.500800741666926 1547635.885175785000088
11099362.500800741666926 1547636.183761722500044
11099362.500800741666926 1547636.482347660000000
11099362.500800741666926 1547636.780933597499956
11099362.500800741666926 1547637.079519534999912
11099362.500800741666926 1547637.378105472499868
11099362.500800741666926 1547637.676691409999824
11099362.500800741666926 1547637.975277347499780
11099362.500800741666926 1547638.273863284999736
11099362.500800741666926 1547638.572449222499692
11099362.500800741666926 1547638.871035159999648
11099362.799381470833463 1547633.795074222500396
11099362.799381470833463 1547634.093660160000352
11099362.799381470833463 1547634.392246097500308
11099362.799381470833463 1547634.690832035000264
11099362.799381470833463 1547634.989417972500220
11099362.799381470833463 1547635.288003910000176
11099362.799381470833463 1547635.586589847500132
11099362.799381470833463 1547635.885175785000088
11099362.799381470833463 1547636.183761722500044
11099362.799381470833463 1547636.482347660000000
11099362.799381470833463 1547636.780933597499956
11099362.799381470833463 1547637.079519534999912
11099362.799381470833463 1547637.378105472499868
11099362.799381470833463 1547637.676691409999824
11099362.799381470833463 1547637.975277347499780
11099362.799381470833463 1547638.273863284999736
11099362.799381470833463 1547638.572449222499692
11099362.799381470833463 1547638.871035159999648
11099363.097962200000000 1547633.795074222500396
11099363.097962200000000 1547634.093660160000352
11099363.097962200000000 1547634.392246097500308
11099363.097962200000000 1547634.690832035000264
11099363.097962200000000 1547634.989417972500220
11099363.097962200000000 1547635.288003910000176
11099363.097962200000000 1547635.586589847500132
11099363.097962200000000 1547635.885175785000088
11099363.097962200000000 1547636.183761722500044
11099363.097962200000000 1547636.482347660000000
11099363.097962200000000 1547636.780933597499956
11099363.097962200000000 1547637.079519534999912
11099363.097962200000000 1547637.378105472499868
11099363.097962200000000 1547637.676691409999824
11099363.097962200000000 1547637.975277347499780
11099363.097962200000000 1547638.273863284999736
11099363.097962200000000 1547638.572449222499692
11099363.097962200000000 1547638.871035159999648
11099363.396542929166537 1547633.795074222500396
11099363.396542929166537 1547634.093660160000352
11099363.396542929166537 1547634.392246097500308
11099363.396542929166537 1547634.690832035000264
11099363.396542929166537 1547634.989417972500220
11099363.396542929166537 1547635.288003910000176
11099363.396542929166537 1547635.586589847500132
11099363.396542929166537 1547635.885175785000088
11099363.396542929166537 1547636.183761722500044
11099363.396542929166537 1547636.482347660000000
11099363.396542929166537 1547636.780933597499956
11099363.396542929166537 1547637.079519534999912
11099363.396542929166537 1547637.378105472499868
11099363.396542929166537 1547637.676691409999824
11099363.396542929166537 1547637.975277347499780
11099363.396542929166537 1547638.273863284999736
11099363.396542929166537 1547638.572449222499692
11099363.396542929166537 1547638.871035159999648
11099363.695123658333074 1547633.795074222500396
11099363.695123658333074 1547634.093660160000352
11099363.695123658333074 1547634.392246097500308
11099363.695123658333074 1547634.690832035000264
11099363.695123658333074 1547634.989417972500220
11099363.695123658333074 1547635.288003910000176
11099363.695123658333074 1547635.586589847500132
11099363.695123658333074 1547635.885175785000088
11099363.695123658333074 1547636.183761722500044
11099363.695123658333074 1547636.482347660000000
11099363.695123658333074 1547636.780933597499956
11099363.695123658333074 1547637.079519534999912
11099363.695123658333074 1547637.378105472499868
11099363.695123658333074 1547637.676691409999824
11099363.695123658333074 1547637.975277347499780
11099363.695123658333074 1547638.273863284999736
11099363.695123658333074 1547638.572449222499692
11099363.695123658333074 1547638.871035159999648
11099363.993704387499611 1547633.795074222500396
11099363.993704387499611 1547634.093660160000352
11099363.993704387499611 1547634.392246097500308
11099363.993704387499611 1547634.690832035000264
11099363.993704387499611 1547634.989417972500220
11099363.993704387499611 1547635.288003910000176
11099363.993704387499611 1547635.586589847500132
11099363.993704387499611 1547635.885175785000088
11099363.993704387499611 1547636.183761722500044
11099363.993704387499611 1547636.482347660000000
11099363.993704387499611 1547636.780933597499956
11099363.993704387499611 1547637.079519534999912
11099363.993704387499611 1547637.378105472499868
11099363.993704387499611 1547637.676691409999824
11099363.993704387499611 1547637.975277347499780
11099363.993704387499611 1547638.273863284999736
11099363.993704387499611 1547638.572449222499692
11099363.993704387499611 1547638.871035159999648
11099364.292285116666148 1547633.795074222500396
11099364.292285116666148 1547634.093660160000352
11099364.292285116666148 1547634.392246097500308
11099364.292285116666148 1547634.690832035000264
11099364.292285116666148 1547634.989417972500220
11099364.292285116666148 1547635.288003910000176
11099364.292285116666148 1547635.586589847500132
11099364.292285116666148 1547635.885175785000088
11099364.292285116666148 1547636.183761722500044
11099364.292285116666148 1547636.482347660000000
11099364.292285116666148 1547636.780933597499956
11099364.292285116666148 1547637.079519534999912
11099364.292285116666148 1547637.378105472499868
11099364.292285116666148 1547637.676691409999824
11099364.292285116666148 1547637.975277347499780
11099364.292285116666148 1547638.273863284999736
11099364.292285116666148 1547638.572449222499692
11099364.292285116666148 1547638.871035159999648
11099364.590865845832685 1547633.795074222500396
11099364.590865845832685 1547634.093660160000352
11099364.590865845832685 1547634.392246097500308
11099364.590865845832685 1547634.690832035000264
11099364.590865845832685 1547634.989417972500220
11099364.590865845832685 1547635.288003910000176
11099364.590865845832685 1547635.586589847500132
11099364.590865845832685 1547635.885175785000088
11099364.590865845832685 1547636.183761722500044
11099364.590865845832685 1547636.482347660000000
11099364.590865845832685 1547636.780933597499956
11099364.590865845832685 1547637.079519534999912
11099364.590865845832685 1547637.378105472499868
11099364.590865845832685 1547637.676691409999824
11099364.590865845832685 1547637.975277347499780
11099364.590865845832685 1547638.273863284999736
11099364.590865845832685 1547638.572449222499692
11099364.590865845832685 1547638.871035159999648
11099364.889446574999222 1547633.795074222500396
11099364.889446574999222 1547634.093660160000352
11099364.889446574999222 1547634.392246097500308
11099364.889446574999222 1547634.690832035000264
11099364.889446574999222 1547634.989417972500220
11099364.889446574999222 1547635.288003910000176
11099364.889446574999222 1547635.586589847500132
11099364.889446574999222 1547635.885175785000088
11099364.889446574999222 1547636.183761722500044
11099364.889446574999222 1547636.482347660000000
11099364.889446574999222 1547636.780933597499956
11099364.889446574999222 1547637.079519534999912
11099364.889446574999222 1547637.378105472499868
11099364.889446574999222 1547637.676691409999824
11099364.889446574999222 1547637.975277347499780
11099364.889446574999222 1547638.273863284999736
11099364.889446574999222 1547638.572449222499692
11099364.889446574999222 1547638.871035159999648
11099365.188027304165759 1547633.795074222500396
11099365.188027304165759 1547634.093660160000352
11099365.188027304165759 1547634.392246097500308
11099365.188027304165759 1547634.690832035000264
11099365.188027304165759 1547634.989417972500220
11099365.188027304165759 1547635.288003910000176
11099365.188027304165759 1547635.586589847500132
11099365.188027304165759 1547635.885175785000088
11099365.188027304165759 1547636.183761722500044
11099365.188027304165759 1547636.482347660000000
11099365.188027304165759 1547636.780933597499956
11099365.188027304165759 1547637.079519534999912
11099365.188027304165759 1547637.378105472499868
11099365.188027304165759 1547637.676691409999824
11099365.188027304165759 1547637.975277347499780
11099365.188027304165759 1547638.273863284999736
11099365.188027304165759 1547638.572449222499692
11099365.188027304165759 1547638.871035159999648
11099365.486608033332296 1547633.795074222500396
11099365.486608033332296 1547634.093660160000352
11099365.486608033332296 1547634.392246097500308
11099365.486608033332296 1547634.690832035000264
11099365.486608033332296 1547634.989417972500220
11099365.486608033332296 1547635.288003910000176
11099365.486608033332296 1547635.586589847500132
11099365.486608033332296 1547635.885175785000088
11099365.486608033332296 1547636.183761722500044
11099365.486608033332296 1547636.482347660000000
11099365.486608033332296 1547636.780933597499956
11099365.486608033332296 1547637.079519534999912
11099365.486608033332296 1547637.378105472499868
11099365.486608033332296 1547637.676691409999824
11099365.486608033332296 1547637.975277347499780
11099365.486608033332296 1547638.273863284999736
11099365.486608033332296 1547638.572449222499692
11099365.486608033332296 1547638.871035159999648
