11099132.892220037501167 1547892.967667972500396
11099132.892220037501167 1547893.266253910000352
11099132.892220037501167 1547893.564839847500308
11099132.892220037501167 1547893.863425785000264
11099132.892220037501167 1547894.162011722500220
11099132.892220037501167 1547894.460597660000176
11099132.892220037501167 1547894.759183597500132
11099132.892220037501167 1547895.057769535000088
11099132.892220037501167 1547895.356355472500044
11099132.892220037501167 1547895.654941410000000
11099132.892220037501167 1547895.953527347499956
11099132.892220037501167 1547896.252113284999912
11099132.892220037501167 1547896.550699222499868
11099132.892220037501167 1547896.849285159999824
11099132.892220037501167 1547897.147871097499780
11099132.892220037501167 1547897.446457034999736
11099132.892220037501167 1547897.745042972499692
11099132.892220037501167 1547898.043628909999648
11099133.190800766667704 1547892.967667972500396
11099133.190800766667704 1547893.266253910000352
11099133.190800766667704 1547893.564839847500308
11099133.190800766667704 1547893.863425785000264
11099133.190800766667704 1547894.162011722500220
11099133.190800766667704 1547894.460597660000176
11099133.190800766667704 1547894.759183597500132
11099133.190800766667704 1547895.057769535000088
11099133.190800766667704 1547895.356355472500044
11099133.190800766667704 1547895.654941410000000
11099133.190800766667704 1547895.953527347499956
11099133.190800766667704 1547896.252113284999912
11099133.190800766667704 1547896.550699222499868
11099133.190800766667704 1547896.849285159999824
11099133.190800766667704 1547897.147871097499780
11099133.190800766667704 1547897.446457034999736
11099133.190800766667704 1547897.745042972499692
11099133.190800766667704 1547898.043628909999648
11099133.489381495834241 1547892.967667972500396
11099133.489381495834241 1547893.266253910000352
11099133.489381495834241 1547893.564839847500308
11099133.489381495834241 1547893.863425785000264
11099133.489381495834241 1547894.162011722500220
11099133.489381495834241 1547894.460597660000176
11099133.489381495834241 1547894.759183597500132
11099133.489381495834241 1547895.057769535000088
11099133.489381495834241 1547895.356355472500044
11099133.489381495834241 1547895.654941410000000
11099133.489381495834241 1547895.953527347499956
11099133.489381495834241 1547896.252113284999912
11099133.489381495834241 1547896.550699222499868
11099133.489381495834241 1547896.849285159999824
11099133.489381495834241 1547897.147871097499780
11099133.489381495834241 1547897.446457034999736
11099133.489381495834241 1547897.745042972499692
11099133.489381495834241 1547898.043628909999648
11099133.787962225000778 1547892.967667972500396
11099133.787962225000778 1547893.266253910000352
11099133.787962225000778 1547893.564839847500308
11099133.787962225000778 1547893.863425785000264
11099133.787962225000778 1547894.162011722500220
11099133.787962225000778 1547894.460597660000176
11099133.787962225000778 1547894.759183597500132
11099133.787962225000778 1547895.057769535000088
11099133.787962225000778 1547895.356355472500044
11099133.787962225000778 1547895.654941410000000
11099133.787962225000778 1547895.953527347499956
11099133.787962225000778 1547896.252113284999912
11099133.787962225000778 1547896.550699222499868
11099133.787962225000778 1547896.849285159999824
11099133.787962225000778 1547897.147871097499780
11099133.787962225000778 1547897.446457034999736
11099133.787962225000778 1547897.745042972499692
11099133.787962225000778 1547898.043628909999648
11099134.086542954167315 1547892.967667972500396
11099134.086542954167315 1547893.266253910000352
11099134.086542954167315 1547893.564839847500308
11099134.086542954167315 1547893.863425785000264
11099134.086542954167315 1547894.162011722500220
11099134.086542954167315 1547894.460597660000176
11099134.086542954167315 1547894.759183597500132
11099134.086542954167315 1547895.057769535000088
11099134.086542954167315 1547895.356355472500044
11099134.086542954167315 1547895.654941410000000
11099134.086542954167315 1547895.953527347499956
11099134.086542954167315 1547896.252113284999912
11099134.086542954167315 1547896.550699222499868
11099134.086542954167315 1547896.849285159999824
11099134.086542954167315 1547897.147871097499780
11099134.086542954167315 1547897.446457034999736
11099134.086542954167315 1547897.745042972499692
11099134.086542954167315 1547898.043628909999648
11099134.385123683333852 1547892.967667972500396
11099134.385123683333852 1547893.266253910000352
11099134.385123683333852 1547893.564839847500308
11099134.385123683333852 1547893.863425785000264
11099134.385123683333852 1547894.162011722500220
11099134.385123683333852 1547894.460597660000176
11099134.385123683333852 1547894.759183597500132
11099134.385123683333852 1547895.057769535000088
11099134.385123683333852 1547895.356355472500044
11099134.385123683333852 1547895.654941410000000
11099134.385123683333852 1547895.953527347499956
11099134.385123683333852 1547896.252113284999912
11099134.385123683333852 1547896.550699222499868
11099134.385123683333852 1547896.849285159999824
11099134.385123683333852 1547897.147871097499780
11099134.385123683333852 1547897.446457034999736
11099134.385123683333852 1547897.745042972499692
11099134.385123683333852 1547898.043628909999648
11099134.683704412500389 1547892.967667972500396
11099134.683704412500389 1547893.266253910000352
11099134.683704412500389 1547893.564839847500308
11099134.683704412500389 1547893.863425785000264
11099134.683704412500389 1547894.162011722500220
11099134.683704412500389 1547894.460597660000176
11099134.683704412500389 1547894.759183597500132
11099134.683704412500389 1547895.057769535000088
11099134.683704412500389 1547895.356355472500044
11099134.683704412500389 1547895.654941410000000
11099134.683704412500389 1547895.953527347499956
11099134.683704412500389 1547896.252113284999912
11099134.683704412500389 1547896.550699222499868
11099134.683704412500389 1547896.849285159999824
11099134.683704412500389 1547897.147871097499780
11099134.683704412500389 1547897.446457034999736
11099134.683704412500389 1547897.745042972499692
11099134.683704412500389 1547898.043628909999648
11099134.982285141666926 1547892.967667972500396
11099134.982285141666926 1547893.266253910000352
11099134.982285141666926 1547893.564839847500308
11099134.982285141666926 1547893.863425785000264
11099134.982285141666926 1547894.162011722500220
11099134.982285141666926 1547894.460597660000176
11099134.982285141666926 1547894.759183597500132
11099134.982285141666926 1547895.057769535000088
11099134.982285141666926 1547895.356355472500044
11099134.982285141666926 1547895.654941410000000
11099134.982285141666926 1547895.953527347499956
11099134.982285141666926 1547896.252113284999912
11099134.982285141666926 1547896.550699222499868
11099134.982285141666926 1547896.849285159999824
11099134.982285141666926 1547897.147871097499780
11099134.982285141666926 1547897.446457034999736
11099134.982285141666926 1547897.745042972499692
11099134.982285141666926 1547898.043628909999648
11099135.280865870833463 1547892.967667972500396
11099135.280865870833463 1547893.266253910000352
11099135.280865870833463 1547893.564839847500308
11099135.280865870833463 1547893.863425785000264
11099135.280865870833463 1547894.162011722500220
11099135.280865870833463 1547894.460597660000176
11099135.280865870833463 1547894.759183597500132
11099135.280865870833463 1547895.057769535000088
11099135.280865870833463 1547895.356355472500044
11099135.280865870833463 1547895.654941410000000
11099135.280865870833463 1547895.953527347499956
11099135.280865870833463 1547896.252113284999912
11099135.280865870833463 1547896.550699222499868
11099135.280865870833463 1547896.849285159999824
11099135.280865870833463 1547897.147871097499780
11099135.280865870833463 1547897.446457034999736
11099135.280865870833463 1547897.745042972499692
11099135.280865870833463 1547898.043628909999648
11099135.579446600000000 1547892.967667972500396
11099135.579446600000000 1547893.266253910000352
11099135.579446600000000 1547893.564839847500308
11099135.579446600000000 1547893.863425785000264
11099135.579446600000000 1547894.162011722500220
11099135.579446600000000 1547894.460597660000176
11099135.579446600000000 1547894.759183597500132
11099135.579446600000000 1547895.057769535000088
11099135.579446600000000 1547895.356355472500044
11099135.579446600000000 1547895.654941410000000
11099135.579446600000000 1547895.953527347499956
11099135.579446600000000 1547896.252113284999912
11099135.579446600000000 1547896.550699222499868
11099135.579446600000000 1547896.849285159999824
11099135.579446600000000 1547897.147871097499780
11099135.579446600000000 1547897.446457034999736
11099135.579446600000000 1547897.745042972499692
11099135.579446600000000 1547898.043628909999648
11099135.878027329166537 1547892.967667972500396
11099135.878027329166537 1547893.266253910000352
11099135.878027329166537 1547893.564839847500308
11099135.878027329166537 1547893.863425785000264
11099135.878027329166537 1547894.162011722500220
11099135.878027329166537 1547894.460597660000176
11099135.878027329166537 1547894.759183597500132
11099135.878027329166537 1547895.057769535000088
11099135.878027329166537 1547895.356355472500044
11099135.878027329166537 1547895.654941410000000
11099135.878027329166537 1547895.953527347499956
11099135.878027329166537 1547896.252113284999912
11099135.878027329166537 1547896.550699222499868
11099135.878027329166537 1547896.849285159999824
11099135.878027329166537 1547897.147871097499780
11099135.878027329166537 1547897.446457034999736
11099135.878027329166537 1547897.745042972499692
11099135.878027329166537 1547898.043628909999648
11099136.176608058333074 1547892.967667972500396
11099136.176608058333074 1547893.266253910000352
11099136.176608058333074 1547893.564839847500308
11099136.176608058333074 1547893.863425785000264
11099136.176608058333074 1547894.162011722500220
11099136.176608058333074 1547894.460597660000176
11099136.176608058333074 1547894.759183597500132
11099136.176608058333074 1547895.057769535000088
11099136.176608058333074 1547895.356355472500044
11099136.176608058333074 1547895.654941410000000
11099136.176608058333074 1547895.953527347499956
11099136.176608058333074 1547896.252113284999912
11099136.176608058333074 1547896.550699222499868
11099136.176608058333074 1547896.849285159999824
11099136.176608058333074 1547897.147871097499780
11099136.176608058333074 1547897.446457034999736
11099136.176608058333074 1547897.745042972499692
11099136.176608058333074 1547898.043628909999648
11099136.475188787499611 1547892.967667972500396
11099136.475188787499611 1547893.266253910000352
11099136.475188787499611 1547893.564839847500308
11099136.475188787499611 1547893.863425785000264
11099136.475188787499611 1547894.162011722500220
11099136.475188787499611 1547894.460597660000176
11099136.475188787499611 1547894.759183597500132
11099136.475188787499611 1547895.057769535000088
11099136.475188787499611 1547895.356355472500044
11099136.475188787499611 1547895.654941410000000
11099136.475188787499611 1547895.953527347499956
11099136.475188787499611 1547896.252113284999912
11099136.475188787499611 1547896.550699222499868
11099136.475188787499611 1547896.849285159999824
11099136.475188787499611 1547897.147871097499780
11099136.475188787499611 1547897.446457034999736
11099136.475188787499611 1547897.745042972499692
11099136.475188787499611 1547898.043628909999648
11099136.773769516666148 1547892.967667972500396
11099136.773769516666148 1547893.266253910000352
11099136.773769516666148 1547893.564839847500308
11099136.773769516666148 1547893.863425785000264
11099136.773769516666148 1547894.162011722500220
11099136.773769516666148 1547894.460597660000176
11099136.773769516666148 1547894.759183597500132
11099136.773769516666148 1547895.057769535000088
11099136.773769516666148 1547895.356355472500044
11099136.773769516666148 1547895.654941410000000
11099136.773769516666148 1547895.953527347499956
11099136.773769516666148 1547896.252113284999912
11099136.773769516666148 1547896.550699222499868
11099136.773769516666148 1547896.849285159999824
11099136.773769516666148 1547897.147871097499780
11099136.773769516666148 1547897.446457034999736
11099136.773769516666148 1547897.745042972499692
11099136.773769516666148 1547898.043628909999648
11099137.072350245832685 1547892.967667972500396
11099137.072350245832685 1547893.266253910000352
11099137.072350245832685 1547893.564839847500308
11099137.072350245832685 1547893.863425785000264
11099137.072350245832685 1547894.162011722500220
11099137.072350245832685 1547894.460597660000176
11099137.072350245832685 1547894.759183597500132
11099137.072350245832685 1547895.057769535000088
11099137.072350245832685 1547895.356355472500044
11099137.072350245832685 1547895.654941410000000
11099137.072350245832685 1547895.953527347499956
11099137.072350245832685 1547896.252113284999912
11099137.072350245832685 1547896.550699222499868
11099137.072350245832685 1547896.849285159999824
11099137.072350245832685 1547897.147871097499780
11099137.072350245832685 1547897.446457034999736
11099137.072350245832685 1547897.745042972499692
11099137.072350245832685 1547898.043628909999648
11099137.370930974999222 1547892.967667972500396
11099137.370930974999222 1547893.266253910000352
11099137.370930974999222 1547893.564839847500308
11099137.370930974999222 1547893.863425785000264
11099137.370930974999222 1547894.162011722500220
11099137.370930974999222 1547894.460597660000176
11099137.370930974999222 1547894.759183597500132
11099137.370930974999222 1547895.057769535000088
11099137.370930974999222 1547895.356355472500044
11099137.370930974999222 1547895.654941410000000
11099137.370930974999222 1547895.953527347499956
11099137.370930974999222 1547896.252113284999912
11099137.370930974999222 1547896.550699222499868
11099137.370930974999222 1547896.849285159999824
11099137.370930974999222 1547897.147871097499780
11099137.370930974999222 1547897.446457034999736
11099137.370930974999222 1547897.745042972499692
11099137.370930974999222 1547898.043628909999648
11099137.669511704165759 1547892.967667972500396
11099137.669511704165759 1547893.266253910000352
11099137.669511704165759 1547893.564839847500308
11099137.669511704165759 1547893.863425785000264
11099137.669511704165759 1547894.162011722500220
11099137.669511704165759 1547894.460597660000176
11099137.669511704165759 1547894.759183597500132
11099137.669511704165759 1547895.057769535000088
11099137.669511704165759 1547895.356355472500044
11099137.669511704165759 1547895.654941410000000
11099137.669511704165759 1547895.953527347499956
11099137.669511704165759 1547896.252113284999912
11099137.669511704165759 1547896.550699222499868
11099137.669511704165759 1547896.849285159999824
11099137.669511704165759 1547897.147871097499780
11099137.669511704165759 1547897.446457034999736
11099137.669511704165759 1547897.745042972499692
11099137.669511704165759 1547898.043628909999648
11099137.968092433332296 1547892.967667972500396
11099137.968092433332296 1547893.266253910000352
11099137.968092433332296 1547893.564839847500308
11099137.968092433332296 1547893.863425785000264
11099137.968092433332296 1547894.162011722500220
11099137.968092433332296 1547894.460597660000176
11099137.968092433332296 1547894.759183597500132
11099137.968092433332296 1547895.057769535000088
11099137.968092433332296 1547895.356355472500044
11099137.968092433332296 1547895.654941410000000
11099137.968092433332296 1547895.953527347499956
11099137.968092433332296 1547896.252113284999912
11099137.968092433332296 1547896.550699222499868
11099137.968092433332296 1547896.849285159999824
11099137.968092433332296 1547897.147871097499780
11099137.968092433332296 1547897.446457034999736
11099137.968092433332296 1547897.745042972499692
11099137.968092433332296 1547898.043628909999648
