11099224.556503937501167 1547657.084777342500396
11099224.556503937501167 1547657.383363280000352
11099224.556503937501167 1547657.681949217500308
11099224.556503937501167 1547657.980535155000264
11099224.556503937501167 1547658.279121092500220
11099224.556503937501167 1547658.577707030000176
11099224.556503937501167 1547658.876292967500132
11099224.556503937501167 1547659.174878905000088
11099224.556503937501167 1547659.473464842500044
11099224.556503937501167 1547659.772050780000000
11099224.556503937501167 1547660.070636717499956
11099224.556503937501167 1547660.369222654999912
11099224.556503937501167 1547660.667808592499868
11099224.556503937501167 1547660.966394529999824
11099224.556503937501167 1547661.264980467499780
11099224.556503937501167 1547661.563566404999736
11099224.556503937501167 1547661.862152342499692
11099224.556503937501167 1547662.160738279999648
11099224.855084666667704 1547657.084777342500396
11099224.855084666667704 1547657.383363280000352
11099224.855084666667704 1547657.681949217500308
11099224.855084666667704 1547657.980535155000264
11099224.855084666667704 1547658.279121092500220
11099224.855084666667704 1547658.577707030000176
11099224.855084666667704 1547658.876292967500132
11099224.855084666667704 1547659.174878905000088
11099224.855084666667704 1547659.473464842500044
11099224.855084666667704 1547659.772050780000000
11099224.855084666667704 1547660.070636717499956
11099224.855084666667704 1547660.369222654999912
11099224.855084666667704 1547660.667808592499868
11099224.855084666667704 1547660.966394529999824
11099224.855084666667704 1547661.264980467499780
11099224.855084666667704 1547661.563566404999736
11099224.855084666667704 1547661.862152342499692
11099224.855084666667704 1547662.160738279999648
11099225.153665395834241 1547657.084777342500396
11099225.153665395834241 1547657.383363280000352
11099225.153665395834241 1547657.681949217500308
11099225.153665395834241 1547657.980535155000264
11099225.153665395834241 1547658.279121092500220
11099225.153665395834241 1547658.577707030000176
11099225.153665395834241 1547658.876292967500132
11099225.153665395834241 1547659.174878905000088
11099225.153665395834241 1547659.473464842500044
11099225.153665395834241 1547659.772050780000000
11099225.153665395834241 1547660.070636717499956
11099225.153665395834241 1547660.369222654999912
11099225.153665395834241 1547660.667808592499868
11099225.153665395834241 1547660.966394529999824
11099225.153665395834241 1547661.264980467499780
11099225.153665395834241 1547661.563566404999736
11099225.153665395834241 1547661.862152342499692
11099225.153665395834241 1547662.160738279999648
11099225.452246125000778 1547657.084777342500396
11099225.452246125000778 1547657.383363280000352
11099225.452246125000778 1547657.681949217500308
11099225.452246125000778 1547657.980535155000264
11099225.452246125000778 1547658.279121092500220
11099225.452246125000778 1547658.577707030000176
11099225.452246125000778 1547658.876292967500132
11099225.452246125000778 1547659.174878905000088
11099225.452246125000778 1547659.473464842500044
11099225.452246125000778 1547659.772050780000000
11099225.452246125000778 1547660.070636717499956
11099225.452246125000778 1547660.369222654999912
11099225.452246125000778 1547660.667808592499868
11099225.452246125000778 1547660.966394529999824
11099225.452246125000778 1547661.264980467499780
11099225.452246125000778 1547661.563566404999736
11099225.452246125000778 1547661.862152342499692
11099225.452246125000778 1547662.160738279999648
11099225.750826854167315 1547657.084777342500396
11099225.750826854167315 1547657.383363280000352
11099225.750826854167315 1547657.681949217500308
11099225.750826854167315 1547657.980535155000264
11099225.750826854167315 1547658.279121092500220
11099225.750826854167315 1547658.577707030000176
11099225.750826854167315 1547658.876292967500132
11099225.750826854167315 1547659.174878905000088
11099225.750826854167315 1547659.473464842500044
11099225.750826854167315 1547659.772050780000000
11099225.750826854167315 1547660.070636717499956
11099225.750826854167315 1547660.369222654999912
11099225.750826854167315 1547660.667808592499868
11099225.750826854167315 1547660.966394529999824
11099225.750826854167315 1547661.264980467499780
11099225.750826854167315 1547661.563566404999736
11099225.750826854167315 1547661.862152342499692
11099225.750826854167315 1547662.160738279999648
11099226.049407583333852 1547657.084777342500396
11099226.049407583333852 1547657.383363280000352
11099226.049407583333852 1547657.681949217500308
11099226.049407583333852 1547657.980535155000264
11099226.049407583333852 1547658.279121092500220
11099226.049407583333852 1547658.577707030000176
11099226.049407583333852 1547658.876292967500132
11099226.049407583333852 1547659.174878905000088
11099226.049407583333852 1547659.473464842500044
11099226.049407583333852 1547659.772050780000000
11099226.049407583333852 1547660.070636717499956
11099226.049407583333852 1547660.369222654999912
11099226.049407583333852 1547660.667808592499868
11099226.049407583333852 1547660.966394529999824
11099226.049407583333852 1547661.264980467499780
11099226.049407583333852 1547661.563566404999736
11099226.049407583333852 1547661.862152342499692
11099226.049407583333852 1547662.160738279999648
11099226.347988312500389 1547657.084777342500396
11099226.347988312500389 1547657.383363280000352
11099226.347988312500389 1547657.681949217500308
11099226.347988312500389 1547657.980535155000264
11099226.347988312500389 1547658.279121092500220
11099226.347988312500389 1547658.577707030000176
11099226.347988312500389 1547658.876292967500132
11099226.347988312500389 1547659.174878905000088
11099226.347988312500389 1547659.473464842500044
11099226.347988312500389 1547659.772050780000000
11099226.347988312500389 1547660.070636717499956
11099226.347988312500389 1547660.369222654999912
11099226.347988312500389 1547660.667808592499868
11099226.347988312500389 1547660.966394529999824
11099226.347988312500389 1547661.264980467499780
11099226.347988312500389 1547661.563566404999736
11099226.347988312500389 1547661.862152342499692
11099226.347988312500389 1547662.160738279999648
11099226.646569041666926 1547657.084777342500396
11099226.646569041666926 1547657.383363280000352
11099226.646569041666926 1547657.681949217500308
11099226.646569041666926 1547657.980535155000264
11099226.646569041666926 1547658.279121092500220
11099226.646569041666926 1547658.577707030000176
11099226.646569041666926 1547658.876292967500132
11099226.646569041666926 1547659.174878905000088
11099226.646569041666926 1547659.473464842500044
11099226.646569041666926 1547659.772050780000000
11099226.646569041666926 1547660.070636717499956
11099226.646569041666926 1547660.369222654999912
11099226.646569041666926 1547660.667808592499868
11099226.646569041666926 1547660.966394529999824
11099226.646569041666926 1547661.264980467499780
11099226.646569041666926 1547661.563566404999736
11099226.646569041666926 1547661.862152342499692
11099226.646569041666926 1547662.160738279999648
11099226.945149770833463 1547657.084777342500396
11099226.945149770833463 1547657.383363280000352
11099226.945149770833463 1547657.681949217500308
11099226.945149770833463 1547657.980535155000264
11099226.945149770833463 1547658.279121092500220
11099226.945149770833463 1547658.577707030000176
11099226.945149770833463 1547658.876292967500132
11099226.945149770833463 1547659.174878905000088
11099226.945149770833463 1547659.473464842500044
11099226.945149770833463 1547659.772050780000000
11099226.945149770833463 1547660.070636717499956
11099226.945149770833463 1547660.369222654999912
11099226.945149770833463 1547660.667808592499868
11099226.945149770833463 1547660.966394529999824
11099226.945149770833463 1547661.264980467499780
11099226.945149770833463 1547661.563566404999736
11099226.945149770833463 1547661.862152342499692
11099226.945149770833463 1547662.160738279999648
11099227.243730500000000 1547657.084777342500396
11099227.243730500000000 1547657.383363280000352
11099227.243730500000000 1547657.681949217500308
11099227.243730500000000 1547657.980535155000264
11099227.243730500000000 1547658.279121092500220
11099227.243730500000000 1547658.577707030000176
11099227.243730500000000 1547658.876292967500132
11099227.243730500000000 1547659.174878905000088
11099227.243730500000000 1547659.473464842500044
11099227.243730500000000 1547659.772050780000000
11099227.243730500000000 1547660.070636717499956
11099227.243730500000000 1547660.369222654999912
11099227.243730500000000 1547660.667808592499868
11099227.243730500000000 1547660.966394529999824
11099227.243730500000000 1547661.264980467499780
11099227.243730500000000 1547661.563566404999736
11099227.243730500000000 1547661.862152342499692
11099227.243730500000000 1547662.160738279999648
11099227.542311229166537 1547657.084777342500396
11099227.542311229166537 1547657.383363280000352
11099227.542311229166537 1547657.681949217500308
11099227.542311229166537 1547657.980535155000264
11099227.542311229166537 1547658.279121092500220
11099227.542311229166537 1547658.577707030000176
11099227.542311229166537 1547658.876292967500132
11099227.542311229166537 1547659.174878905000088
11099227.542311229166537 1547659.473464842500044
11099227.542311229166537 1547659.772050780000000
11099227.542311229166537 1547660.070636717499956
11099227.542311229166537 1547660.369222654999912
11099227.542311229166537 1547660.667808592499868
11099227.542311229166537 1547660.966394529999824
11099227.542311229166537 1547661.264980467499780
11099227.542311229166537 1547661.563566404999736
11099227.542311229166537 1547661.862152342499692
11099227.542311229166537 1547662.160738279999648
11099227.840891958333074 1547657.084777342500396
11099227.840891958333074 1547657.383363280000352
11099227.840891958333074 1547657.681949217500308
11099227.840891958333074 1547657.980535155000264
11099227.840891958333074 1547658.279121092500220
11099227.840891958333074 1547658.577707030000176
11099227.840891958333074 1547658.876292967500132
11099227.840891958333074 1547659.174878905000088
11099227.840891958333074 1547659.473464842500044
11099227.840891958333074 1547659.772050780000000
11099227.840891958333074 1547660.070636717499956
11099227.840891958333074 1547660.369222654999912
11099227.840891958333074 1547660.667808592499868
11099227.840891958333074 1547660.966394529999824
11099227.840891958333074 1547661.264980467499780
11099227.840891958333074 1547661.563566404999736
11099227.840891958333074 1547661.862152342499692
11099227.840891958333074 1547662.160738279999648
11099228.139472687499611 1547657.084777342500396
11099228.139472687499611 1547657.383363280000352
11099228.139472687499611 1547657.681949217500308
11099228.139472687499611 1547657.980535155000264
11099228.139472687499611 1547658.279121092500220
11099228.139472687499611 1547658.577707030000176
11099228.139472687499611 1547658.876292967500132
11099228.139472687499611 1547659.174878905000088
11099228.139472687499611 1547659.473464842500044
11099228.139472687499611 1547659.772050780000000
11099228.139472687499611 1547660.070636717499956
11099228.139472687499611 1547660.369222654999912
11099228.139472687499611 1547660.667808592499868
11099228.139472687499611 1547660.966394529999824
11099228.139472687499611 1547661.264980467499780
11099228.139472687499611 1547661.563566404999736
11099228.139472687499611 1547661.862152342499692
11099228.139472687499611 1547662.160738279999648
11099228.438053416666148 1547657.084777342500396
11099228.438053416666148 1547657.383363280000352
11099228.438053416666148 1547657.681949217500308
11099228.438053416666148 1547657.980535155000264
11099228.438053416666148 1547658.279121092500220
11099228.438053416666148 1547658.577707030000176
11099228.438053416666148 1547658.876292967500132
11099228.438053416666148 1547659.174878905000088
11099228.438053416666148 1547659.473464842500044
11099228.438053416666148 1547659.772050780000000
11099228.438053416666148 1547660.070636717499956
11099228.438053416666148 1547660.369222654999912
11099228.438053416666148 1547660.667808592499868
11099228.438053416666148 1547660.966394529999824
11099228.438053416666148 1547661.264980467499780
11099228.438053416666148 1547661.563566404999736
11099228.438053416666148 1547661.862152342499692
11099228.438053416666148 1547662.160738279999648
11099228.736634145832685 1547657.084777342500396
11099228.736634145832685 1547657.383363280000352
11099228.736634145832685 1547657.681949217500308
11099228.736634145832685 1547657.980535155000264
11099228.736634145832685 1547658.279121092500220
11099228.736634145832685 1547658.577707030000176
11099228.736634145832685 1547658.876292967500132
11099228.736634145832685 1547659.174878905000088
11099228.736634145832685 1547659.473464842500044
11099228.736634145832685 1547659.772050780000000
11099228.736634145832685 1547660.070636717499956
11099228.736634145832685 1547660.369222654999912
11099228.736634145832685 1547660.667808592499868
11099228.736634145832685 1547660.966394529999824
11099228.736634145832685 1547661.264980467499780
11099228.736634145832685 1547661.563566404999736
11099228.736634145832685 1547661.862152342499692
11099228.736634145832685 1547662.160738279999648
11099229.035214874999222 1547657.084777342500396
11099229.035214874999222 1547657.383363280000352
11099229.035214874999222 1547657.681949217500308
11099229.035214874999222 1547657.980535155000264
11099229.035214874999222 1547658.279121092500220
11099229.035214874999222 1547658.577707030000176
11099229.035214874999222 1547658.876292967500132
11099229.035214874999222 1547659.174878905000088
11099229.035214874999222 1547659.473464842500044
11099229.035214874999222 1547659.772050780000000
11099229.035214874999222 1547660.070636717499956
11099229.035214874999222 1547660.369222654999912
11099229.035214874999222 1547660.667808592499868
11099229.035214874999222 1547660.966394529999824
11099229.035214874999222 1547661.264980467499780
11099229.035214874999222 1547661.563566404999736
11099229.035214874999222 1547661.862152342499692
11099229.035214874999222 1547662.160738279999648
11099229.333795604165759 1547657.084777342500396
11099229.333795604165759 1547657.383363280000352
11099229.333795604165759 1547657.681949217500308
11099229.333795604165759 1547657.980535155000264
11099229.333795604165759 1547658.279121092500220
11099229.333795604165759 1547658.577707030000176
11099229.333795604165759 1547658.876292967500132
11099229.333795604165759 1547659.174878905000088
11099229.333795604165759 1547659.473464842500044
11099229.333795604165759 1547659.772050780000000
11099229.333795604165759 1547660.070636717499956
11099229.333795604165759 1547660.369222654999912
11099229.333795604165759 1547660.667808592499868
11099229.333795604165759 1547660.966394529999824
11099229.333795604165759 1547661.264980467499780
11099229.333795604165759 1547661.563566404999736
11099229.333795604165759 1547661.862152342499692
11099229.333795604165759 1547662.160738279999648
11099229.632376333332296 1547657.084777342500396
11099229.632376333332296 1547657.383363280000352
11099229.632376333332296 1547657.681949217500308
11099229.632376333332296 1547657.980535155000264
11099229.632376333332296 1547658.279121092500220
11099229.632376333332296 1547658.577707030000176
11099229.632376333332296 1547658.876292967500132
11099229.632376333332296 1547659.174878905000088
11099229.632376333332296 1547659.473464842500044
11099229.632376333332296 1547659.772050780000000
11099229.632376333332296 1547660.070636717499956
11099229.632376333332296 1547660.369222654999912
11099229.632376333332296 1547660.667808592499868
11099229.632376333332296 1547660.966394529999824
11099229.632376333332296 1547661.264980467499780
11099229.632376333332296 1547661.563566404999736
11099229.632376333332296 1547661.862152342499692
11099229.632376333332296 1547662.160738279999648
