11099125.427701837501167 1547833.250480472500396
11099125.427701837501167 1547833.549066410000352
11099125.427701837501167 1547833.847652347500308
11099125.427701837501167 1547834.146238285000264
11099125.427701837501167 1547834.444824222500220
11099125.427701837501167 1547834.743410160000176
11099125.427701837501167 1547835.041996097500132
11099125.427701837501167 1547835.340582035000088
11099125.427701837501167 1547835.639167972500044
11099125.427701837501167 1547835.937753910000000
11099125.427701837501167 1547836.236339847499956
11099125.427701837501167 1547836.534925784999912
11099125.427701837501167 1547836.833511722499868
11099125.427701837501167 1547837.132097659999824
11099125.427701837501167 1547837.430683597499780
11099125.427701837501167 1547837.729269534999736
11099125.427701837501167 1547838.027855472499692
11099125.427701837501167 1547838.326441409999648
11099125.726282566667704 1547833.250480472500396
11099125.726282566667704 1547833.549066410000352
11099125.726282566667704 1547833.847652347500308
11099125.726282566667704 1547834.146238285000264
11099125.726282566667704 1547834.444824222500220
11099125.726282566667704 1547834.743410160000176
11099125.726282566667704 1547835.041996097500132
11099125.726282566667704 1547835.340582035000088
11099125.726282566667704 1547835.639167972500044
11099125.726282566667704 1547835.937753910000000
11099125.726282566667704 1547836.236339847499956
11099125.726282566667704 1547836.534925784999912
11099125.726282566667704 1547836.833511722499868
11099125.726282566667704 1547837.132097659999824
11099125.726282566667704 1547837.430683597499780
11099125.726282566667704 1547837.729269534999736
11099125.726282566667704 1547838.027855472499692
11099125.726282566667704 1547838.326441409999648
11099126.024863295834241 1547833.250480472500396
11099126.024863295834241 1547833.549066410000352
11099126.024863295834241 1547833.847652347500308
11099126.024863295834241 1547834.146238285000264
11099126.024863295834241 1547834.444824222500220
11099126.024863295834241 1547834.743410160000176
11099126.024863295834241 1547835.041996097500132
11099126.024863295834241 1547835.340582035000088
11099126.024863295834241 1547835.639167972500044
11099126.024863295834241 1547835.937753910000000
11099126.024863295834241 1547836.236339847499956
11099126.024863295834241 1547836.534925784999912
11099126.024863295834241 1547836.833511722499868
11099126.024863295834241 1547837.132097659999824
11099126.024863295834241 1547837.430683597499780
11099126.024863295834241 1547837.729269534999736
11099126.024863295834241 1547838.027855472499692
11099126.024863295834241 1547838.326441409999648
11099126.323444025000778 1547833.250480472500396
11099126.323444025000778 1547833.549066410000352
11099126.323444025000778 1547833.847652347500308
11099126.323444025000778 1547834.146238285000264
11099126.323444025000778 1547834.444824222500220
11099126.323444025000778 1547834.743410160000176
11099126.323444025000778 1547835.041996097500132
11099126.323444025000778 1547835.340582035000088
11099126.323444025000778 1547835.639167972500044
11099126.323444025000778 1547835.937753910000000
11099126.323444025000778 1547836.236339847499956
11099126.323444025000778 1547836.534925784999912
11099126.323444025000778 1547836.833511722499868
11099126.323444025000778 1547837.132097659999824
11099126.323444025000778 1547837.430683597499780
11099126.323444025000778 1547837.729269534999736
11099126.323444025000778 1547838.027855472499692
11099126.323444025000778 1547838.326441409999648
11099126.622024754167315 1547833.250480472500396
11099126.622024754167315 1547833.549066410000352
11099126.622024754167315 1547833.847652347500308
11099126.622024754167315 1547834.146238285000264
11099126.622024754167315 1547834.444824222500220
11099126.622024754167315 1547834.743410160000176
11099126.622024754167315 1547835.041996097500132
11099126.622024754167315 1547835.340582035000088
11099126.622024754167315 1547835.639167972500044
11099126.622024754167315 1547835.937753910000000
11099126.622024754167315 1547836.236339847499956
11099126.622024754167315 1547836.534925784999912
11099126.622024754167315 1547836.833511722499868
11099126.622024754167315 1547837.132097659999824
11099126.622024754167315 1547837.430683597499780
11099126.622024754167315 1547837.729269534999736
11099126.622024754167315 1547838.027855472499692
11099126.622024754167315 1547838.326441409999648
11099126.920605483333852 1547833.250480472500396
11099126.920605483333852 1547833.549066410000352
11099126.920605483333852 1547833.847652347500308
11099126.920605483333852 1547834.146238285000264
11099126.920605483333852 1547834.444824222500220
11099126.920605483333852 1547834.743410160000176
11099126.920605483333852 1547835.041996097500132
11099126.920605483333852 1547835.340582035000088
11099126.920605483333852 1547835.639167972500044
11099126.920605483333852 1547835.937753910000000
11099126.920605483333852 1547836.236339847499956
11099126.920605483333852 1547836.534925784999912
11099126.920605483333852 1547836.833511722499868
11099126.920605483333852 1547837.132097659999824
11099126.920605483333852 1547837.430683597499780
11099126.920605483333852 1547837.729269534999736
11099126.920605483333852 1547838.027855472499692
11099126.920605483333852 1547838.326441409999648
11099127.219186212500389 1547833.250480472500396
11099127.219186212500389 1547833.549066410000352
11099127.219186212500389 1547833.847652347500308
11099127.219186212500389 1547834.146238285000264
11099127.219186212500389 1547834.444824222500220
11099127.219186212500389 1547834.743410160000176
11099127.219186212500389 1547835.041996097500132
11099127.219186212500389 1547835.340582035000088
11099127.219186212500389 1547835.639167972500044
11099127.219186212500389 1547835.937753910000000
11099127.219186212500389 1547836.236339847499956
11099127.219186212500389 1547836.534925784999912
11099127.219186212500389 1547836.833511722499868
11099127.219186212500389 1547837.132097659999824
11099127.219186212500389 1547837.430683597499780
11099127.219186212500389 1547837.729269534999736
11099127.219186212500389 1547838.027855472499692
11099127.219186212500389 1547838.326441409999648
11099127.517766941666926 1547833.250480472500396
11099127.517766941666926 1547833.549066410000352
11099127.517766941666926 1547833.847652347500308
11099127.517766941666926 1547834.146238285000264
11099127.517766941666926 1547834.444824222500220
11099127.517766941666926 1547834.743410160000176
11099127.517766941666926 1547835.041996097500132
11099127.517766941666926 1547835.340582035000088
11099127.517766941666926 1547835.639167972500044
11099127.517766941666926 1547835.937753910000000
11099127.517766941666926 1547836.236339847499956
11099127.517766941666926 1547836.534925784999912
11099127.517766941666926 1547836.833511722499868
11099127.517766941666926 1547837.132097659999824
11099127.517766941666926 1547837.430683597499780
11099127.517766941666926 1547837.729269534999736
11099127.517766941666926 1547838.027855472499692
11099127.517766941666926 1547838.326441409999648
11099127.816347670833463 1547833.250480472500396
11099127.816347670833463 1547833.549066410000352
11099127.816347670833463 1547833.847652347500308
11099127.816347670833463 1547834.146238285000264
11099127.816347670833463 1547834.444824222500220
11099127.816347670833463 1547834.743410160000176
11099127.816347670833463 1547835.041996097500132
11099127.816347670833463 1547835.340582035000088
11099127.816347670833463 1547835.639167972500044
11099127.816347670833463 1547835.937753910000000
11099127.816347670833463 1547836.236339847499956
11099127.816347670833463 1547836.534925784999912
11099127.816347670833463 1547836.833511722499868
11099127.816347670833463 1547837.132097659999824
11099127.816347670833463 1547837.430683597499780
11099127.816347670833463 1547837.729269534999736
11099127.816347670833463 1547838.027855472499692
11099127.816347670833463 1547838.326441409999648
11099128.114928400000000 1547833.250480472500396
11099128.114928400000000 1547833.549066410000352
11099128.114928400000000 1547833.847652347500308
11099128.114928400000000 1547834.146238285000264
11099128.114928400000000 1547834.444824222500220
11099128.114928400000000 1547834.743410160000176
11099128.114928400000000 1547835.041996097500132
11099128.114928400000000 1547835.340582035000088
11099128.114928400000000 1547835.639167972500044
11099128.114928400000000 1547835.937753910000000
11099128.114928400000000 1547836.236339847499956
11099128.114928400000000 1547836.534925784999912
11099128.114928400000000 1547836.833511722499868
11099128.114928400000000 1547837.132097659999824
11099128.114928400000000 1547837.430683597499780
11099128.114928400000000 1547837.729269534999736
11099128.114928400000000 1547838.027855472499692
11099128.114928400000000 1547838.326441409999648
11099128.413509129166537 1547833.250480472500396
11099128.413509129166537 1547833.549066410000352
11099128.413509129166537 1547833.847652347500308
11099128.413509129166537 1547834.146238285000264
11099128.413509129166537 1547834.444824222500220
11099128.413509129166537 1547834.743410160000176
11099128.413509129166537 1547835.041996097500132
11099128.413509129166537 1547835.340582035000088
11099128.413509129166537 1547835.639167972500044
11099128.413509129166537 1547835.937753910000000
11099128.413509129166537 1547836.236339847499956
11099128.413509129166537 1547836.534925784999912
11099128.413509129166537 1547836.833511722499868
11099128.413509129166537 1547837.132097659999824
11099128.413509129166537 1547837.430683597499780
11099128.413509129166537 1547837.729269534999736
11099128.413509129166537 1547838.027855472499692
11099128.413509129166537 1547838.326441409999648
11099128.712089858333074 1547833.250480472500396
11099128.712089858333074 1547833.549066410000352
11099128.712089858333074 1547833.847652347500308
11099128.712089858333074 1547834.146238285000264
11099128.712089858333074 1547834.444824222500220
11099128.712089858333074 1547834.743410160000176
11099128.712089858333074 1547835.041996097500132
11099128.712089858333074 1547835.340582035000088
11099128.712089858333074 1547835.639167972500044
11099128.712089858333074 1547835.937753910000000
11099128.712089858333074 1547836.236339847499956
11099128.712089858333074 1547836.534925784999912
11099128.712089858333074 1547836.833511722499868
11099128.712089858333074 1547837.132097659999824
11099128.712089858333074 1547837.430683597499780
11099128.712089858333074 1547837.729269534999736
11099128.712089858333074 1547838.027855472499692
11099128.712089858333074 1547838.326441409999648
11099129.010670587499611 1547833.250480472500396
11099129.010670587499611 1547833.549066410000352
11099129.010670587499611 1547833.847652347500308
11099129.010670587499611 1547834.146238285000264
11099129.010670587499611 1547834.444824222500220
11099129.010670587499611 1547834.743410160000176
11099129.010670587499611 1547835.041996097500132
11099129.010670587499611 1547835.340582035000088
11099129.010670587499611 1547835.639167972500044
11099129.010670587499611 1547835.937753910000000
11099129.010670587499611 1547836.236339847499956
11099129.010670587499611 1547836.534925784999912
11099129.010670587499611 1547836.833511722499868
11099129.010670587499611 1547837.132097659999824
11099129.010670587499611 1547837.430683597499780
11099129.010670587499611 1547837.729269534999736
11099129.010670587499611 1547838.027855472499692
11099129.010670587499611 1547838.326441409999648
11099129.309251316666148 1547833.250480472500396
11099129.309251316666148 1547833.549066410000352
11099129.309251316666148 1547833.847652347500308
11099129.309251316666148 1547834.146238285000264
11099129.309251316666148 1547834.444824222500220
11099129.309251316666148 1547834.743410160000176
11099129.309251316666148 1547835.041996097500132
11099129.309251316666148 1547835.340582035000088
11099129.309251316666148 1547835.639167972500044
11099129.309251316666148 1547835.937753910000000
11099129.309251316666148 1547836.236339847499956
11099129.309251316666148 1547836.534925784999912
11099129.309251316666148 1547836.833511722499868
11099129.309251316666148 1547837.132097659999824
11099129.309251316666148 1547837.430683597499780
11099129.309251316666148 1547837.729269534999736
11099129.309251316666148 1547838.027855472499692
11099129.309251316666148 1547838.326441409999648
11099129.607832045832685 1547833.250480472500396
11099129.607832045832685 1547833.549066410000352
11099129.607832045832685 1547833.847652347500308
11099129.607832045832685 1547834.146238285000264
11099129.607832045832685 1547834.444824222500220
11099129.607832045832685 1547834.743410160000176
11099129.607832045832685 1547835.041996097500132
11099129.607832045832685 1547835.340582035000088
11099129.607832045832685 1547835.639167972500044
11099129.607832045832685 1547835.937753910000000
11099129.607832045832685 1547836.236339847499956
11099129.607832045832685 1547836.534925784999912
11099129.607832045832685 1547836.833511722499868
11099129.607832045832685 1547837.132097659999824
11099129.607832045832685 1547837.430683597499780
11099129.607832045832685 1547837.729269534999736
11099129.607832045832685 1547838.027855472499692
11099129.607832045832685 1547838.326441409999648
11099129.906412774999222 1547833.250480472500396
11099129.906412774999222 1547833.549066410000352
11099129.906412774999222 1547833.847652347500308
11099129.906412774999222 1547834.146238285000264
11099129.906412774999222 1547834.444824222500220
11099129.906412774999222 1547834.743410160000176
11099129.906412774999222 1547835.041996097500132
11099129.906412774999222 1547835.340582035000088
11099129.906412774999222 1547835.639167972500044
11099129.906412774999222 1547835.937753910000000
11099129.906412774999222 1547836.236339847499956
11099129.906412774999222 1547836.534925784999912
11099129.906412774999222 1547836.833511722499868
11099129.906412774999222 1547837.132097659999824
11099129.906412774999222 1547837.430683597499780
11099129.906412774999222 1547837.729269534999736
11099129.906412774999222 1547838.027855472499692
11099129.906412774999222 1547838.326441409999648
11099130.204993504165759 1547833.250480472500396
11099130.204993504165759 1547833.549066410000352
11099130.204993504165759 1547833.847652347500308
11099130.204993504165759 1547834.146238285000264
11099130.204993504165759 1547834.444824222500220
11099130.204993504165759 1547834.743410160000176
11099130.204993504165759 1547835.041996097500132
11099130.204993504165759 1547835.340582035000088
11099130.204993504165759 1547835.639167972500044
11099130.204993504165759 1547835.937753910000000
11099130.204993504165759 1547836.236339847499956
11099130.204993504165759 1547836.534925784999912
11099130.204993504165759 1547836.833511722499868
11099130.204993504165759 1547837.132097659999824
11099130.204993504165759 1547837.430683597499780
11099130.204993504165759 1547837.729269534999736
11099130.204993504165759 1547838.027855472499692
11099130.204993504165759 1547838.326441409999648
11099130.503574233332296 1547833.250480472500396
11099130.503574233332296 1547833.549066410000352
11099130.503574233332296 1547833.847652347500308
11099130.503574233332296 1547834.146238285000264
11099130.503574233332296 1547834.444824222500220
11099130.503574233332296 1547834.743410160000176
11099130.503574233332296 1547835.041996097500132
11099130.503574233332296 1547835.340582035000088
11099130.503574233332296 1547835.639167972500044
11099130.503574233332296 1547835.937753910000000
11099130.503574233332296 1547836.236339847499956
11099130.503574233332296 1547836.534925784999912
11099130.503574233332296 1547836.833511722499868
11099130.503574233332296 1547837.132097659999824
11099130.503574233332296 1547837.430683597499780
11099130.503574233332296 1547837.729269534999736
11099130.503574233332296 1547838.027855472499692
11099130.503574233332296 1547838.326441409999648
