11099238.291217437501167 1547610.803957032500396
11099238.291217437501167 1547611.102542970000352
11099238.291217437501167 1547611.401128907500308
11099238.291217437501167 1547611.699714845000264
11099238.291217437501167 1547611.998300782500220
11099238.291217437501167 1547612.296886720000176
11099238.291217437501167 1547612.595472657500132
11099238.291217437501167 1547612.894058595000088
11099238.291217437501167 1547613.192644532500044
11099238.291217437501167 1547613.491230470000000
11099238.291217437501167 1547613.789816407499956
11099238.291217437501167 1547614.088402344999912
11099238.291217437501167 1547614.386988282499868
11099238.291217437501167 1547614.685574219999824
11099238.291217437501167 1547614.984160157499780
11099238.291217437501167 1547615.282746094999736
11099238.291217437501167 1547615.581332032499692
11099238.291217437501167 1547615.879917969999648
11099238.589798166667704 1547610.803957032500396
11099238.589798166667704 1547611.102542970000352
11099238.589798166667704 1547611.401128907500308
11099238.589798166667704 1547611.699714845000264
11099238.589798166667704 1547611.998300782500220
11099238.589798166667704 1547612.296886720000176
11099238.589798166667704 1547612.595472657500132
11099238.589798166667704 1547612.894058595000088
11099238.589798166667704 1547613.192644532500044
11099238.589798166667704 1547613.491230470000000
11099238.589798166667704 1547613.789816407499956
11099238.589798166667704 1547614.088402344999912
11099238.589798166667704 1547614.386988282499868
11099238.589798166667704 1547614.685574219999824
11099238.589798166667704 1547614.984160157499780
11099238.589798166667704 1547615.282746094999736
11099238.589798166667704 1547615.581332032499692
11099238.589798166667704 1547615.879917969999648
11099238.888378895834241 1547610.803957032500396
11099238.888378895834241 1547611.102542970000352
11099238.888378895834241 1547611.401128907500308
11099238.888378895834241 1547611.699714845000264
11099238.888378895834241 1547611.998300782500220
11099238.888378895834241 1547612.296886720000176
11099238.888378895834241 1547612.595472657500132
11099238.888378895834241 1547612.894058595000088
11099238.888378895834241 1547613.192644532500044
11099238.888378895834241 1547613.491230470000000
11099238.888378895834241 1547613.789816407499956
11099238.888378895834241 1547614.088402344999912
11099238.888378895834241 1547614.386988282499868
11099238.888378895834241 1547614.685574219999824
11099238.888378895834241 1547614.984160157499780
11099238.888378895834241 1547615.282746094999736
11099238.888378895834241 1547615.581332032499692
11099238.888378895834241 1547615.879917969999648
11099239.186959625000778 1547610.803957032500396
11099239.186959625000778 1547611.102542970000352
11099239.186959625000778 1547611.401128907500308
11099239.186959625000778 1547611.699714845000264
11099239.186959625000778 1547611.998300782500220
11099239.186959625000778 1547612.296886720000176
11099239.186959625000778 1547612.595472657500132
11099239.186959625000778 1547612.894058595000088
11099239.186959625000778 1547613.192644532500044
11099239.186959625000778 1547613.491230470000000
11099239.186959625000778 1547613.789816407499956
11099239.186959625000778 1547614.088402344999912
11099239.186959625000778 1547614.386988282499868
11099239.186959625000778 1547614.685574219999824
11099239.186959625000778 1547614.984160157499780
11099239.186959625000778 1547615.282746094999736
11099239.186959625000778 1547615.581332032499692
11099239.186959625000778 1547615.879917969999648
11099239.485540354167315 1547610.803957032500396
11099239.485540354167315 1547611.102542970000352
11099239.485540354167315 1547611.401128907500308
11099239.485540354167315 1547611.699714845000264
11099239.485540354167315 1547611.998300782500220
11099239.485540354167315 1547612.296886720000176
11099239.485540354167315 1547612.595472657500132
11099239.485540354167315 1547612.894058595000088
11099239.485540354167315 1547613.192644532500044
11099239.485540354167315 1547613.491230470000000
11099239.485540354167315 1547613.789816407499956
11099239.485540354167315 1547614.088402344999912
11099239.485540354167315 1547614.386988282499868
11099239.485540354167315 1547614.685574219999824
11099239.485540354167315 1547614.984160157499780
11099239.485540354167315 1547615.282746094999736
11099239.485540354167315 1547615.581332032499692
11099239.485540354167315 1547615.879917969999648
11099239.784121083333852 1547610.803957032500396
11099239.784121083333852 1547611.102542970000352
11099239.784121083333852 1547611.401128907500308
11099239.784121083333852 1547611.699714845000264
11099239.784121083333852 1547611.998300782500220
11099239.784121083333852 1547612.296886720000176
11099239.784121083333852 1547612.595472657500132
11099239.784121083333852 1547612.894058595000088
11099239.784121083333852 1547613.192644532500044
11099239.784121083333852 1547613.491230470000000
11099239.784121083333852 1547613.789816407499956
11099239.784121083333852 1547614.088402344999912
11099239.784121083333852 1547614.386988282499868
11099239.784121083333852 1547614.685574219999824
11099239.784121083333852 1547614.984160157499780
11099239.784121083333852 1547615.282746094999736
11099239.784121083333852 1547615.581332032499692
11099239.784121083333852 1547615.879917969999648
11099240.082701812500389 1547610.803957032500396
11099240.082701812500389 1547611.102542970000352
11099240.082701812500389 1547611.401128907500308
11099240.082701812500389 1547611.699714845000264
11099240.082701812500389 1547611.998300782500220
11099240.082701812500389 1547612.296886720000176
11099240.082701812500389 1547612.595472657500132
11099240.082701812500389 1547612.894058595000088
11099240.082701812500389 1547613.192644532500044
11099240.082701812500389 1547613.491230470000000
11099240.082701812500389 1547613.789816407499956
11099240.082701812500389 1547614.088402344999912
11099240.082701812500389 1547614.386988282499868
11099240.082701812500389 1547614.685574219999824
11099240.082701812500389 1547614.984160157499780
11099240.082701812500389 1547615.282746094999736
11099240.082701812500389 1547615.581332032499692
11099240.082701812500389 1547615.879917969999648
11099240.381282541666926 1547610.803957032500396
11099240.381282541666926 1547611.102542970000352
11099240.381282541666926 1547611.401128907500308
11099240.381282541666926 1547611.699714845000264
11099240.381282541666926 1547611.998300782500220
11099240.381282541666926 1547612.296886720000176
11099240.381282541666926 1547612.595472657500132
11099240.381282541666926 1547612.894058595000088
11099240.381282541666926 1547613.192644532500044
11099240.381282541666926 1547613.491230470000000
11099240.381282541666926 1547613.789816407499956
11099240.381282541666926 1547614.088402344999912
11099240.381282541666926 1547614.386988282499868
11099240.381282541666926 1547614.685574219999824
11099240.381282541666926 1547614.984160157499780
11099240.381282541666926 1547615.282746094999736
11099240.381282541666926 1547615.581332032499692
11099240.381282541666926 1547615.879917969999648
11099240.679863270833463 1547610.803957032500396
11099240.679863270833463 1547611.102542970000352
11099240.679863270833463 1547611.401128907500308
11099240.679863270833463 1547611.699714845000264
11099240.679863270833463 1547611.998300782500220
11099240.679863270833463 1547612.296886720000176
11099240.679863270833463 1547612.595472657500132
11099240.679863270833463 1547612.894058595000088
11099240.679863270833463 1547613.192644532500044
11099240.679863270833463 1547613.491230470000000
11099240.679863270833463 1547613.789816407499956
11099240.679863270833463 1547614.088402344999912
11099240.679863270833463 1547614.386988282499868
11099240.679863270833463 1547614.685574219999824
11099240.679863270833463 1547614.984160157499780
11099240.679863270833463 1547615.282746094999736
11099240.679863270833463 1547615.581332032499692
11099240.679863270833463 1547615.879917969999648
11099240.978444000000000 1547610.803957032500396
11099240.978444000000000 1547611.102542970000352
11099240.978444000000000 1547611.401128907500308
11099240.978444000000000 1547611.699714845000264
11099240.978444000000000 1547611.998300782500220
11099240.978444000000000 1547612.296886720000176
11099240.978444000000000 1547612.595472657500132
11099240.978444000000000 1547612.894058595000088
11099240.978444000000000 1547613.192644532500044
11099240.978444000000000 1547613.491230470000000
11099240.978444000000000 1547613.789816407499956
11099240.978444000000000 1547614.088402344999912
11099240.978444000000000 1547614.386988282499868
11099240.978444000000000 1547614.685574219999824
11099240.978444000000000 1547614.984160157499780
11099240.978444000000000 1547615.282746094999736
11099240.978444000000000 1547615.581332032499692
11099240.978444000000000 1547615.879917969999648
11099241.277024729166537 1547610.803957032500396
11099241.277024729166537 1547611.102542970000352
11099241.277024729166537 1547611.401128907500308
11099241.277024729166537 1547611.699714845000264
11099241.277024729166537 1547611.998300782500220
11099241.277024729166537 1547612.296886720000176
11099241.277024729166537 1547612.595472657500132
11099241.277024729166537 1547612.894058595000088
11099241.277024729166537 1547613.192644532500044
11099241.277024729166537 1547613.491230470000000
11099241.277024729166537 1547613.789816407499956
11099241.277024729166537 1547614.088402344999912
11099241.277024729166537 1547614.386988282499868
11099241.277024729166537 1547614.685574219999824
11099241.277024729166537 1547614.984160157499780
11099241.277024729166537 1547615.282746094999736
11099241.277024729166537 1547615.581332032499692
11099241.277024729166537 1547615.879917969999648
11099241.575605458333074 1547610.803957032500396
11099241.575605458333074 1547611.102542970000352
11099241.575605458333074 1547611.401128907500308
11099241.575605458333074 1547611.699714845000264
11099241.575605458333074 1547611.998300782500220
11099241.575605458333074 1547612.296886720000176
11099241.575605458333074 1547612.595472657500132
11099241.575605458333074 1547612.894058595000088
11099241.575605458333074 1547613.192644532500044
11099241.575605458333074 1547613.491230470000000
11099241.575605458333074 1547613.789816407499956
11099241.575605458333074 1547614.088402344999912
11099241.575605458333074 1547614.386988282499868
11099241.575605458333074 1547614.685574219999824
11099241.575605458333074 1547614.984160157499780
11099241.575605458333074 1547615.282746094999736
11099241.575605458333074 1547615.581332032499692
11099241.575605458333074 1547615.879917969999648
11099241.874186187499611 1547610.803957032500396
11099241.874186187499611 1547611.102542970000352
11099241.874186187499611 1547611.401128907500308
11099241.874186187499611 1547611.699714845000264
11099241.874186187499611 1547611.998300782500220
11099241.874186187499611 1547612.296886720000176
11099241.874186187499611 1547612.595472657500132
11099241.874186187499611 1547612.894058595000088
11099241.874186187499611 1547613.192644532500044
11099241.874186187499611 1547613.491230470000000
11099241.874186187499611 1547613.789816407499956
11099241.874186187499611 1547614.088402344999912
11099241.874186187499611 1547614.386988282499868
11099241.874186187499611 1547614.685574219999824
11099241.874186187499611 1547614.984160157499780
11099241.874186187499611 1547615.282746094999736
11099241.874186187499611 1547615.581332032499692
11099241.874186187499611 1547615.879917969999648
11099242.172766916666148 1547610.803957032500396
11099242.172766916666148 1547611.102542970000352
11099242.172766916666148 1547611.401128907500308
11099242.172766916666148 1547611.699714845000264
11099242.172766916666148 1547611.998300782500220
11099242.172766916666148 1547612.296886720000176
11099242.172766916666148 1547612.595472657500132
11099242.172766916666148 1547612.894058595000088
11099242.172766916666148 1547613.192644532500044
11099242.172766916666148 1547613.491230470000000
11099242.172766916666148 1547613.789816407499956
11099242.172766916666148 1547614.088402344999912
11099242.172766916666148 1547614.386988282499868
11099242.172766916666148 1547614.685574219999824
11099242.172766916666148 1547614.984160157499780
11099242.172766916666148 1547615.282746094999736
11099242.172766916666148 1547615.581332032499692
11099242.172766916666148 1547615.879917969999648
11099242.471347645832685 1547610.803957032500396
11099242.471347645832685 1547611.102542970000352
11099242.471347645832685 1547611.401128907500308
11099242.471347645832685 1547611.699714845000264
11099242.471347645832685 1547611.998300782500220
11099242.471347645832685 1547612.296886720000176
11099242.471347645832685 1547612.595472657500132
11099242.471347645832685 1547612.894058595000088
11099242.471347645832685 1547613.192644532500044
11099242.471347645832685 1547613.491230470000000
11099242.471347645832685 1547613.789816407499956
11099242.471347645832685 1547614.088402344999912
11099242.471347645832685 1547614.386988282499868
11099242.471347645832685 1547614.685574219999824
11099242.471347645832685 1547614.984160157499780
11099242.471347645832685 1547615.282746094999736
11099242.471347645832685 1547615.581332032499692
11099242.471347645832685 1547615.879917969999648
11099242.769928374999222 1547610.803957032500396
11099242.769928374999222 1547611.102542970000352
11099242.769928374999222 1547611.401128907500308
11099242.769928374999222 1547611.699714845000264
11099242.769928374999222 1547611.998300782500220
11099242.769928374999222 1547612.296886720000176
11099242.769928374999222 1547612.595472657500132
11099242.769928374999222 1547612.894058595000088
11099242.769928374999222 1547613.192644532500044
11099242.769928374999222 1547613.491230470000000
11099242.769928374999222 1547613.789816407499956
11099242.769928374999222 1547614.088402344999912
11099242.769928374999222 1547614.386988282499868
11099242.769928374999222 1547614.685574219999824
11099242.769928374999222 1547614.984160157499780
11099242.769928374999222 1547615.282746094999736
11099242.769928374999222 1547615.581332032499692
11099242.769928374999222 1547615.879917969999648
11099243.068509104165759 1547610.803957032500396
11099243.068509104165759 1547611.102542970000352
11099243.068509104165759 1547611.401128907500308
11099243.068509104165759 1547611.699714845000264
11099243.068509104165759 1547611.998300782500220
11099243.068509104165759 1547612.296886720000176
11099243.068509104165759 1547612.595472657500132
11099243.068509104165759 1547612.894058595000088
11099243.068509104165759 1547613.192644532500044
11099243.068509104165759 1547613.491230470000000
11099243.068509104165759 1547613.789816407499956
11099243.068509104165759 1547614.088402344999912
11099243.068509104165759 1547614.386988282499868
11099243.068509104165759 1547614.685574219999824
11099243.068509104165759 1547614.984160157499780
11099243.068509104165759 1547615.282746094999736
11099243.068509104165759 1547615.581332032499692
11099243.068509104165759 1547615.879917969999648
11099243.367089833332296 1547610.803957032500396
11099243.367089833332296 1547611.102542970000352
11099243.367089833332296 1547611.401128907500308
11099243.367089833332296 1547611.699714845000264
11099243.367089833332296 1547611.998300782500220
11099243.367089833332296 1547612.296886720000176
11099243.367089833332296 1547612.595472657500132
11099243.367089833332296 1547612.894058595000088
11099243.367089833332296 1547613.192644532500044
11099243.367089833332296 1547613.491230470000000
11099243.367089833332296 1547613.789816407499956
11099243.367089833332296 1547614.088402344999912
11099243.367089833332296 1547614.386988282499868
11099243.367089833332296 1547614.685574219999824
11099243.367089833332296 1547614.984160157499780
11099243.367089833332296 1547615.282746094999736
11099243.367089833332296 1547615.581332032499692
11099243.367089833332296 1547615.879917969999648
