11099109.901503937501167 1547833.250480472500396
11099109.901503937501167 1547833.549066410000352
11099109.901503937501167 1547833.847652347500308
11099109.901503937501167 1547834.146238285000264
11099109.901503937501167 1547834.444824222500220
11099109.901503937501167 1547834.743410160000176
11099109.901503937501167 1547835.041996097500132
11099109.901503937501167 1547835.340582035000088
11099109.901503937501167 1547835.639167972500044
11099109.901503937501167 1547835.937753910000000
11099109.901503937501167 1547836.236339847499956
11099109.901503937501167 1547836.534925784999912
11099109.901503937501167 1547836.833511722499868
11099109.901503937501167 1547837.132097659999824
11099109.901503937501167 1547837.430683597499780
11099109.901503937501167 1547837.729269534999736
11099109.901503937501167 1547838.027855472499692
11099109.901503937501167 1547838.326441409999648
11099110.200084666667704 1547833.250480472500396
11099110.200084666667704 1547833.549066410000352
11099110.200084666667704 1547833.847652347500308
11099110.200084666667704 1547834.146238285000264
11099110.200084666667704 1547834.444824222500220
11099110.200084666667704 1547834.743410160000176
11099110.200084666667704 1547835.041996097500132
11099110.200084666667704 1547835.340582035000088
11099110.200084666667704 1547835.639167972500044
11099110.200084666667704 1547835.937753910000000
11099110.200084666667704 1547836.236339847499956
11099110.200084666667704 1547836.534925784999912
11099110.200084666667704 1547836.833511722499868
11099110.200084666667704 1547837.132097659999824
11099110.200084666667704 1547837.430683597499780
11099110.200084666667704 1547837.729269534999736
11099110.200084666667704 1547838.027855472499692
11099110.200084666667704 1547838.326441409999648
11099110.498665395834241 1547833.250480472500396
11099110.498665395834241 1547833.549066410000352
11099110.498665395834241 1547833.847652347500308
11099110.498665395834241 1547834.146238285000264
11099110.498665395834241 1547834.444824222500220
11099110.498665395834241 1547834.743410160000176
11099110.498665395834241 1547835.041996097500132
11099110.498665395834241 1547835.340582035000088
11099110.498665395834241 1547835.639167972500044
11099110.498665395834241 1547835.937753910000000
11099110.498665395834241 1547836.236339847499956
11099110.498665395834241 1547836.534925784999912
11099110.498665395834241 1547836.833511722499868
11099110.498665395834241 1547837.132097659999824
11099110.498665395834241 1547837.430683597499780
11099110.498665395834241 1547837.729269534999736
11099110.498665395834241 1547838.027855472499692
11099110.498665395834241 1547838.326441409999648
11099110.797246125000778 1547833.250480472500396
11099110.797246125000778 1547833.549066410000352
11099110.797246125000778 1547833.847652347500308
11099110.797246125000778 1547834.146238285000264
11099110.797246125000778 1547834.444824222500220
11099110.797246125000778 1547834.743410160000176
11099110.797246125000778 1547835.041996097500132
11099110.797246125000778 1547835.340582035000088
11099110.797246125000778 1547835.639167972500044
11099110.797246125000778 1547835.937753910000000
11099110.797246125000778 1547836.236339847499956
11099110.797246125000778 1547836.534925784999912
11099110.797246125000778 1547836.833511722499868
11099110.797246125000778 1547837.132097659999824
11099110.797246125000778 1547837.430683597499780
11099110.797246125000778 1547837.729269534999736
11099110.797246125000778 1547838.027855472499692
11099110.797246125000778 1547838.326441409999648
11099111.095826854167315 1547833.250480472500396
11099111.095826854167315 1547833.549066410000352
11099111.095826854167315 1547833.847652347500308
11099111.095826854167315 1547834.146238285000264
11099111.095826854167315 1547834.444824222500220
11099111.095826854167315 1547834.743410160000176
11099111.095826854167315 1547835.041996097500132
11099111.095826854167315 1547835.340582035000088
11099111.095826854167315 1547835.639167972500044
11099111.095826854167315 1547835.937753910000000
11099111.095826854167315 1547836.236339847499956
11099111.095826854167315 1547836.534925784999912
11099111.095826854167315 1547836.833511722499868
11099111.095826854167315 1547837.132097659999824
11099111.095826854167315 1547837.430683597499780
11099111.095826854167315 1547837.729269534999736
11099111.095826854167315 1547838.027855472499692
11099111.095826854167315 1547838.326441409999648
11099111.394407583333852 1547833.250480472500396
11099111.394407583333852 1547833.549066410000352
11099111.394407583333852 1547833.847652347500308
11099111.394407583333852 1547834.146238285000264
11099111.394407583333852 1547834.444824222500220
11099111.394407583333852 1547834.743410160000176
11099111.394407583333852 1547835.041996097500132
11099111.394407583333852 1547835.340582035000088
11099111.394407583333852 1547835.639167972500044
11099111.394407583333852 1547835.937753910000000
11099111.394407583333852 1547836.236339847499956
11099111.394407583333852 1547836.534925784999912
11099111.394407583333852 1547836.833511722499868
11099111.394407583333852 1547837.132097659999824
11099111.394407583333852 1547837.430683597499780
11099111.394407583333852 1547837.729269534999736
11099111.394407583333852 1547838.027855472499692
11099111.394407583333852 1547838.326441409999648
11099111.692988312500389 1547833.250480472500396
11099111.692988312500389 1547833.549066410000352
11099111.692988312500389 1547833.847652347500308
11099111.692988312500389 1547834.146238285000264
11099111.692988312500389 1547834.444824222500220
11099111.692988312500389 1547834.743410160000176
11099111.692988312500389 1547835.041996097500132
11099111.692988312500389 1547835.340582035000088
11099111.692988312500389 1547835.639167972500044
11099111.692988312500389 1547835.937753910000000
11099111.692988312500389 1547836.236339847499956
11099111.692988312500389 1547836.534925784999912
11099111.692988312500389 1547836.833511722499868
11099111.692988312500389 1547837.132097659999824
11099111.692988312500389 1547837.430683597499780
11099111.692988312500389 1547837.729269534999736
11099111.692988312500389 1547838.027855472499692
11099111.692988312500389 1547838.326441409999648
11099111.991569041666926 1547833.250480472500396
11099111.991569041666926 1547833.549066410000352
11099111.991569041666926 1547833.847652347500308
11099111.991569041666926 1547834.146238285000264
11099111.991569041666926 1547834.444824222500220
11099111.991569041666926 1547834.743410160000176
11099111.991569041666926 1547835.041996097500132
11099111.991569041666926 1547835.340582035000088
11099111.991569041666926 1547835.639167972500044
11099111.991569041666926 1547835.937753910000000
11099111.991569041666926 1547836.236339847499956
11099111.991569041666926 1547836.534925784999912
11099111.991569041666926 1547836.833511722499868
11099111.991569041666926 1547837.132097659999824
11099111.991569041666926 1547837.430683597499780
11099111.991569041666926 1547837.729269534999736
11099111.991569041666926 1547838.027855472499692
11099111.991569041666926 1547838.326441409999648
11099112.290149770833463 1547833.250480472500396
11099112.290149770833463 1547833.549066410000352
11099112.290149770833463 1547833.847652347500308
11099112.290149770833463 1547834.146238285000264
11099112.290149770833463 1547834.444824222500220
11099112.290149770833463 1547834.743410160000176
11099112.290149770833463 1547835.041996097500132
11099112.290149770833463 1547835.340582035000088
11099112.290149770833463 1547835.639167972500044
11099112.290149770833463 1547835.937753910000000
11099112.290149770833463 1547836.236339847499956
11099112.290149770833463 1547836.534925784999912
11099112.290149770833463 1547836.833511722499868
11099112.290149770833463 1547837.132097659999824
11099112.290149770833463 1547837.430683597499780
11099112.290149770833463 1547837.729269534999736
11099112.290149770833463 1547838.027855472499692
11099112.290149770833463 1547838.326441409999648
11099112.588730500000000 1547833.250480472500396
11099112.588730500000000 1547833.549066410000352
11099112.588730500000000 1547833.847652347500308
11099112.588730500000000 1547834.146238285000264
11099112.588730500000000 1547834.444824222500220
11099112.588730500000000 1547834.743410160000176
11099112.588730500000000 1547835.041996097500132
11099112.588730500000000 1547835.340582035000088
11099112.588730500000000 1547835.639167972500044
11099112.588730500000000 1547835.937753910000000
11099112.588730500000000 1547836.236339847499956
11099112.588730500000000 1547836.534925784999912
11099112.588730500000000 1547836.833511722499868
11099112.588730500000000 1547837.132097659999824
11099112.588730500000000 1547837.430683597499780
11099112.588730500000000 1547837.729269534999736
11099112.588730500000000 1547838.027855472499692
11099112.588730500000000 1547838.326441409999648
11099112.887311229166537 1547833.250480472500396
11099112.887311229166537 1547833.549066410000352
11099112.887311229166537 1547833.847652347500308
11099112.887311229166537 1547834.146238285000264
11099112.887311229166537 1547834.444824222500220
11099112.887311229166537 1547834.743410160000176
11099112.887311229166537 1547835.041996097500132
11099112.887311229166537 1547835.340582035000088
11099112.887311229166537 1547835.639167972500044
11099112.887311229166537 1547835.937753910000000
11099112.887311229166537 1547836.236339847499956
11099112.887311229166537 1547836.534925784999912
11099112.887311229166537 1547836.833511722499868
11099112.887311229166537 1547837.132097659999824
11099112.887311229166537 1547837.430683597499780
11099112.887311229166537 1547837.729269534999736
11099112.887311229166537 1547838.027855472499692
11099112.887311229166537 1547838.326441409999648
11099113.185891958333074 1547833.250480472500396
11099113.185891958333074 1547833.549066410000352
11099113.185891958333074 1547833.847652347500308
11099113.185891958333074 1547834.146238285000264
11099113.185891958333074 1547834.444824222500220
11099113.185891958333074 1547834.743410160000176
11099113.185891958333074 1547835.041996097500132
11099113.185891958333074 1547835.340582035000088
11099113.185891958333074 1547835.639167972500044
11099113.185891958333074 1547835.937753910000000
11099113.185891958333074 1547836.236339847499956
11099113.185891958333074 1547836.534925784999912
11099113.185891958333074 1547836.833511722499868
11099113.185891958333074 1547837.132097659999824
11099113.185891958333074 1547837.430683597499780
11099113.185891958333074 1547837.729269534999736
11099113.185891958333074 1547838.027855472499692
11099113.185891958333074 1547838.326441409999648
11099113.484472687499611 1547833.250480472500396
11099113.484472687499611 1547833.549066410000352
11099113.484472687499611 1547833.847652347500308
11099113.484472687499611 1547834.146238285000264
11099113.484472687499611 1547834.444824222500220
11099113.484472687499611 1547834.743410160000176
11099113.484472687499611 1547835.041996097500132
11099113.484472687499611 1547835.340582035000088
11099113.484472687499611 1547835.639167972500044
11099113.484472687499611 1547835.937753910000000
11099113.484472687499611 1547836.236339847499956
11099113.484472687499611 1547836.534925784999912
11099113.484472687499611 1547836.833511722499868
11099113.484472687499611 1547837.132097659999824
11099113.484472687499611 1547837.430683597499780
11099113.484472687499611 1547837.729269534999736
11099113.484472687499611 1547838.027855472499692
11099113.484472687499611 1547838.326441409999648
11099113.783053416666148 1547833.250480472500396
11099113.783053416666148 1547833.549066410000352
11099113.783053416666148 1547833.847652347500308
11099113.783053416666148 1547834.146238285000264
11099113.783053416666148 1547834.444824222500220
11099113.783053416666148 1547834.743410160000176
11099113.783053416666148 1547835.041996097500132
11099113.783053416666148 1547835.340582035000088
11099113.783053416666148 1547835.639167972500044
11099113.783053416666148 1547835.937753910000000
11099113.783053416666148 1547836.236339847499956
11099113.783053416666148 1547836.534925784999912
11099113.783053416666148 1547836.833511722499868
11099113.783053416666148 1547837.132097659999824
11099113.783053416666148 1547837.430683597499780
11099113.783053416666148 1547837.729269534999736
11099113.783053416666148 1547838.027855472499692
11099113.783053416666148 1547838.326441409999648
11099114.081634145832685 1547833.250480472500396
11099114.081634145832685 1547833.549066410000352
11099114.081634145832685 1547833.847652347500308
11099114.081634145832685 1547834.146238285000264
11099114.081634145832685 1547834.444824222500220
11099114.081634145832685 1547834.743410160000176
11099114.081634145832685 1547835.041996097500132
11099114.081634145832685 1547835.340582035000088
11099114.081634145832685 1547835.639167972500044
11099114.081634145832685 1547835.937753910000000
11099114.081634145832685 1547836.236339847499956
11099114.081634145832685 1547836.534925784999912
11099114.081634145832685 1547836.833511722499868
11099114.081634145832685 1547837.132097659999824
11099114.081634145832685 1547837.430683597499780
11099114.081634145832685 1547837.729269534999736
11099114.081634145832685 1547838.027855472499692
11099114.081634145832685 1547838.326441409999648
11099114.380214874999222 1547833.250480472500396
11099114.380214874999222 1547833.549066410000352
11099114.380214874999222 1547833.847652347500308
11099114.380214874999222 1547834.146238285000264
11099114.380214874999222 1547834.444824222500220
11099114.380214874999222 1547834.743410160000176
11099114.380214874999222 1547835.041996097500132
11099114.380214874999222 1547835.340582035000088
11099114.380214874999222 1547835.639167972500044
11099114.380214874999222 1547835.937753910000000
11099114.380214874999222 1547836.236339847499956
11099114.380214874999222 1547836.534925784999912
11099114.380214874999222 1547836.833511722499868
11099114.380214874999222 1547837.132097659999824
11099114.380214874999222 1547837.430683597499780
11099114.380214874999222 1547837.729269534999736
11099114.380214874999222 1547838.027855472499692
11099114.380214874999222 1547838.326441409999648
11099114.678795604165759 1547833.250480472500396
11099114.678795604165759 1547833.549066410000352
11099114.678795604165759 1547833.847652347500308
11099114.678795604165759 1547834.146238285000264
11099114.678795604165759 1547834.444824222500220
11099114.678795604165759 1547834.743410160000176
11099114.678795604165759 1547835.041996097500132
11099114.678795604165759 1547835.340582035000088
11099114.678795604165759 1547835.639167972500044
11099114.678795604165759 1547835.937753910000000
11099114.678795604165759 1547836.236339847499956
11099114.678795604165759 1547836.534925784999912
11099114.678795604165759 1547836.833511722499868
11099114.678795604165759 1547837.132097659999824
11099114.678795604165759 1547837.430683597499780
11099114.678795604165759 1547837.729269534999736
11099114.678795604165759 1547838.027855472499692
11099114.678795604165759 1547838.326441409999648
11099114.977376333332296 1547833.250480472500396
11099114.977376333332296 1547833.549066410000352
11099114.977376333332296 1547833.847652347500308
11099114.977376333332296 1547834.146238285000264
11099114.977376333332296 1547834.444824222500220
11099114.977376333332296 1547834.743410160000176
11099114.977376333332296 1547835.041996097500132
11099114.977376333332296 1547835.340582035000088
11099114.977376333332296 1547835.639167972500044
11099114.977376333332296 1547835.937753910000000
11099114.977376333332296 1547836.236339847499956
11099114.977376333332296 1547836.534925784999912
11099114.977376333332296 1547836.833511722499868
11099114.977376333332296 1547837.132097659999824
11099114.977376333332296 1547837.430683597499780
11099114.977376333332296 1547837.729269534999736
11099114.977376333332296 1547838.027855472499692
11099114.977376333332296 1547838.326441409999648
