11099221.869277337501167 1547663.653667972500396
11099221.869277337501167 1547663.952253910000352
11099221.869277337501167 1547664.250839847500308
11099221.869277337501167 1547664.549425785000264
11099221.869277337501167 1547664.848011722500220
11099221.869277337501167 1547665.146597660000176
11099221.869277337501167 1547665.445183597500132
11099221.869277337501167 1547665.743769535000088
11099221.869277337501167 1547666.042355472500044
11099221.869277337501167 1547666.340941410000000
11099221.869277337501167 1547666.639527347499956
11099221.869277337501167 1547666.938113284999912
11099221.869277337501167 1547667.236699222499868
11099221.869277337501167 1547667.535285159999824
11099221.869277337501167 1547667.833871097499780
11099221.869277337501167 1547668.132457034999736
11099221.869277337501167 1547668.431042972499692
11099221.869277337501167 1547668.729628909999648
11099222.167858066667704 1547663.653667972500396
11099222.167858066667704 1547663.952253910000352
11099222.167858066667704 1547664.250839847500308
11099222.167858066667704 1547664.549425785000264
11099222.167858066667704 1547664.848011722500220
11099222.167858066667704 1547665.146597660000176
11099222.167858066667704 1547665.445183597500132
11099222.167858066667704 1547665.743769535000088
11099222.167858066667704 1547666.042355472500044
11099222.167858066667704 1547666.340941410000000
11099222.167858066667704 1547666.639527347499956
11099222.167858066667704 1547666.938113284999912
11099222.167858066667704 1547667.236699222499868
11099222.167858066667704 1547667.535285159999824
11099222.167858066667704 1547667.833871097499780
11099222.167858066667704 1547668.132457034999736
11099222.167858066667704 1547668.431042972499692
11099222.167858066667704 1547668.729628909999648
11099222.466438795834241 1547663.653667972500396
11099222.466438795834241 1547663.952253910000352
11099222.466438795834241 1547664.250839847500308
11099222.466438795834241 1547664.549425785000264
11099222.466438795834241 1547664.848011722500220
11099222.466438795834241 1547665.146597660000176
11099222.466438795834241 1547665.445183597500132
11099222.466438795834241 1547665.743769535000088
11099222.466438795834241 1547666.042355472500044
11099222.466438795834241 1547666.340941410000000
11099222.466438795834241 1547666.639527347499956
11099222.466438795834241 1547666.938113284999912
11099222.466438795834241 1547667.236699222499868
11099222.466438795834241 1547667.535285159999824
11099222.466438795834241 1547667.833871097499780
11099222.466438795834241 1547668.132457034999736
11099222.466438795834241 1547668.431042972499692
11099222.466438795834241 1547668.729628909999648
11099222.765019525000778 1547663.653667972500396
11099222.765019525000778 1547663.952253910000352
11099222.765019525000778 1547664.250839847500308
11099222.765019525000778 1547664.549425785000264
11099222.765019525000778 1547664.848011722500220
11099222.765019525000778 1547665.146597660000176
11099222.765019525000778 1547665.445183597500132
11099222.765019525000778 1547665.743769535000088
11099222.765019525000778 1547666.042355472500044
11099222.765019525000778 1547666.340941410000000
11099222.765019525000778 1547666.639527347499956
11099222.765019525000778 1547666.938113284999912
11099222.765019525000778 1547667.236699222499868
11099222.765019525000778 1547667.535285159999824
11099222.765019525000778 1547667.833871097499780
11099222.765019525000778 1547668.132457034999736
11099222.765019525000778 1547668.431042972499692
11099222.765019525000778 1547668.729628909999648
11099223.063600254167315 1547663.653667972500396
11099223.063600254167315 1547663.952253910000352
11099223.063600254167315 1547664.250839847500308
11099223.063600254167315 1547664.549425785000264
11099223.063600254167315 1547664.848011722500220
11099223.063600254167315 1547665.146597660000176
11099223.063600254167315 1547665.445183597500132
11099223.063600254167315 1547665.743769535000088
11099223.063600254167315 1547666.042355472500044
11099223.063600254167315 1547666.340941410000000
11099223.063600254167315 1547666.639527347499956
11099223.063600254167315 1547666.938113284999912
11099223.063600254167315 1547667.236699222499868
11099223.063600254167315 1547667.535285159999824
11099223.063600254167315 1547667.833871097499780
11099223.063600254167315 1547668.132457034999736
11099223.063600254167315 1547668.431042972499692
11099223.063600254167315 1547668.729628909999648
11099223.362180983333852 1547663.653667972500396
11099223.362180983333852 1547663.952253910000352
11099223.362180983333852 1547664.250839847500308
11099223.362180983333852 1547664.549425785000264
11099223.362180983333852 1547664.848011722500220
11099223.362180983333852 1547665.146597660000176
11099223.362180983333852 1547665.445183597500132
11099223.362180983333852 1547665.743769535000088
11099223.362180983333852 1547666.042355472500044
11099223.362180983333852 1547666.340941410000000
11099223.362180983333852 1547666.639527347499956
11099223.362180983333852 1547666.938113284999912
11099223.362180983333852 1547667.236699222499868
11099223.362180983333852 1547667.535285159999824
11099223.362180983333852 1547667.833871097499780
11099223.362180983333852 1547668.132457034999736
11099223.362180983333852 1547668.431042972499692
11099223.362180983333852 1547668.729628909999648
11099223.660761712500389 1547663.653667972500396
11099223.660761712500389 1547663.952253910000352
11099223.660761712500389 1547664.250839847500308
11099223.660761712500389 1547664.549425785000264
11099223.660761712500389 1547664.848011722500220
11099223.660761712500389 1547665.146597660000176
11099223.660761712500389 1547665.445183597500132
11099223.660761712500389 1547665.743769535000088
11099223.660761712500389 1547666.042355472500044
11099223.660761712500389 1547666.340941410000000
11099223.660761712500389 1547666.639527347499956
11099223.660761712500389 1547666.938113284999912
11099223.660761712500389 1547667.236699222499868
11099223.660761712500389 1547667.535285159999824
11099223.660761712500389 1547667.833871097499780
11099223.660761712500389 1547668.132457034999736
11099223.660761712500389 1547668.431042972499692
11099223.660761712500389 1547668.729628909999648
11099223.959342441666926 1547663.653667972500396
11099223.959342441666926 1547663.952253910000352
11099223.959342441666926 1547664.250839847500308
11099223.959342441666926 1547664.549425785000264
11099223.959342441666926 1547664.848011722500220
11099223.959342441666926 1547665.146597660000176
11099223.959342441666926 1547665.445183597500132
11099223.959342441666926 1547665.743769535000088
11099223.959342441666926 1547666.042355472500044
11099223.959342441666926 1547666.340941410000000
11099223.959342441666926 1547666.639527347499956
11099223.959342441666926 1547666.938113284999912
11099223.959342441666926 1547667.236699222499868
11099223.959342441666926 1547667.535285159999824
11099223.959342441666926 1547667.833871097499780
11099223.959342441666926 1547668.132457034999736
11099223.959342441666926 1547668.431042972499692
11099223.959342441666926 1547668.729628909999648
11099224.257923170833463 1547663.653667972500396
11099224.257923170833463 1547663.952253910000352
11099224.257923170833463 1547664.250839847500308
11099224.257923170833463 1547664.549425785000264
11099224.257923170833463 1547664.848011722500220
11099224.257923170833463 1547665.146597660000176
11099224.257923170833463 1547665.445183597500132
11099224.257923170833463 1547665.743769535000088
11099224.257923170833463 1547666.042355472500044
11099224.257923170833463 1547666.340941410000000
11099224.257923170833463 1547666.639527347499956
11099224.257923170833463 1547666.938113284999912
11099224.257923170833463 1547667.236699222499868
11099224.257923170833463 1547667.535285159999824
11099224.257923170833463 1547667.833871097499780
11099224.257923170833463 1547668.132457034999736
11099224.257923170833463 1547668.431042972499692
11099224.257923170833463 1547668.729628909999648
11099224.556503900000000 1547663.653667972500396
11099224.556503900000000 1547663.952253910000352
11099224.556503900000000 1547664.250839847500308
11099224.556503900000000 1547664.549425785000264
11099224.556503900000000 1547664.848011722500220
11099224.556503900000000 1547665.146597660000176
11099224.556503900000000 1547665.445183597500132
11099224.556503900000000 1547665.743769535000088
11099224.556503900000000 1547666.042355472500044
11099224.556503900000000 1547666.340941410000000
11099224.556503900000000 1547666.639527347499956
11099224.556503900000000 1547666.938113284999912
11099224.556503900000000 1547667.236699222499868
11099224.556503900000000 1547667.535285159999824
11099224.556503900000000 1547667.833871097499780
11099224.556503900000000 1547668.132457034999736
11099224.556503900000000 1547668.431042972499692
11099224.556503900000000 1547668.729628909999648
11099224.855084629166537 1547663.653667972500396
11099224.855084629166537 1547663.952253910000352
11099224.855084629166537 1547664.250839847500308
11099224.855084629166537 1547664.549425785000264
11099224.855084629166537 1547664.848011722500220
11099224.855084629166537 1547665.146597660000176
11099224.855084629166537 1547665.445183597500132
11099224.855084629166537 1547665.743769535000088
11099224.855084629166537 1547666.042355472500044
11099224.855084629166537 1547666.340941410000000
11099224.855084629166537 1547666.639527347499956
11099224.855084629166537 1547666.938113284999912
11099224.855084629166537 1547667.236699222499868
11099224.855084629166537 1547667.535285159999824
11099224.855084629166537 1547667.833871097499780
11099224.855084629166537 1547668.132457034999736
11099224.855084629166537 1547668.431042972499692
11099224.855084629166537 1547668.729628909999648
11099225.153665358333074 1547663.653667972500396
11099225.153665358333074 1547663.952253910000352
11099225.153665358333074 1547664.250839847500308
11099225.153665358333074 1547664.549425785000264
11099225.153665358333074 1547664.848011722500220
11099225.153665358333074 1547665.146597660000176
11099225.153665358333074 1547665.445183597500132
11099225.153665358333074 1547665.743769535000088
11099225.153665358333074 1547666.042355472500044
11099225.153665358333074 1547666.340941410000000
11099225.153665358333074 1547666.639527347499956
11099225.153665358333074 1547666.938113284999912
11099225.153665358333074 1547667.236699222499868
11099225.153665358333074 1547667.535285159999824
11099225.153665358333074 1547667.833871097499780
11099225.153665358333074 1547668.132457034999736
11099225.153665358333074 1547668.431042972499692
11099225.153665358333074 1547668.729628909999648
11099225.452246087499611 1547663.653667972500396
11099225.452246087499611 1547663.952253910000352
11099225.452246087499611 1547664.250839847500308
11099225.452246087499611 1547664.549425785000264
11099225.452246087499611 1547664.848011722500220
11099225.452246087499611 1547665.146597660000176
11099225.452246087499611 1547665.445183597500132
11099225.452246087499611 1547665.743769535000088
11099225.452246087499611 1547666.042355472500044
11099225.452246087499611 1547666.340941410000000
11099225.452246087499611 1547666.639527347499956
11099225.452246087499611 1547666.938113284999912
11099225.452246087499611 1547667.236699222499868
11099225.452246087499611 1547667.535285159999824
11099225.452246087499611 1547667.833871097499780
11099225.452246087499611 1547668.132457034999736
11099225.452246087499611 1547668.431042972499692
11099225.452246087499611 1547668.729628909999648
11099225.750826816666148 1547663.653667972500396
11099225.750826816666148 1547663.952253910000352
11099225.750826816666148 1547664.250839847500308
11099225.750826816666148 1547664.549425785000264
11099225.750826816666148 1547664.848011722500220
11099225.750826816666148 1547665.146597660000176
11099225.750826816666148 1547665.445183597500132
11099225.750826816666148 1547665.743769535000088
11099225.750826816666148 1547666.042355472500044
11099225.750826816666148 1547666.340941410000000
11099225.750826816666148 1547666.639527347499956
11099225.750826816666148 1547666.938113284999912
11099225.750826816666148 1547667.236699222499868
11099225.750826816666148 1547667.535285159999824
11099225.750826816666148 1547667.833871097499780
11099225.750826816666148 1547668.132457034999736
11099225.750826816666148 1547668.431042972499692
11099225.750826816666148 1547668.729628909999648
11099226.049407545832685 1547663.653667972500396
11099226.049407545832685 1547663.952253910000352
11099226.049407545832685 1547664.250839847500308
11099226.049407545832685 1547664.549425785000264
11099226.049407545832685 1547664.848011722500220
11099226.049407545832685 1547665.146597660000176
11099226.049407545832685 1547665.445183597500132
11099226.049407545832685 1547665.743769535000088
11099226.049407545832685 1547666.042355472500044
11099226.049407545832685 1547666.340941410000000
11099226.049407545832685 1547666.639527347499956
11099226.049407545832685 1547666.938113284999912
11099226.049407545832685 1547667.236699222499868
11099226.049407545832685 1547667.535285159999824
11099226.049407545832685 1547667.833871097499780
11099226.049407545832685 1547668.132457034999736
11099226.049407545832685 1547668.431042972499692
11099226.049407545832685 1547668.729628909999648
11099226.347988274999222 1547663.653667972500396
11099226.347988274999222 1547663.952253910000352
11099226.347988274999222 1547664.250839847500308
11099226.347988274999222 1547664.549425785000264
11099226.347988274999222 1547664.848011722500220
11099226.347988274999222 1547665.146597660000176
11099226.347988274999222 1547665.445183597500132
11099226.347988274999222 1547665.743769535000088
11099226.347988274999222 1547666.042355472500044
11099226.347988274999222 1547666.340941410000000
11099226.347988274999222 1547666.639527347499956
11099226.347988274999222 1547666.938113284999912
11099226.347988274999222 1547667.236699222499868
11099226.347988274999222 1547667.535285159999824
11099226.347988274999222 1547667.833871097499780
11099226.347988274999222 1547668.132457034999736
11099226.347988274999222 1547668.431042972499692
11099226.347988274999222 1547668.729628909999648
11099226.646569004165759 1547663.653667972500396
11099226.646569004165759 1547663.952253910000352
11099226.646569004165759 1547664.250839847500308
11099226.646569004165759 1547664.549425785000264
11099226.646569004165759 1547664.848011722500220
11099226.646569004165759 1547665.146597660000176
11099226.646569004165759 1547665.445183597500132
11099226.646569004165759 1547665.743769535000088
11099226.646569004165759 1547666.042355472500044
11099226.646569004165759 1547666.340941410000000
11099226.646569004165759 1547666.639527347499956
11099226.646569004165759 1547666.938113284999912
11099226.646569004165759 1547667.236699222499868
11099226.646569004165759 1547667.535285159999824
11099226.646569004165759 1547667.833871097499780
11099226.646569004165759 1547668.132457034999736
11099226.646569004165759 1547668.431042972499692
11099226.646569004165759 1547668.729628909999648
11099226.945149733332296 1547663.653667972500396
11099226.945149733332296 1547663.952253910000352
11099226.945149733332296 1547664.250839847500308
11099226.945149733332296 1547664.549425785000264
11099226.945149733332296 1547664.848011722500220
11099226.945149733332296 1547665.146597660000176
11099226.945149733332296 1547665.445183597500132
11099226.945149733332296 1547665.743769535000088
11099226.945149733332296 1547666.042355472500044
11099226.945149733332296 1547666.340941410000000
11099226.945149733332296 1547666.639527347499956
11099226.945149733332296 1547666.938113284999912
11099226.945149733332296 1547667.236699222499868
11099226.945149733332296 1547667.535285159999824
11099226.945149733332296 1547667.833871097499780
11099226.945149733332296 1547668.132457034999736
11099226.945149733332296 1547668.431042972499692
11099226.945149733332296 1547668.729628909999648
