11099457.449472637501167 1547861.914730472500396
11099457.449472637501167 1547862.213316410000352
11099457.449472637501167 1547862.511902347500308
11099457.449472637501167 1547862.810488285000264
11099457.449472637501167 1547863.109074222500220
11099457.449472637501167 1547863.407660160000176
11099457.449472637501167 1547863.706246097500132
11099457.449472637501167 1547864.004832035000088
11099457.449472637501167 1547864.303417972500044
11099457.449472637501167 1547864.602003910000000
11099457.449472637501167 1547864.900589847499956
11099457.449472637501167 1547865.199175784999912
11099457.449472637501167 1547865.497761722499868
11099457.449472637501167 1547865.796347659999824
11099457.449472637501167 1547866.094933597499780
11099457.449472637501167 1547866.393519534999736
11099457.449472637501167 1547866.692105472499692
11099457.449472637501167 1547866.990691409999648
11099457.748053366667704 1547861.914730472500396
11099457.748053366667704 1547862.213316410000352
11099457.748053366667704 1547862.511902347500308
11099457.748053366667704 1547862.810488285000264
11099457.748053366667704 1547863.109074222500220
11099457.748053366667704 1547863.407660160000176
11099457.748053366667704 1547863.706246097500132
11099457.748053366667704 1547864.004832035000088
11099457.748053366667704 1547864.303417972500044
11099457.748053366667704 1547864.602003910000000
11099457.748053366667704 1547864.900589847499956
11099457.748053366667704 1547865.199175784999912
11099457.748053366667704 1547865.497761722499868
11099457.748053366667704 1547865.796347659999824
11099457.748053366667704 1547866.094933597499780
11099457.748053366667704 1547866.393519534999736
11099457.748053366667704 1547866.692105472499692
11099457.748053366667704 1547866.990691409999648
11099458.046634095834241 1547861.914730472500396
11099458.046634095834241 1547862.213316410000352
11099458.046634095834241 1547862.511902347500308
11099458.046634095834241 1547862.810488285000264
11099458.046634095834241 1547863.109074222500220
11099458.046634095834241 1547863.407660160000176
11099458.046634095834241 1547863.706246097500132
11099458.046634095834241 1547864.004832035000088
11099458.046634095834241 1547864.303417972500044
11099458.046634095834241 1547864.602003910000000
11099458.046634095834241 1547864.900589847499956
11099458.046634095834241 1547865.199175784999912
11099458.046634095834241 1547865.497761722499868
11099458.046634095834241 1547865.796347659999824
11099458.046634095834241 1547866.094933597499780
11099458.046634095834241 1547866.393519534999736
11099458.046634095834241 1547866.692105472499692
11099458.046634095834241 1547866.990691409999648
11099458.345214825000778 1547861.914730472500396
11099458.345214825000778 1547862.213316410000352
11099458.345214825000778 1547862.511902347500308
11099458.345214825000778 1547862.810488285000264
11099458.345214825000778 1547863.109074222500220
11099458.345214825000778 1547863.407660160000176
11099458.345214825000778 1547863.706246097500132
11099458.345214825000778 1547864.004832035000088
11099458.345214825000778 1547864.303417972500044
11099458.345214825000778 1547864.602003910000000
11099458.345214825000778 1547864.900589847499956
11099458.345214825000778 1547865.199175784999912
11099458.345214825000778 1547865.497761722499868
11099458.345214825000778 1547865.796347659999824
11099458.345214825000778 1547866.094933597499780
11099458.345214825000778 1547866.393519534999736
11099458.345214825000778 1547866.692105472499692
11099458.345214825000778 1547866.990691409999648
11099458.643795554167315 1547861.914730472500396
11099458.643795554167315 1547862.213316410000352
11099458.643795554167315 1547862.511902347500308
11099458.643795554167315 1547862.810488285000264
11099458.643795554167315 1547863.109074222500220
11099458.643795554167315 1547863.407660160000176
11099458.643795554167315 1547863.706246097500132
11099458.643795554167315 1547864.004832035000088
11099458.643795554167315 1547864.303417972500044
11099458.643795554167315 1547864.602003910000000
11099458.643795554167315 1547864.900589847499956
11099458.643795554167315 1547865.199175784999912
11099458.643795554167315 1547865.497761722499868
11099458.643795554167315 1547865.796347659999824
11099458.643795554167315 1547866.094933597499780
11099458.643795554167315 1547866.393519534999736
11099458.643795554167315 1547866.692105472499692
11099458.643795554167315 1547866.990691409999648
11099458.942376283333852 1547861.914730472500396
11099458.942376283333852 1547862.213316410000352
11099458.942376283333852 1547862.511902347500308
11099458.942376283333852 1547862.810488285000264
11099458.942376283333852 1547863.109074222500220
11099458.942376283333852 1547863.407660160000176
11099458.942376283333852 1547863.706246097500132
11099458.942376283333852 1547864.004832035000088
11099458.942376283333852 1547864.303417972500044
11099458.942376283333852 1547864.602003910000000
11099458.942376283333852 1547864.900589847499956
11099458.942376283333852 1547865.199175784999912
11099458.942376283333852 1547865.497761722499868
11099458.942376283333852 1547865.796347659999824
11099458.942376283333852 1547866.094933597499780
11099458.942376283333852 1547866.393519534999736
11099458.942376283333852 1547866.692105472499692
11099458.942376283333852 1547866.990691409999648
11099459.240957012500389 1547861.914730472500396
11099459.240957012500389 1547862.213316410000352
11099459.240957012500389 1547862.511902347500308
11099459.240957012500389 1547862.810488285000264
11099459.240957012500389 1547863.109074222500220
11099459.240957012500389 1547863.407660160000176
11099459.240957012500389 1547863.706246097500132
11099459.240957012500389 1547864.004832035000088
11099459.240957012500389 1547864.303417972500044
11099459.240957012500389 1547864.602003910000000
11099459.240957012500389 1547864.900589847499956
11099459.240957012500389 1547865.199175784999912
11099459.240957012500389 1547865.497761722499868
11099459.240957012500389 1547865.796347659999824
11099459.240957012500389 1547866.094933597499780
11099459.240957012500389 1547866.393519534999736
11099459.240957012500389 1547866.692105472499692
11099459.240957012500389 1547866.990691409999648
11099459.539537741666926 1547861.914730472500396
11099459.539537741666926 1547862.213316410000352
11099459.539537741666926 1547862.511902347500308
11099459.539537741666926 1547862.810488285000264
11099459.539537741666926 1547863.109074222500220
11099459.539537741666926 1547863.407660160000176
11099459.539537741666926 1547863.706246097500132
11099459.539537741666926 1547864.004832035000088
11099459.539537741666926 1547864.303417972500044
11099459.539537741666926 1547864.602003910000000
11099459.539537741666926 1547864.900589847499956
11099459.539537741666926 1547865.199175784999912
11099459.539537741666926 1547865.497761722499868
11099459.539537741666926 1547865.796347659999824
11099459.539537741666926 1547866.094933597499780
11099459.539537741666926 1547866.393519534999736
11099459.539537741666926 1547866.692105472499692
11099459.539537741666926 1547866.990691409999648
11099459.838118470833463 1547861.914730472500396
11099459.838118470833463 1547862.213316410000352
11099459.838118470833463 1547862.511902347500308
11099459.838118470833463 1547862.810488285000264
11099459.838118470833463 1547863.109074222500220
11099459.838118470833463 1547863.407660160000176
11099459.838118470833463 1547863.706246097500132
11099459.838118470833463 1547864.004832035000088
11099459.838118470833463 1547864.303417972500044
11099459.838118470833463 1547864.602003910000000
11099459.838118470833463 1547864.900589847499956
11099459.838118470833463 1547865.199175784999912
11099459.838118470833463 1547865.497761722499868
11099459.838118470833463 1547865.796347659999824
11099459.838118470833463 1547866.094933597499780
11099459.838118470833463 1547866.393519534999736
11099459.838118470833463 1547866.692105472499692
11099459.838118470833463 1547866.990691409999648
11099460.136699200000000 1547861.914730472500396
11099460.136699200000000 1547862.213316410000352
11099460.136699200000000 1547862.511902347500308
11099460.136699200000000 1547862.810488285000264
11099460.136699200000000 1547863.109074222500220
11099460.136699200000000 1547863.407660160000176
11099460.136699200000000 1547863.706246097500132
11099460.136699200000000 1547864.004832035000088
11099460.136699200000000 1547864.303417972500044
11099460.136699200000000 1547864.602003910000000
11099460.136699200000000 1547864.900589847499956
11099460.136699200000000 1547865.199175784999912
11099460.136699200000000 1547865.497761722499868
11099460.136699200000000 1547865.796347659999824
11099460.136699200000000 1547866.094933597499780
11099460.136699200000000 1547866.393519534999736
11099460.136699200000000 1547866.692105472499692
11099460.136699200000000 1547866.990691409999648
11099460.435279929166537 1547861.914730472500396
11099460.435279929166537 1547862.213316410000352
11099460.435279929166537 1547862.511902347500308
11099460.435279929166537 1547862.810488285000264
11099460.435279929166537 1547863.109074222500220
11099460.435279929166537 1547863.407660160000176
11099460.435279929166537 1547863.706246097500132
11099460.435279929166537 1547864.004832035000088
11099460.435279929166537 1547864.303417972500044
11099460.435279929166537 1547864.602003910000000
11099460.435279929166537 1547864.900589847499956
11099460.435279929166537 1547865.199175784999912
11099460.435279929166537 1547865.497761722499868
11099460.435279929166537 1547865.796347659999824
11099460.435279929166537 1547866.094933597499780
11099460.435279929166537 1547866.393519534999736
11099460.435279929166537 1547866.692105472499692
11099460.435279929166537 1547866.990691409999648
11099460.733860658333074 1547861.914730472500396
11099460.733860658333074 1547862.213316410000352
11099460.733860658333074 1547862.511902347500308
11099460.733860658333074 1547862.810488285000264
11099460.733860658333074 1547863.109074222500220
11099460.733860658333074 1547863.407660160000176
11099460.733860658333074 1547863.706246097500132
11099460.733860658333074 1547864.004832035000088
11099460.733860658333074 1547864.303417972500044
11099460.733860658333074 1547864.602003910000000
11099460.733860658333074 1547864.900589847499956
11099460.733860658333074 1547865.199175784999912
11099460.733860658333074 1547865.497761722499868
11099460.733860658333074 1547865.796347659999824
11099460.733860658333074 1547866.094933597499780
11099460.733860658333074 1547866.393519534999736
11099460.733860658333074 1547866.692105472499692
11099460.733860658333074 1547866.990691409999648
11099461.032441387499611 1547861.914730472500396
11099461.032441387499611 1547862.213316410000352
11099461.032441387499611 1547862.511902347500308
11099461.032441387499611 1547862.810488285000264
11099461.032441387499611 1547863.109074222500220
11099461.032441387499611 1547863.407660160000176
11099461.032441387499611 1547863.706246097500132
11099461.032441387499611 1547864.004832035000088
11099461.032441387499611 1547864.303417972500044
11099461.032441387499611 1547864.602003910000000
11099461.032441387499611 1547864.900589847499956
11099461.032441387499611 1547865.199175784999912
11099461.032441387499611 1547865.497761722499868
11099461.032441387499611 1547865.796347659999824
11099461.032441387499611 1547866.094933597499780
11099461.032441387499611 1547866.393519534999736
11099461.032441387499611 1547866.692105472499692
11099461.032441387499611 1547866.990691409999648
11099461.331022116666148 1547861.914730472500396
11099461.331022116666148 1547862.213316410000352
11099461.331022116666148 1547862.511902347500308
11099461.331022116666148 1547862.810488285000264
11099461.331022116666148 1547863.109074222500220
11099461.331022116666148 1547863.407660160000176
11099461.331022116666148 1547863.706246097500132
11099461.331022116666148 1547864.004832035000088
11099461.331022116666148 1547864.303417972500044
11099461.331022116666148 1547864.602003910000000
11099461.331022116666148 1547864.900589847499956
11099461.331022116666148 1547865.199175784999912
11099461.331022116666148 1547865.497761722499868
11099461.331022116666148 1547865.796347659999824
11099461.331022116666148 1547866.094933597499780
11099461.331022116666148 1547866.393519534999736
11099461.331022116666148 1547866.692105472499692
11099461.331022116666148 1547866.990691409999648
11099461.629602845832685 1547861.914730472500396
11099461.629602845832685 1547862.213316410000352
11099461.629602845832685 1547862.511902347500308
11099461.629602845832685 1547862.810488285000264
11099461.629602845832685 1547863.109074222500220
11099461.629602845832685 1547863.407660160000176
11099461.629602845832685 1547863.706246097500132
11099461.629602845832685 1547864.004832035000088
11099461.629602845832685 1547864.303417972500044
11099461.629602845832685 1547864.602003910000000
11099461.629602845832685 1547864.900589847499956
11099461.629602845832685 1547865.199175784999912
11099461.629602845832685 1547865.497761722499868
11099461.629602845832685 1547865.796347659999824
11099461.629602845832685 1547866.094933597499780
11099461.629602845832685 1547866.393519534999736
11099461.629602845832685 1547866.692105472499692
11099461.629602845832685 1547866.990691409999648
11099461.928183574999222 1547861.914730472500396
11099461.928183574999222 1547862.213316410000352
11099461.928183574999222 1547862.511902347500308
11099461.928183574999222 1547862.810488285000264
11099461.928183574999222 1547863.109074222500220
11099461.928183574999222 1547863.407660160000176
11099461.928183574999222 1547863.706246097500132
11099461.928183574999222 1547864.004832035000088
11099461.928183574999222 1547864.303417972500044
11099461.928183574999222 1547864.602003910000000
11099461.928183574999222 1547864.900589847499956
11099461.928183574999222 1547865.199175784999912
11099461.928183574999222 1547865.497761722499868
11099461.928183574999222 1547865.796347659999824
11099461.928183574999222 1547866.094933597499780
11099461.928183574999222 1547866.393519534999736
11099461.928183574999222 1547866.692105472499692
11099461.928183574999222 1547866.990691409999648
11099462.226764304165759 1547861.914730472500396
11099462.226764304165759 1547862.213316410000352
11099462.226764304165759 1547862.511902347500308
11099462.226764304165759 1547862.810488285000264
11099462.226764304165759 1547863.109074222500220
11099462.226764304165759 1547863.407660160000176
11099462.226764304165759 1547863.706246097500132
11099462.226764304165759 1547864.004832035000088
11099462.226764304165759 1547864.303417972500044
11099462.226764304165759 1547864.602003910000000
11099462.226764304165759 1547864.900589847499956
11099462.226764304165759 1547865.199175784999912
11099462.226764304165759 1547865.497761722499868
11099462.226764304165759 1547865.796347659999824
11099462.226764304165759 1547866.094933597499780
11099462.226764304165759 1547866.393519534999736
11099462.226764304165759 1547866.692105472499692
11099462.226764304165759 1547866.990691409999648
11099462.525345033332296 1547861.914730472500396
11099462.525345033332296 1547862.213316410000352
11099462.525345033332296 1547862.511902347500308
11099462.525345033332296 1547862.810488285000264
11099462.525345033332296 1547863.109074222500220
11099462.525345033332296 1547863.407660160000176
11099462.525345033332296 1547863.706246097500132
11099462.525345033332296 1547864.004832035000088
11099462.525345033332296 1547864.303417972500044
11099462.525345033332296 1547864.602003910000000
11099462.525345033332296 1547864.900589847499956
11099462.525345033332296 1547865.199175784999912
11099462.525345033332296 1547865.497761722499868
11099462.525345033332296 1547865.796347659999824
11099462.525345033332296 1547866.094933597499780
11099462.525345033332296 1547866.393519534999736
11099462.525345033332296 1547866.692105472499692
11099462.525345033332296 1547866.990691409999648
