11099148.716998737501167 1547806.974917972500396
11099148.716998737501167 1547807.273503910000352
11099148.716998737501167 1547807.572089847500308
11099148.716998737501167 1547807.870675785000264
11099148.716998737501167 1547808.169261722500220
11099148.716998737501167 1547808.467847660000176
11099148.716998737501167 1547808.766433597500132
11099148.716998737501167 1547809.065019535000088
11099148.716998737501167 1547809.363605472500044
11099148.716998737501167 1547809.662191410000000
11099148.716998737501167 1547809.960777347499956
11099148.716998737501167 1547810.259363284999912
11099148.716998737501167 1547810.557949222499868
11099148.716998737501167 1547810.856535159999824
11099148.716998737501167 1547811.155121097499780
11099148.716998737501167 1547811.453707034999736
11099148.716998737501167 1547811.752292972499692
11099148.716998737501167 1547812.050878909999648
11099149.015579466667704 1547806.974917972500396
11099149.015579466667704 1547807.273503910000352
11099149.015579466667704 1547807.572089847500308
11099149.015579466667704 1547807.870675785000264
11099149.015579466667704 1547808.169261722500220
11099149.015579466667704 1547808.467847660000176
11099149.015579466667704 1547808.766433597500132
11099149.015579466667704 1547809.065019535000088
11099149.015579466667704 1547809.363605472500044
11099149.015579466667704 1547809.662191410000000
11099149.015579466667704 1547809.960777347499956
11099149.015579466667704 1547810.259363284999912
11099149.015579466667704 1547810.557949222499868
11099149.015579466667704 1547810.856535159999824
11099149.015579466667704 1547811.155121097499780
11099149.015579466667704 1547811.453707034999736
11099149.015579466667704 1547811.752292972499692
11099149.015579466667704 1547812.050878909999648
11099149.314160195834241 1547806.974917972500396
11099149.314160195834241 1547807.273503910000352
11099149.314160195834241 1547807.572089847500308
11099149.314160195834241 1547807.870675785000264
11099149.314160195834241 1547808.169261722500220
11099149.314160195834241 1547808.467847660000176
11099149.314160195834241 1547808.766433597500132
11099149.314160195834241 1547809.065019535000088
11099149.314160195834241 1547809.363605472500044
11099149.314160195834241 1547809.662191410000000
11099149.314160195834241 1547809.960777347499956
11099149.314160195834241 1547810.259363284999912
11099149.314160195834241 1547810.557949222499868
11099149.314160195834241 1547810.856535159999824
11099149.314160195834241 1547811.155121097499780
11099149.314160195834241 1547811.453707034999736
11099149.314160195834241 1547811.752292972499692
11099149.314160195834241 1547812.050878909999648
11099149.612740925000778 1547806.974917972500396
11099149.612740925000778 1547807.273503910000352
11099149.612740925000778 1547807.572089847500308
11099149.612740925000778 1547807.870675785000264
11099149.612740925000778 1547808.169261722500220
11099149.612740925000778 1547808.467847660000176
11099149.612740925000778 1547808.766433597500132
11099149.612740925000778 1547809.065019535000088
11099149.612740925000778 1547809.363605472500044
11099149.612740925000778 1547809.662191410000000
11099149.612740925000778 1547809.960777347499956
11099149.612740925000778 1547810.259363284999912
11099149.612740925000778 1547810.557949222499868
11099149.612740925000778 1547810.856535159999824
11099149.612740925000778 1547811.155121097499780
11099149.612740925000778 1547811.453707034999736
11099149.612740925000778 1547811.752292972499692
11099149.612740925000778 1547812.050878909999648
11099149.911321654167315 1547806.974917972500396
11099149.911321654167315 1547807.273503910000352
11099149.911321654167315 1547807.572089847500308
11099149.911321654167315 1547807.870675785000264
11099149.911321654167315 1547808.169261722500220
11099149.911321654167315 1547808.467847660000176
11099149.911321654167315 1547808.766433597500132
11099149.911321654167315 1547809.065019535000088
11099149.911321654167315 1547809.363605472500044
11099149.911321654167315 1547809.662191410000000
11099149.911321654167315 1547809.960777347499956
11099149.911321654167315 1547810.259363284999912
11099149.911321654167315 1547810.557949222499868
11099149.911321654167315 1547810.856535159999824
11099149.911321654167315 1547811.155121097499780
11099149.911321654167315 1547811.453707034999736
11099149.911321654167315 1547811.752292972499692
11099149.911321654167315 1547812.050878909999648
11099150.209902383333852 1547806.974917972500396
11099150.209902383333852 1547807.273503910000352
11099150.209902383333852 1547807.572089847500308
11099150.209902383333852 1547807.870675785000264
11099150.209902383333852 1547808.169261722500220
11099150.209902383333852 1547808.467847660000176
11099150.209902383333852 1547808.766433597500132
11099150.209902383333852 1547809.065019535000088
11099150.209902383333852 1547809.363605472500044
11099150.209902383333852 1547809.662191410000000
11099150.209902383333852 1547809.960777347499956
11099150.209902383333852 1547810.259363284999912
11099150.209902383333852 1547810.557949222499868
11099150.209902383333852 1547810.856535159999824
11099150.209902383333852 1547811.155121097499780
11099150.209902383333852 1547811.453707034999736
11099150.209902383333852 1547811.752292972499692
11099150.209902383333852 1547812.050878909999648
11099150.508483112500389 1547806.974917972500396
11099150.508483112500389 1547807.273503910000352
11099150.508483112500389 1547807.572089847500308
11099150.508483112500389 1547807.870675785000264
11099150.508483112500389 1547808.169261722500220
11099150.508483112500389 1547808.467847660000176
11099150.508483112500389 1547808.766433597500132
11099150.508483112500389 1547809.065019535000088
11099150.508483112500389 1547809.363605472500044
11099150.508483112500389 1547809.662191410000000
11099150.508483112500389 1547809.960777347499956
11099150.508483112500389 1547810.259363284999912
11099150.508483112500389 1547810.557949222499868
11099150.508483112500389 1547810.856535159999824
11099150.508483112500389 1547811.155121097499780
11099150.508483112500389 1547811.453707034999736
11099150.508483112500389 1547811.752292972499692
11099150.508483112500389 1547812.050878909999648
11099150.807063841666926 1547806.974917972500396
11099150.807063841666926 1547807.273503910000352
11099150.807063841666926 1547807.572089847500308
11099150.807063841666926 1547807.870675785000264
11099150.807063841666926 1547808.169261722500220
11099150.807063841666926 1547808.467847660000176
11099150.807063841666926 1547808.766433597500132
11099150.807063841666926 1547809.065019535000088
11099150.807063841666926 1547809.363605472500044
11099150.807063841666926 1547809.662191410000000
11099150.807063841666926 1547809.960777347499956
11099150.807063841666926 1547810.259363284999912
11099150.807063841666926 1547810.557949222499868
11099150.807063841666926 1547810.856535159999824
11099150.807063841666926 1547811.155121097499780
11099150.807063841666926 1547811.453707034999736
11099150.807063841666926 1547811.752292972499692
11099150.807063841666926 1547812.050878909999648
11099151.105644570833463 1547806.974917972500396
11099151.105644570833463 1547807.273503910000352
11099151.105644570833463 1547807.572089847500308
11099151.105644570833463 1547807.870675785000264
11099151.105644570833463 1547808.169261722500220
11099151.105644570833463 1547808.467847660000176
11099151.105644570833463 1547808.766433597500132
11099151.105644570833463 1547809.065019535000088
11099151.105644570833463 1547809.363605472500044
11099151.105644570833463 1547809.662191410000000
11099151.105644570833463 1547809.960777347499956
11099151.105644570833463 1547810.259363284999912
11099151.105644570833463 1547810.557949222499868
11099151.105644570833463 1547810.856535159999824
11099151.105644570833463 1547811.155121097499780
11099151.105644570833463 1547811.453707034999736
11099151.105644570833463 1547811.752292972499692
11099151.105644570833463 1547812.050878909999648
11099151.404225300000000 1547806.974917972500396
11099151.404225300000000 1547807.273503910000352
11099151.404225300000000 1547807.572089847500308
11099151.404225300000000 1547807.870675785000264
11099151.404225300000000 1547808.169261722500220
11099151.404225300000000 1547808.467847660000176
11099151.404225300000000 1547808.766433597500132
11099151.404225300000000 1547809.065019535000088
11099151.404225300000000 1547809.363605472500044
11099151.404225300000000 1547809.662191410000000
11099151.404225300000000 1547809.960777347499956
11099151.404225300000000 1547810.259363284999912
11099151.404225300000000 1547810.557949222499868
11099151.404225300000000 1547810.856535159999824
11099151.404225300000000 1547811.155121097499780
11099151.404225300000000 1547811.453707034999736
11099151.404225300000000 1547811.752292972499692
11099151.404225300000000 1547812.050878909999648
11099151.702806029166537 1547806.974917972500396
11099151.702806029166537 1547807.273503910000352
11099151.702806029166537 1547807.572089847500308
11099151.702806029166537 1547807.870675785000264
11099151.702806029166537 1547808.169261722500220
11099151.702806029166537 1547808.467847660000176
11099151.702806029166537 1547808.766433597500132
11099151.702806029166537 1547809.065019535000088
11099151.702806029166537 1547809.363605472500044
11099151.702806029166537 1547809.662191410000000
11099151.702806029166537 1547809.960777347499956
11099151.702806029166537 1547810.259363284999912
11099151.702806029166537 1547810.557949222499868
11099151.702806029166537 1547810.856535159999824
11099151.702806029166537 1547811.155121097499780
11099151.702806029166537 1547811.453707034999736
11099151.702806029166537 1547811.752292972499692
11099151.702806029166537 1547812.050878909999648
11099152.001386758333074 1547806.974917972500396
11099152.001386758333074 1547807.273503910000352
11099152.001386758333074 1547807.572089847500308
11099152.001386758333074 1547807.870675785000264
11099152.001386758333074 1547808.169261722500220
11099152.001386758333074 1547808.467847660000176
11099152.001386758333074 1547808.766433597500132
11099152.001386758333074 1547809.065019535000088
11099152.001386758333074 1547809.363605472500044
11099152.001386758333074 1547809.662191410000000
11099152.001386758333074 1547809.960777347499956
11099152.001386758333074 1547810.259363284999912
11099152.001386758333074 1547810.557949222499868
11099152.001386758333074 1547810.856535159999824
11099152.001386758333074 1547811.155121097499780
11099152.001386758333074 1547811.453707034999736
11099152.001386758333074 1547811.752292972499692
11099152.001386758333074 1547812.050878909999648
11099152.299967487499611 1547806.974917972500396
11099152.299967487499611 1547807.273503910000352
11099152.299967487499611 1547807.572089847500308
11099152.299967487499611 1547807.870675785000264
11099152.299967487499611 1547808.169261722500220
11099152.299967487499611 1547808.467847660000176
11099152.299967487499611 1547808.766433597500132
11099152.299967487499611 1547809.065019535000088
11099152.299967487499611 1547809.363605472500044
11099152.299967487499611 1547809.662191410000000
11099152.299967487499611 1547809.960777347499956
11099152.299967487499611 1547810.259363284999912
11099152.299967487499611 1547810.557949222499868
11099152.299967487499611 1547810.856535159999824
11099152.299967487499611 1547811.155121097499780
11099152.299967487499611 1547811.453707034999736
11099152.299967487499611 1547811.752292972499692
11099152.299967487499611 1547812.050878909999648
11099152.598548216666148 1547806.974917972500396
11099152.598548216666148 1547807.273503910000352
11099152.598548216666148 1547807.572089847500308
11099152.598548216666148 1547807.870675785000264
11099152.598548216666148 1547808.169261722500220
11099152.598548216666148 1547808.467847660000176
11099152.598548216666148 1547808.766433597500132
11099152.598548216666148 1547809.065019535000088
11099152.598548216666148 1547809.363605472500044
11099152.598548216666148 1547809.662191410000000
11099152.598548216666148 1547809.960777347499956
11099152.598548216666148 1547810.259363284999912
11099152.598548216666148 1547810.557949222499868
11099152.598548216666148 1547810.856535159999824
11099152.598548216666148 1547811.155121097499780
11099152.598548216666148 1547811.453707034999736
11099152.598548216666148 1547811.752292972499692
11099152.598548216666148 1547812.050878909999648
11099152.897128945832685 1547806.974917972500396
11099152.897128945832685 1547807.273503910000352
11099152.897128945832685 1547807.572089847500308
11099152.897128945832685 1547807.870675785000264
11099152.897128945832685 1547808.169261722500220
11099152.897128945832685 1547808.467847660000176
11099152.897128945832685 1547808.766433597500132
11099152.897128945832685 1547809.065019535000088
11099152.897128945832685 1547809.363605472500044
11099152.897128945832685 1547809.662191410000000
11099152.897128945832685 1547809.960777347499956
11099152.897128945832685 1547810.259363284999912
11099152.897128945832685 1547810.557949222499868
11099152.897128945832685 1547810.856535159999824
11099152.897128945832685 1547811.155121097499780
11099152.897128945832685 1547811.453707034999736
11099152.897128945832685 1547811.752292972499692
11099152.897128945832685 1547812.050878909999648
11099153.195709674999222 1547806.974917972500396
11099153.195709674999222 1547807.273503910000352
11099153.195709674999222 1547807.572089847500308
11099153.195709674999222 1547807.870675785000264
11099153.195709674999222 1547808.169261722500220
11099153.195709674999222 1547808.467847660000176
11099153.195709674999222 1547808.766433597500132
11099153.195709674999222 1547809.065019535000088
11099153.195709674999222 1547809.363605472500044
11099153.195709674999222 1547809.662191410000000
11099153.195709674999222 1547809.960777347499956
11099153.195709674999222 1547810.259363284999912
11099153.195709674999222 1547810.557949222499868
11099153.195709674999222 1547810.856535159999824
11099153.195709674999222 1547811.155121097499780
11099153.195709674999222 1547811.453707034999736
11099153.195709674999222 1547811.752292972499692
11099153.195709674999222 1547812.050878909999648
11099153.494290404165759 1547806.974917972500396
11099153.494290404165759 1547807.273503910000352
11099153.494290404165759 1547807.572089847500308
11099153.494290404165759 1547807.870675785000264
11099153.494290404165759 1547808.169261722500220
11099153.494290404165759 1547808.467847660000176
11099153.494290404165759 1547808.766433597500132
11099153.494290404165759 1547809.065019535000088
11099153.494290404165759 1547809.363605472500044
11099153.494290404165759 1547809.662191410000000
11099153.494290404165759 1547809.960777347499956
11099153.494290404165759 1547810.259363284999912
11099153.494290404165759 1547810.557949222499868
11099153.494290404165759 1547810.856535159999824
11099153.494290404165759 1547811.155121097499780
11099153.494290404165759 1547811.453707034999736
11099153.494290404165759 1547811.752292972499692
11099153.494290404165759 1547812.050878909999648
11099153.792871133332296 1547806.974917972500396
11099153.792871133332296 1547807.273503910000352
11099153.792871133332296 1547807.572089847500308
11099153.792871133332296 1547807.870675785000264
11099153.792871133332296 1547808.169261722500220
11099153.792871133332296 1547808.467847660000176
11099153.792871133332296 1547808.766433597500132
11099153.792871133332296 1547809.065019535000088
11099153.792871133332296 1547809.363605472500044
11099153.792871133332296 1547809.662191410000000
11099153.792871133332296 1547809.960777347499956
11099153.792871133332296 1547810.259363284999912
11099153.792871133332296 1547810.557949222499868
11099153.792871133332296 1547810.856535159999824
11099153.792871133332296 1547811.155121097499780
11099153.792871133332296 1547811.453707034999736
11099153.792871133332296 1547811.752292972499692
11099153.792871133332296 1547812.050878909999648
