11099227.840891937501167 1547674.104175782500396
11099227.840891937501167 1547674.402761720000352
11099227.840891937501167 1547674.701347657500308
11099227.840891937501167 1547674.999933595000264
11099227.840891937501167 1547675.298519532500220
11099227.840891937501167 1547675.597105470000176
11099227.840891937501167 1547675.895691407500132
11099227.840891937501167 1547676.194277345000088
11099227.840891937501167 1547676.492863282500044
11099227.840891937501167 1547676.791449220000000
11099227.840891937501167 1547677.090035157499956
11099227.840891937501167 1547677.388621094999912
11099227.840891937501167 1547677.687207032499868
11099227.840891937501167 1547677.985792969999824
11099227.840891937501167 1547678.284378907499780
11099227.840891937501167 1547678.582964844999736
11099227.840891937501167 1547678.881550782499692
11099227.840891937501167 1547679.180136719999648
11099228.139472666667704 1547674.104175782500396
11099228.139472666667704 1547674.402761720000352
11099228.139472666667704 1547674.701347657500308
11099228.139472666667704 1547674.999933595000264
11099228.139472666667704 1547675.298519532500220
11099228.139472666667704 1547675.597105470000176
11099228.139472666667704 1547675.895691407500132
11099228.139472666667704 1547676.194277345000088
11099228.139472666667704 1547676.492863282500044
11099228.139472666667704 1547676.791449220000000
11099228.139472666667704 1547677.090035157499956
11099228.139472666667704 1547677.388621094999912
11099228.139472666667704 1547677.687207032499868
11099228.139472666667704 1547677.985792969999824
11099228.139472666667704 1547678.284378907499780
11099228.139472666667704 1547678.582964844999736
11099228.139472666667704 1547678.881550782499692
11099228.139472666667704 1547679.180136719999648
11099228.438053395834241 1547674.104175782500396
11099228.438053395834241 1547674.402761720000352
11099228.438053395834241 1547674.701347657500308
11099228.438053395834241 1547674.999933595000264
11099228.438053395834241 1547675.298519532500220
11099228.438053395834241 1547675.597105470000176
11099228.438053395834241 1547675.895691407500132
11099228.438053395834241 1547676.194277345000088
11099228.438053395834241 1547676.492863282500044
11099228.438053395834241 1547676.791449220000000
11099228.438053395834241 1547677.090035157499956
11099228.438053395834241 1547677.388621094999912
11099228.438053395834241 1547677.687207032499868
11099228.438053395834241 1547677.985792969999824
11099228.438053395834241 1547678.284378907499780
11099228.438053395834241 1547678.582964844999736
11099228.438053395834241 1547678.881550782499692
11099228.438053395834241 1547679.180136719999648
11099228.736634125000778 1547674.104175782500396
11099228.736634125000778 1547674.402761720000352
11099228.736634125000778 1547674.701347657500308
11099228.736634125000778 1547674.999933595000264
11099228.736634125000778 1547675.298519532500220
11099228.736634125000778 1547675.597105470000176
11099228.736634125000778 1547675.895691407500132
11099228.736634125000778 1547676.194277345000088
11099228.736634125000778 1547676.492863282500044
11099228.736634125000778 1547676.791449220000000
11099228.736634125000778 1547677.090035157499956
11099228.736634125000778 1547677.388621094999912
11099228.736634125000778 1547677.687207032499868
11099228.736634125000778 1547677.985792969999824
11099228.736634125000778 1547678.284378907499780
11099228.736634125000778 1547678.582964844999736
11099228.736634125000778 1547678.881550782499692
11099228.736634125000778 1547679.180136719999648
11099229.035214854167315 1547674.104175782500396
11099229.035214854167315 1547674.402761720000352
11099229.035214854167315 1547674.701347657500308
11099229.035214854167315 1547674.999933595000264
11099229.035214854167315 1547675.298519532500220
11099229.035214854167315 1547675.597105470000176
11099229.035214854167315 1547675.895691407500132
11099229.035214854167315 1547676.194277345000088
11099229.035214854167315 1547676.492863282500044
11099229.035214854167315 1547676.791449220000000
11099229.035214854167315 1547677.090035157499956
11099229.035214854167315 1547677.388621094999912
11099229.035214854167315 1547677.687207032499868
11099229.035214854167315 1547677.985792969999824
11099229.035214854167315 1547678.284378907499780
11099229.035214854167315 1547678.582964844999736
11099229.035214854167315 1547678.881550782499692
11099229.035214854167315 1547679.180136719999648
11099229.333795583333852 1547674.104175782500396
11099229.333795583333852 1547674.402761720000352
11099229.333795583333852 1547674.701347657500308
11099229.333795583333852 1547674.999933595000264
11099229.333795583333852 1547675.298519532500220
11099229.333795583333852 1547675.597105470000176
11099229.333795583333852 1547675.895691407500132
11099229.333795583333852 1547676.194277345000088
11099229.333795583333852 1547676.492863282500044
11099229.333795583333852 1547676.791449220000000
11099229.333795583333852 1547677.090035157499956
11099229.333795583333852 1547677.388621094999912
11099229.333795583333852 1547677.687207032499868
11099229.333795583333852 1547677.985792969999824
11099229.333795583333852 1547678.284378907499780
11099229.333795583333852 1547678.582964844999736
11099229.333795583333852 1547678.881550782499692
11099229.333795583333852 1547679.180136719999648
11099229.632376312500389 1547674.104175782500396
11099229.632376312500389 1547674.402761720000352
11099229.632376312500389 1547674.701347657500308
11099229.632376312500389 1547674.999933595000264
11099229.632376312500389 1547675.298519532500220
11099229.632376312500389 1547675.597105470000176
11099229.632376312500389 1547675.895691407500132
11099229.632376312500389 1547676.194277345000088
11099229.632376312500389 1547676.492863282500044
11099229.632376312500389 1547676.791449220000000
11099229.632376312500389 1547677.090035157499956
11099229.632376312500389 1547677.388621094999912
11099229.632376312500389 1547677.687207032499868
11099229.632376312500389 1547677.985792969999824
11099229.632376312500389 1547678.284378907499780
11099229.632376312500389 1547678.582964844999736
11099229.632376312500389 1547678.881550782499692
11099229.632376312500389 1547679.180136719999648
11099229.930957041666926 1547674.104175782500396
11099229.930957041666926 1547674.402761720000352
11099229.930957041666926 1547674.701347657500308
11099229.930957041666926 1547674.999933595000264
11099229.930957041666926 1547675.298519532500220
11099229.930957041666926 1547675.597105470000176
11099229.930957041666926 1547675.895691407500132
11099229.930957041666926 1547676.194277345000088
11099229.930957041666926 1547676.492863282500044
11099229.930957041666926 1547676.791449220000000
11099229.930957041666926 1547677.090035157499956
11099229.930957041666926 1547677.388621094999912
11099229.930957041666926 1547677.687207032499868
11099229.930957041666926 1547677.985792969999824
11099229.930957041666926 1547678.284378907499780
11099229.930957041666926 1547678.582964844999736
11099229.930957041666926 1547678.881550782499692
11099229.930957041666926 1547679.180136719999648
11099230.229537770833463 1547674.104175782500396
11099230.229537770833463 1547674.402761720000352
11099230.229537770833463 1547674.701347657500308
11099230.229537770833463 1547674.999933595000264
11099230.229537770833463 1547675.298519532500220
11099230.229537770833463 1547675.597105470000176
11099230.229537770833463 1547675.895691407500132
11099230.229537770833463 1547676.194277345000088
11099230.229537770833463 1547676.492863282500044
11099230.229537770833463 1547676.791449220000000
11099230.229537770833463 1547677.090035157499956
11099230.229537770833463 1547677.388621094999912
11099230.229537770833463 1547677.687207032499868
11099230.229537770833463 1547677.985792969999824
11099230.229537770833463 1547678.284378907499780
11099230.229537770833463 1547678.582964844999736
11099230.229537770833463 1547678.881550782499692
11099230.229537770833463 1547679.180136719999648
11099230.528118500000000 1547674.104175782500396
11099230.528118500000000 1547674.402761720000352
11099230.528118500000000 1547674.701347657500308
11099230.528118500000000 1547674.999933595000264
11099230.528118500000000 1547675.298519532500220
11099230.528118500000000 1547675.597105470000176
11099230.528118500000000 1547675.895691407500132
11099230.528118500000000 1547676.194277345000088
11099230.528118500000000 1547676.492863282500044
11099230.528118500000000 1547676.791449220000000
11099230.528118500000000 1547677.090035157499956
11099230.528118500000000 1547677.388621094999912
11099230.528118500000000 1547677.687207032499868
11099230.528118500000000 1547677.985792969999824
11099230.528118500000000 1547678.284378907499780
11099230.528118500000000 1547678.582964844999736
11099230.528118500000000 1547678.881550782499692
11099230.528118500000000 1547679.180136719999648
11099230.826699229166537 1547674.104175782500396
11099230.826699229166537 1547674.402761720000352
11099230.826699229166537 1547674.701347657500308
11099230.826699229166537 1547674.999933595000264
11099230.826699229166537 1547675.298519532500220
11099230.826699229166537 1547675.597105470000176
11099230.826699229166537 1547675.895691407500132
11099230.826699229166537 1547676.194277345000088
11099230.826699229166537 1547676.492863282500044
11099230.826699229166537 1547676.791449220000000
11099230.826699229166537 1547677.090035157499956
11099230.826699229166537 1547677.388621094999912
11099230.826699229166537 1547677.687207032499868
11099230.826699229166537 1547677.985792969999824
11099230.826699229166537 1547678.284378907499780
11099230.826699229166537 1547678.582964844999736
11099230.826699229166537 1547678.881550782499692
11099230.826699229166537 1547679.180136719999648
11099231.125279958333074 1547674.104175782500396
11099231.125279958333074 1547674.402761720000352
11099231.125279958333074 1547674.701347657500308
11099231.125279958333074 1547674.999933595000264
11099231.125279958333074 1547675.298519532500220
11099231.125279958333074 1547675.597105470000176
11099231.125279958333074 1547675.895691407500132
11099231.125279958333074 1547676.194277345000088
11099231.125279958333074 1547676.492863282500044
11099231.125279958333074 1547676.791449220000000
11099231.125279958333074 1547677.090035157499956
11099231.125279958333074 1547677.388621094999912
11099231.125279958333074 1547677.687207032499868
11099231.125279958333074 1547677.985792969999824
11099231.125279958333074 1547678.284378907499780
11099231.125279958333074 1547678.582964844999736
11099231.125279958333074 1547678.881550782499692
11099231.125279958333074 1547679.180136719999648
11099231.423860687499611 1547674.104175782500396
11099231.423860687499611 1547674.402761720000352
11099231.423860687499611 1547674.701347657500308
11099231.423860687499611 1547674.999933595000264
11099231.423860687499611 1547675.298519532500220
11099231.423860687499611 1547675.597105470000176
11099231.423860687499611 1547675.895691407500132
11099231.423860687499611 1547676.194277345000088
11099231.423860687499611 1547676.492863282500044
11099231.423860687499611 1547676.791449220000000
11099231.423860687499611 1547677.090035157499956
11099231.423860687499611 1547677.388621094999912
11099231.423860687499611 1547677.687207032499868
11099231.423860687499611 1547677.985792969999824
11099231.423860687499611 1547678.284378907499780
11099231.423860687499611 1547678.582964844999736
11099231.423860687499611 1547678.881550782499692
11099231.423860687499611 1547679.180136719999648
11099231.722441416666148 1547674.104175782500396
11099231.722441416666148 1547674.402761720000352
11099231.722441416666148 1547674.701347657500308
11099231.722441416666148 1547674.999933595000264
11099231.722441416666148 1547675.298519532500220
11099231.722441416666148 1547675.597105470000176
11099231.722441416666148 1547675.895691407500132
11099231.722441416666148 1547676.194277345000088
11099231.722441416666148 1547676.492863282500044
11099231.722441416666148 1547676.791449220000000
11099231.722441416666148 1547677.090035157499956
11099231.722441416666148 1547677.388621094999912
11099231.722441416666148 1547677.687207032499868
11099231.722441416666148 1547677.985792969999824
11099231.722441416666148 1547678.284378907499780
11099231.722441416666148 1547678.582964844999736
11099231.722441416666148 1547678.881550782499692
11099231.722441416666148 1547679.180136719999648
11099232.021022145832685 1547674.104175782500396
11099232.021022145832685 1547674.402761720000352
11099232.021022145832685 1547674.701347657500308
11099232.021022145832685 1547674.999933595000264
11099232.021022145832685 1547675.298519532500220
11099232.021022145832685 1547675.597105470000176
11099232.021022145832685 1547675.895691407500132
11099232.021022145832685 1547676.194277345000088
11099232.021022145832685 1547676.492863282500044
11099232.021022145832685 1547676.791449220000000
11099232.021022145832685 1547677.090035157499956
11099232.021022145832685 1547677.388621094999912
11099232.021022145832685 1547677.687207032499868
11099232.021022145832685 1547677.985792969999824
11099232.021022145832685 1547678.284378907499780
11099232.021022145832685 1547678.582964844999736
11099232.021022145832685 1547678.881550782499692
11099232.021022145832685 1547679.180136719999648
11099232.319602874999222 1547674.104175782500396
11099232.319602874999222 1547674.402761720000352
11099232.319602874999222 1547674.701347657500308
11099232.319602874999222 1547674.999933595000264
11099232.319602874999222 1547675.298519532500220
11099232.319602874999222 1547675.597105470000176
11099232.319602874999222 1547675.895691407500132
11099232.319602874999222 1547676.194277345000088
11099232.319602874999222 1547676.492863282500044
11099232.319602874999222 1547676.791449220000000
11099232.319602874999222 1547677.090035157499956
11099232.319602874999222 1547677.388621094999912
11099232.319602874999222 1547677.687207032499868
11099232.319602874999222 1547677.985792969999824
11099232.319602874999222 1547678.284378907499780
11099232.319602874999222 1547678.582964844999736
11099232.319602874999222 1547678.881550782499692
11099232.319602874999222 1547679.180136719999648
11099232.618183604165759 1547674.104175782500396
11099232.618183604165759 1547674.402761720000352
11099232.618183604165759 1547674.701347657500308
11099232.618183604165759 1547674.999933595000264
11099232.618183604165759 1547675.298519532500220
11099232.618183604165759 1547675.597105470000176
11099232.618183604165759 1547675.895691407500132
11099232.618183604165759 1547676.194277345000088
11099232.618183604165759 1547676.492863282500044
11099232.618183604165759 1547676.791449220000000
11099232.618183604165759 1547677.090035157499956
11099232.618183604165759 1547677.388621094999912
11099232.618183604165759 1547677.687207032499868
11099232.618183604165759 1547677.985792969999824
11099232.618183604165759 1547678.284378907499780
11099232.618183604165759 1547678.582964844999736
11099232.618183604165759 1547678.881550782499692
11099232.618183604165759 1547679.180136719999648
11099232.916764333332296 1547674.104175782500396
11099232.916764333332296 1547674.402761720000352
11099232.916764333332296 1547674.701347657500308
11099232.916764333332296 1547674.999933595000264
11099232.916764333332296 1547675.298519532500220
11099232.916764333332296 1547675.597105470000176
11099232.916764333332296 1547675.895691407500132
11099232.916764333332296 1547676.194277345000088
11099232.916764333332296 1547676.492863282500044
11099232.916764333332296 1547676.791449220000000
11099232.916764333332296 1547677.090035157499956
11099232.916764333332296 1547677.388621094999912
11099232.916764333332296 1547677.687207032499868
11099232.916764333332296 1547677.985792969999824
11099232.916764333332296 1547678.284378907499780
11099232.916764333332296 1547678.582964844999736
11099232.916764333332296 1547678.881550782499692
11099232.916764333332296 1547679.180136719999648
