11099469.094121137501167 1547817.425425782500396
11099469.094121137501167 1547817.724011720000352
11099469.094121137501167 1547818.022597657500308
11099469.094121137501167 1547818.321183595000264
11099469.094121137501167 1547818.619769532500220
11099469.094121137501167 1547818.918355470000176
11099469.094121137501167 1547819.216941407500132
11099469.094121137501167 1547819.515527345000088
11099469.094121137501167 1547819.814113282500044
11099469.094121137501167 1547820.112699220000000
11099469.094121137501167 1547820.411285157499956
11099469.094121137501167 1547820.709871094999912
11099469.094121137501167 1547821.008457032499868
11099469.094121137501167 1547821.307042969999824
11099469.094121137501167 1547821.605628907499780
11099469.094121137501167 1547821.904214844999736
11099469.094121137501167 1547822.202800782499692
11099469.094121137501167 1547822.501386719999648
11099469.392701866667704 1547817.425425782500396
11099469.392701866667704 1547817.724011720000352
11099469.392701866667704 1547818.022597657500308
11099469.392701866667704 1547818.321183595000264
11099469.392701866667704 1547818.619769532500220
11099469.392701866667704 1547818.918355470000176
11099469.392701866667704 1547819.216941407500132
11099469.392701866667704 1547819.515527345000088
11099469.392701866667704 1547819.814113282500044
11099469.392701866667704 1547820.112699220000000
11099469.392701866667704 1547820.411285157499956
11099469.392701866667704 1547820.709871094999912
11099469.392701866667704 1547821.008457032499868
11099469.392701866667704 1547821.307042969999824
11099469.392701866667704 1547821.605628907499780
11099469.392701866667704 1547821.904214844999736
11099469.392701866667704 1547822.202800782499692
11099469.392701866667704 1547822.501386719999648
11099469.691282595834241 1547817.425425782500396
11099469.691282595834241 1547817.724011720000352
11099469.691282595834241 1547818.022597657500308
11099469.691282595834241 1547818.321183595000264
11099469.691282595834241 1547818.619769532500220
11099469.691282595834241 1547818.918355470000176
11099469.691282595834241 1547819.216941407500132
11099469.691282595834241 1547819.515527345000088
11099469.691282595834241 1547819.814113282500044
11099469.691282595834241 1547820.112699220000000
11099469.691282595834241 1547820.411285157499956
11099469.691282595834241 1547820.709871094999912
11099469.691282595834241 1547821.008457032499868
11099469.691282595834241 1547821.307042969999824
11099469.691282595834241 1547821.605628907499780
11099469.691282595834241 1547821.904214844999736
11099469.691282595834241 1547822.202800782499692
11099469.691282595834241 1547822.501386719999648
11099469.989863325000778 1547817.425425782500396
11099469.989863325000778 1547817.724011720000352
11099469.989863325000778 1547818.022597657500308
11099469.989863325000778 1547818.321183595000264
11099469.989863325000778 1547818.619769532500220
11099469.989863325000778 1547818.918355470000176
11099469.989863325000778 1547819.216941407500132
11099469.989863325000778 1547819.515527345000088
11099469.989863325000778 1547819.814113282500044
11099469.989863325000778 1547820.112699220000000
11099469.989863325000778 1547820.411285157499956
11099469.989863325000778 1547820.709871094999912
11099469.989863325000778 1547821.008457032499868
11099469.989863325000778 1547821.307042969999824
11099469.989863325000778 1547821.605628907499780
11099469.989863325000778 1547821.904214844999736
11099469.989863325000778 1547822.202800782499692
11099469.989863325000778 1547822.501386719999648
11099470.288444054167315 1547817.425425782500396
11099470.288444054167315 1547817.724011720000352
11099470.288444054167315 1547818.022597657500308
11099470.288444054167315 1547818.321183595000264
11099470.288444054167315 1547818.619769532500220
11099470.288444054167315 1547818.918355470000176
11099470.288444054167315 1547819.216941407500132
11099470.288444054167315 1547819.515527345000088
11099470.288444054167315 1547819.814113282500044
11099470.288444054167315 1547820.112699220000000
11099470.288444054167315 1547820.411285157499956
11099470.288444054167315 1547820.709871094999912
11099470.288444054167315 1547821.008457032499868
11099470.288444054167315 1547821.307042969999824
11099470.288444054167315 1547821.605628907499780
11099470.288444054167315 1547821.904214844999736
11099470.288444054167315 1547822.202800782499692
11099470.288444054167315 1547822.501386719999648
11099470.587024783333852 1547817.425425782500396
11099470.587024783333852 1547817.724011720000352
11099470.587024783333852 1547818.022597657500308
11099470.587024783333852 1547818.321183595000264
11099470.587024783333852 1547818.619769532500220
11099470.587024783333852 1547818.918355470000176
11099470.587024783333852 1547819.216941407500132
11099470.587024783333852 1547819.515527345000088
11099470.587024783333852 1547819.814113282500044
11099470.587024783333852 1547820.112699220000000
11099470.587024783333852 1547820.411285157499956
11099470.587024783333852 1547820.709871094999912
11099470.587024783333852 1547821.008457032499868
11099470.587024783333852 1547821.307042969999824
11099470.587024783333852 1547821.605628907499780
11099470.587024783333852 1547821.904214844999736
11099470.587024783333852 1547822.202800782499692
11099470.587024783333852 1547822.501386719999648
11099470.885605512500389 1547817.425425782500396
11099470.885605512500389 1547817.724011720000352
11099470.885605512500389 1547818.022597657500308
11099470.885605512500389 1547818.321183595000264
11099470.885605512500389 1547818.619769532500220
11099470.885605512500389 1547818.918355470000176
11099470.885605512500389 1547819.216941407500132
11099470.885605512500389 1547819.515527345000088
11099470.885605512500389 1547819.814113282500044
11099470.885605512500389 1547820.112699220000000
11099470.885605512500389 1547820.411285157499956
11099470.885605512500389 1547820.709871094999912
11099470.885605512500389 1547821.008457032499868
11099470.885605512500389 1547821.307042969999824
11099470.885605512500389 1547821.605628907499780
11099470.885605512500389 1547821.904214844999736
11099470.885605512500389 1547822.202800782499692
11099470.885605512500389 1547822.501386719999648
11099471.184186241666926 1547817.425425782500396
11099471.184186241666926 1547817.724011720000352
11099471.184186241666926 1547818.022597657500308
11099471.184186241666926 1547818.321183595000264
11099471.184186241666926 1547818.619769532500220
11099471.184186241666926 1547818.918355470000176
11099471.184186241666926 1547819.216941407500132
11099471.184186241666926 1547819.515527345000088
11099471.184186241666926 1547819.814113282500044
11099471.184186241666926 1547820.112699220000000
11099471.184186241666926 1547820.411285157499956
11099471.184186241666926 1547820.709871094999912
11099471.184186241666926 1547821.008457032499868
11099471.184186241666926 1547821.307042969999824
11099471.184186241666926 1547821.605628907499780
11099471.184186241666926 1547821.904214844999736
11099471.184186241666926 1547822.202800782499692
11099471.184186241666926 1547822.501386719999648
11099471.482766970833463 1547817.425425782500396
11099471.482766970833463 1547817.724011720000352
11099471.482766970833463 1547818.022597657500308
11099471.482766970833463 1547818.321183595000264
11099471.482766970833463 1547818.619769532500220
11099471.482766970833463 1547818.918355470000176
11099471.482766970833463 1547819.216941407500132
11099471.482766970833463 1547819.515527345000088
11099471.482766970833463 1547819.814113282500044
11099471.482766970833463 1547820.112699220000000
11099471.482766970833463 1547820.411285157499956
11099471.482766970833463 1547820.709871094999912
11099471.482766970833463 1547821.008457032499868
11099471.482766970833463 1547821.307042969999824
11099471.482766970833463 1547821.605628907499780
11099471.482766970833463 1547821.904214844999736
11099471.482766970833463 1547822.202800782499692
11099471.482766970833463 1547822.501386719999648
11099471.781347700000000 1547817.425425782500396
11099471.781347700000000 1547817.724011720000352
11099471.781347700000000 1547818.022597657500308
11099471.781347700000000 1547818.321183595000264
11099471.781347700000000 1547818.619769532500220
11099471.781347700000000 1547818.918355470000176
11099471.781347700000000 1547819.216941407500132
11099471.781347700000000 1547819.515527345000088
11099471.781347700000000 1547819.814113282500044
11099471.781347700000000 1547820.112699220000000
11099471.781347700000000 1547820.411285157499956
11099471.781347700000000 1547820.709871094999912
11099471.781347700000000 1547821.008457032499868
11099471.781347700000000 1547821.307042969999824
11099471.781347700000000 1547821.605628907499780
11099471.781347700000000 1547821.904214844999736
11099471.781347700000000 1547822.202800782499692
11099471.781347700000000 1547822.501386719999648
11099472.079928429166537 1547817.425425782500396
11099472.079928429166537 1547817.724011720000352
11099472.079928429166537 1547818.022597657500308
11099472.079928429166537 1547818.321183595000264
11099472.079928429166537 1547818.619769532500220
11099472.079928429166537 1547818.918355470000176
11099472.079928429166537 1547819.216941407500132
11099472.079928429166537 1547819.515527345000088
11099472.079928429166537 1547819.814113282500044
11099472.079928429166537 1547820.112699220000000
11099472.079928429166537 1547820.411285157499956
11099472.079928429166537 1547820.709871094999912
11099472.079928429166537 1547821.008457032499868
11099472.079928429166537 1547821.307042969999824
11099472.079928429166537 1547821.605628907499780
11099472.079928429166537 1547821.904214844999736
11099472.079928429166537 1547822.202800782499692
11099472.079928429166537 1547822.501386719999648
11099472.378509158333074 1547817.425425782500396
11099472.378509158333074 1547817.724011720000352
11099472.378509158333074 1547818.022597657500308
11099472.378509158333074 1547818.321183595000264
11099472.378509158333074 1547818.619769532500220
11099472.378509158333074 1547818.918355470000176
11099472.378509158333074 1547819.216941407500132
11099472.378509158333074 1547819.515527345000088
11099472.378509158333074 1547819.814113282500044
11099472.378509158333074 1547820.112699220000000
11099472.378509158333074 1547820.411285157499956
11099472.378509158333074 1547820.709871094999912
11099472.378509158333074 1547821.008457032499868
11099472.378509158333074 1547821.307042969999824
11099472.378509158333074 1547821.605628907499780
11099472.378509158333074 1547821.904214844999736
11099472.378509158333074 1547822.202800782499692
11099472.378509158333074 1547822.501386719999648
11099472.677089887499611 1547817.425425782500396
11099472.677089887499611 1547817.724011720000352
11099472.677089887499611 1547818.022597657500308
11099472.677089887499611 1547818.321183595000264
11099472.677089887499611 1547818.619769532500220
11099472.677089887499611 1547818.918355470000176
11099472.677089887499611 1547819.216941407500132
11099472.677089887499611 1547819.515527345000088
11099472.677089887499611 1547819.814113282500044
11099472.677089887499611 1547820.112699220000000
11099472.677089887499611 1547820.411285157499956
11099472.677089887499611 1547820.709871094999912
11099472.677089887499611 1547821.008457032499868
11099472.677089887499611 1547821.307042969999824
11099472.677089887499611 1547821.605628907499780
11099472.677089887499611 1547821.904214844999736
11099472.677089887499611 1547822.202800782499692
11099472.677089887499611 1547822.501386719999648
11099472.975670616666148 1547817.425425782500396
11099472.975670616666148 1547817.724011720000352
11099472.975670616666148 1547818.022597657500308
11099472.975670616666148 1547818.321183595000264
11099472.975670616666148 1547818.619769532500220
11099472.975670616666148 1547818.918355470000176
11099472.975670616666148 1547819.216941407500132
11099472.975670616666148 1547819.515527345000088
11099472.975670616666148 1547819.814113282500044
11099472.975670616666148 1547820.112699220000000
11099472.975670616666148 1547820.411285157499956
11099472.975670616666148 1547820.709871094999912
11099472.975670616666148 1547821.008457032499868
11099472.975670616666148 1547821.307042969999824
11099472.975670616666148 1547821.605628907499780
11099472.975670616666148 1547821.904214844999736
11099472.975670616666148 1547822.202800782499692
11099472.975670616666148 1547822.501386719999648
11099473.274251345832685 1547817.425425782500396
11099473.274251345832685 1547817.724011720000352
11099473.274251345832685 1547818.022597657500308
11099473.274251345832685 1547818.321183595000264
11099473.274251345832685 1547818.619769532500220
11099473.274251345832685 1547818.918355470000176
11099473.274251345832685 1547819.216941407500132
11099473.274251345832685 1547819.515527345000088
11099473.274251345832685 1547819.814113282500044
11099473.274251345832685 1547820.112699220000000
11099473.274251345832685 1547820.411285157499956
11099473.274251345832685 1547820.709871094999912
11099473.274251345832685 1547821.008457032499868
11099473.274251345832685 1547821.307042969999824
11099473.274251345832685 1547821.605628907499780
11099473.274251345832685 1547821.904214844999736
11099473.274251345832685 1547822.202800782499692
11099473.274251345832685 1547822.501386719999648
11099473.572832074999222 1547817.425425782500396
11099473.572832074999222 1547817.724011720000352
11099473.572832074999222 1547818.022597657500308
11099473.572832074999222 1547818.321183595000264
11099473.572832074999222 1547818.619769532500220
11099473.572832074999222 1547818.918355470000176
11099473.572832074999222 1547819.216941407500132
11099473.572832074999222 1547819.515527345000088
11099473.572832074999222 1547819.814113282500044
11099473.572832074999222 1547820.112699220000000
11099473.572832074999222 1547820.411285157499956
11099473.572832074999222 1547820.709871094999912
11099473.572832074999222 1547821.008457032499868
11099473.572832074999222 1547821.307042969999824
11099473.572832074999222 1547821.605628907499780
11099473.572832074999222 1547821.904214844999736
11099473.572832074999222 1547822.202800782499692
11099473.572832074999222 1547822.501386719999648
11099473.871412804165759 1547817.425425782500396
11099473.871412804165759 1547817.724011720000352
11099473.871412804165759 1547818.022597657500308
11099473.871412804165759 1547818.321183595000264
11099473.871412804165759 1547818.619769532500220
11099473.871412804165759 1547818.918355470000176
11099473.871412804165759 1547819.216941407500132
11099473.871412804165759 1547819.515527345000088
11099473.871412804165759 1547819.814113282500044
11099473.871412804165759 1547820.112699220000000
11099473.871412804165759 1547820.411285157499956
11099473.871412804165759 1547820.709871094999912
11099473.871412804165759 1547821.008457032499868
11099473.871412804165759 1547821.307042969999824
11099473.871412804165759 1547821.605628907499780
11099473.871412804165759 1547821.904214844999736
11099473.871412804165759 1547822.202800782499692
11099473.871412804165759 1547822.501386719999648
11099474.169993533332296 1547817.425425782500396
11099474.169993533332296 1547817.724011720000352
11099474.169993533332296 1547818.022597657500308
11099474.169993533332296 1547818.321183595000264
11099474.169993533332296 1547818.619769532500220
11099474.169993533332296 1547818.918355470000176
11099474.169993533332296 1547819.216941407500132
11099474.169993533332296 1547819.515527345000088
11099474.169993533332296 1547819.814113282500044
11099474.169993533332296 1547820.112699220000000
11099474.169993533332296 1547820.411285157499956
11099474.169993533332296 1547820.709871094999912
11099474.169993533332296 1547821.008457032499868
11099474.169993533332296 1547821.307042969999824
11099474.169993533332296 1547821.605628907499780
11099474.169993533332296 1547821.904214844999736
11099474.169993533332296 1547822.202800782499692
11099474.169993533332296 1547822.501386719999648
