11099422.515527337501167 1547831.757550782500396
11099422.515527337501167 1547832.056136720000352
11099422.515527337501167 1547832.354722657500308
11099422.515527337501167 1547832.653308595000264
11099422.515527337501167 1547832.951894532500220
11099422.515527337501167 1547833.250480470000176
11099422.515527337501167 1547833.549066407500132
11099422.515527337501167 1547833.847652345000088
11099422.515527337501167 1547834.146238282500044
11099422.515527337501167 1547834.444824220000000
11099422.515527337501167 1547834.743410157499956
11099422.515527337501167 1547835.041996094999912
11099422.515527337501167 1547835.340582032499868
11099422.515527337501167 1547835.639167969999824
11099422.515527337501167 1547835.937753907499780
11099422.515527337501167 1547836.236339844999736
11099422.515527337501167 1547836.534925782499692
11099422.515527337501167 1547836.833511719999648
11099422.814108066667704 1547831.757550782500396
11099422.814108066667704 1547832.056136720000352
11099422.814108066667704 1547832.354722657500308
11099422.814108066667704 1547832.653308595000264
11099422.814108066667704 1547832.951894532500220
11099422.814108066667704 1547833.250480470000176
11099422.814108066667704 1547833.549066407500132
11099422.814108066667704 1547833.847652345000088
11099422.814108066667704 1547834.146238282500044
11099422.814108066667704 1547834.444824220000000
11099422.814108066667704 1547834.743410157499956
11099422.814108066667704 1547835.041996094999912
11099422.814108066667704 1547835.340582032499868
11099422.814108066667704 1547835.639167969999824
11099422.814108066667704 1547835.937753907499780
11099422.814108066667704 1547836.236339844999736
11099422.814108066667704 1547836.534925782499692
11099422.814108066667704 1547836.833511719999648
11099423.112688795834241 1547831.757550782500396
11099423.112688795834241 1547832.056136720000352
11099423.112688795834241 1547832.354722657500308
11099423.112688795834241 1547832.653308595000264
11099423.112688795834241 1547832.951894532500220
11099423.112688795834241 1547833.250480470000176
11099423.112688795834241 1547833.549066407500132
11099423.112688795834241 1547833.847652345000088
11099423.112688795834241 1547834.146238282500044
11099423.112688795834241 1547834.444824220000000
11099423.112688795834241 1547834.743410157499956
11099423.112688795834241 1547835.041996094999912
11099423.112688795834241 1547835.340582032499868
11099423.112688795834241 1547835.639167969999824
11099423.112688795834241 1547835.937753907499780
11099423.112688795834241 1547836.236339844999736
11099423.112688795834241 1547836.534925782499692
11099423.112688795834241 1547836.833511719999648
11099423.411269525000778 1547831.757550782500396
11099423.411269525000778 1547832.056136720000352
11099423.411269525000778 1547832.354722657500308
11099423.411269525000778 1547832.653308595000264
11099423.411269525000778 1547832.951894532500220
11099423.411269525000778 1547833.250480470000176
11099423.411269525000778 1547833.549066407500132
11099423.411269525000778 1547833.847652345000088
11099423.411269525000778 1547834.146238282500044
11099423.411269525000778 1547834.444824220000000
11099423.411269525000778 1547834.743410157499956
11099423.411269525000778 1547835.041996094999912
11099423.411269525000778 1547835.340582032499868
11099423.411269525000778 1547835.639167969999824
11099423.411269525000778 1547835.937753907499780
11099423.411269525000778 1547836.236339844999736
11099423.411269525000778 1547836.534925782499692
11099423.411269525000778 1547836.833511719999648
11099423.709850254167315 1547831.757550782500396
11099423.709850254167315 1547832.056136720000352
11099423.709850254167315 1547832.354722657500308
11099423.709850254167315 1547832.653308595000264
11099423.709850254167315 1547832.951894532500220
11099423.709850254167315 1547833.250480470000176
11099423.709850254167315 1547833.549066407500132
11099423.709850254167315 1547833.847652345000088
11099423.709850254167315 1547834.146238282500044
11099423.709850254167315 1547834.444824220000000
11099423.709850254167315 1547834.743410157499956
11099423.709850254167315 1547835.041996094999912
11099423.709850254167315 1547835.340582032499868
11099423.709850254167315 1547835.639167969999824
11099423.709850254167315 1547835.937753907499780
11099423.709850254167315 1547836.236339844999736
11099423.709850254167315 1547836.534925782499692
11099423.709850254167315 1547836.833511719999648
11099424.008430983333852 1547831.757550782500396
11099424.008430983333852 1547832.056136720000352
11099424.008430983333852 1547832.354722657500308
11099424.008430983333852 1547832.653308595000264
11099424.008430983333852 1547832.951894532500220
11099424.008430983333852 1547833.250480470000176
11099424.008430983333852 1547833.549066407500132
11099424.008430983333852 1547833.847652345000088
11099424.008430983333852 1547834.146238282500044
11099424.008430983333852 1547834.444824220000000
11099424.008430983333852 1547834.743410157499956
11099424.008430983333852 1547835.041996094999912
11099424.008430983333852 1547835.340582032499868
11099424.008430983333852 1547835.639167969999824
11099424.008430983333852 1547835.937753907499780
11099424.008430983333852 1547836.236339844999736
11099424.008430983333852 1547836.534925782499692
11099424.008430983333852 1547836.833511719999648
11099424.307011712500389 1547831.757550782500396
11099424.307011712500389 1547832.056136720000352
11099424.307011712500389 1547832.354722657500308
11099424.307011712500389 1547832.653308595000264
11099424.307011712500389 1547832.951894532500220
11099424.307011712500389 1547833.250480470000176
11099424.307011712500389 1547833.549066407500132
11099424.307011712500389 1547833.847652345000088
11099424.307011712500389 1547834.146238282500044
11099424.307011712500389 1547834.444824220000000
11099424.307011712500389 1547834.743410157499956
11099424.307011712500389 1547835.041996094999912
11099424.307011712500389 1547835.340582032499868
11099424.307011712500389 1547835.639167969999824
11099424.307011712500389 1547835.937753907499780
11099424.307011712500389 1547836.236339844999736
11099424.307011712500389 1547836.534925782499692
11099424.307011712500389 1547836.833511719999648
11099424.605592441666926 1547831.757550782500396
11099424.605592441666926 1547832.056136720000352
11099424.605592441666926 1547832.354722657500308
11099424.605592441666926 1547832.653308595000264
11099424.605592441666926 1547832.951894532500220
11099424.605592441666926 1547833.250480470000176
11099424.605592441666926 1547833.549066407500132
11099424.605592441666926 1547833.847652345000088
11099424.605592441666926 1547834.146238282500044
11099424.605592441666926 1547834.444824220000000
11099424.605592441666926 1547834.743410157499956
11099424.605592441666926 1547835.041996094999912
11099424.605592441666926 1547835.340582032499868
11099424.605592441666926 1547835.639167969999824
11099424.605592441666926 1547835.937753907499780
11099424.605592441666926 1547836.236339844999736
11099424.605592441666926 1547836.534925782499692
11099424.605592441666926 1547836.833511719999648
11099424.904173170833463 1547831.757550782500396
11099424.904173170833463 1547832.056136720000352
11099424.904173170833463 1547832.354722657500308
11099424.904173170833463 1547832.653308595000264
11099424.904173170833463 1547832.951894532500220
11099424.904173170833463 1547833.250480470000176
11099424.904173170833463 1547833.549066407500132
11099424.904173170833463 1547833.847652345000088
11099424.904173170833463 1547834.146238282500044
11099424.904173170833463 1547834.444824220000000
11099424.904173170833463 1547834.743410157499956
11099424.904173170833463 1547835.041996094999912
11099424.904173170833463 1547835.340582032499868
11099424.904173170833463 1547835.639167969999824
11099424.904173170833463 1547835.937753907499780
11099424.904173170833463 1547836.236339844999736
11099424.904173170833463 1547836.534925782499692
11099424.904173170833463 1547836.833511719999648
11099425.202753900000000 1547831.757550782500396
11099425.202753900000000 1547832.056136720000352
11099425.202753900000000 1547832.354722657500308
11099425.202753900000000 1547832.653308595000264
11099425.202753900000000 1547832.951894532500220
11099425.202753900000000 1547833.250480470000176
11099425.202753900000000 1547833.549066407500132
11099425.202753900000000 1547833.847652345000088
11099425.202753900000000 1547834.146238282500044
11099425.202753900000000 1547834.444824220000000
11099425.202753900000000 1547834.743410157499956
11099425.202753900000000 1547835.041996094999912
11099425.202753900000000 1547835.340582032499868
11099425.202753900000000 1547835.639167969999824
11099425.202753900000000 1547835.937753907499780
11099425.202753900000000 1547836.236339844999736
11099425.202753900000000 1547836.534925782499692
11099425.202753900000000 1547836.833511719999648
11099425.501334629166537 1547831.757550782500396
11099425.501334629166537 1547832.056136720000352
11099425.501334629166537 1547832.354722657500308
11099425.501334629166537 1547832.653308595000264
11099425.501334629166537 1547832.951894532500220
11099425.501334629166537 1547833.250480470000176
11099425.501334629166537 1547833.549066407500132
11099425.501334629166537 1547833.847652345000088
11099425.501334629166537 1547834.146238282500044
11099425.501334629166537 1547834.444824220000000
11099425.501334629166537 1547834.743410157499956
11099425.501334629166537 1547835.041996094999912
11099425.501334629166537 1547835.340582032499868
11099425.501334629166537 1547835.639167969999824
11099425.501334629166537 1547835.937753907499780
11099425.501334629166537 1547836.236339844999736
11099425.501334629166537 1547836.534925782499692
11099425.501334629166537 1547836.833511719999648
11099425.799915358333074 1547831.757550782500396
11099425.799915358333074 1547832.056136720000352
11099425.799915358333074 1547832.354722657500308
11099425.799915358333074 1547832.653308595000264
11099425.799915358333074 1547832.951894532500220
11099425.799915358333074 1547833.250480470000176
11099425.799915358333074 1547833.549066407500132
11099425.799915358333074 1547833.847652345000088
11099425.799915358333074 1547834.146238282500044
11099425.799915358333074 1547834.444824220000000
11099425.799915358333074 1547834.743410157499956
11099425.799915358333074 1547835.041996094999912
11099425.799915358333074 1547835.340582032499868
11099425.799915358333074 1547835.639167969999824
11099425.799915358333074 1547835.937753907499780
11099425.799915358333074 1547836.236339844999736
11099425.799915358333074 1547836.534925782499692
11099425.799915358333074 1547836.833511719999648
11099426.098496087499611 1547831.757550782500396
11099426.098496087499611 1547832.056136720000352
11099426.098496087499611 1547832.354722657500308
11099426.098496087499611 1547832.653308595000264
11099426.098496087499611 1547832.951894532500220
11099426.098496087499611 1547833.250480470000176
11099426.098496087499611 1547833.549066407500132
11099426.098496087499611 1547833.847652345000088
11099426.098496087499611 1547834.146238282500044
11099426.098496087499611 1547834.444824220000000
11099426.098496087499611 1547834.743410157499956
11099426.098496087499611 1547835.041996094999912
11099426.098496087499611 1547835.340582032499868
11099426.098496087499611 1547835.639167969999824
11099426.098496087499611 1547835.937753907499780
11099426.098496087499611 1547836.236339844999736
11099426.098496087499611 1547836.534925782499692
11099426.098496087499611 1547836.833511719999648
11099426.397076816666148 1547831.757550782500396
11099426.397076816666148 1547832.056136720000352
11099426.397076816666148 1547832.354722657500308
11099426.397076816666148 1547832.653308595000264
11099426.397076816666148 1547832.951894532500220
11099426.397076816666148 1547833.250480470000176
11099426.397076816666148 1547833.549066407500132
11099426.397076816666148 1547833.847652345000088
11099426.397076816666148 1547834.146238282500044
11099426.397076816666148 1547834.444824220000000
11099426.397076816666148 1547834.743410157499956
11099426.397076816666148 1547835.041996094999912
11099426.397076816666148 1547835.340582032499868
11099426.397076816666148 1547835.639167969999824
11099426.397076816666148 1547835.937753907499780
11099426.397076816666148 1547836.236339844999736
11099426.397076816666148 1547836.534925782499692
11099426.397076816666148 1547836.833511719999648
11099426.695657545832685 1547831.757550782500396
11099426.695657545832685 1547832.056136720000352
11099426.695657545832685 1547832.354722657500308
11099426.695657545832685 1547832.653308595000264
11099426.695657545832685 1547832.951894532500220
11099426.695657545832685 1547833.250480470000176
11099426.695657545832685 1547833.549066407500132
11099426.695657545832685 1547833.847652345000088
11099426.695657545832685 1547834.146238282500044
11099426.695657545832685 1547834.444824220000000
11099426.695657545832685 1547834.743410157499956
11099426.695657545832685 1547835.041996094999912
11099426.695657545832685 1547835.340582032499868
11099426.695657545832685 1547835.639167969999824
11099426.695657545832685 1547835.937753907499780
11099426.695657545832685 1547836.236339844999736
11099426.695657545832685 1547836.534925782499692
11099426.695657545832685 1547836.833511719999648
11099426.994238274999222 1547831.757550782500396
11099426.994238274999222 1547832.056136720000352
11099426.994238274999222 1547832.354722657500308
11099426.994238274999222 1547832.653308595000264
11099426.994238274999222 1547832.951894532500220
11099426.994238274999222 1547833.250480470000176
11099426.994238274999222 1547833.549066407500132
11099426.994238274999222 1547833.847652345000088
11099426.994238274999222 1547834.146238282500044
11099426.994238274999222 1547834.444824220000000
11099426.994238274999222 1547834.743410157499956
11099426.994238274999222 1547835.041996094999912
11099426.994238274999222 1547835.340582032499868
11099426.994238274999222 1547835.639167969999824
11099426.994238274999222 1547835.937753907499780
11099426.994238274999222 1547836.236339844999736
11099426.994238274999222 1547836.534925782499692
11099426.994238274999222 1547836.833511719999648
11099427.292819004165759 1547831.757550782500396
11099427.292819004165759 1547832.056136720000352
11099427.292819004165759 1547832.354722657500308
11099427.292819004165759 1547832.653308595000264
11099427.292819004165759 1547832.951894532500220
11099427.292819004165759 1547833.250480470000176
11099427.292819004165759 1547833.549066407500132
11099427.292819004165759 1547833.847652345000088
11099427.292819004165759 1547834.146238282500044
11099427.292819004165759 1547834.444824220000000
11099427.292819004165759 1547834.743410157499956
11099427.292819004165759 1547835.041996094999912
11099427.292819004165759 1547835.340582032499868
11099427.292819004165759 1547835.639167969999824
11099427.292819004165759 1547835.937753907499780
11099427.292819004165759 1547836.236339844999736
11099427.292819004165759 1547836.534925782499692
11099427.292819004165759 1547836.833511719999648
11099427.591399733332296 1547831.757550782500396
11099427.591399733332296 1547832.056136720000352
11099427.591399733332296 1547832.354722657500308
11099427.591399733332296 1547832.653308595000264
11099427.591399733332296 1547832.951894532500220
11099427.591399733332296 1547833.250480470000176
11099427.591399733332296 1547833.549066407500132
11099427.591399733332296 1547833.847652345000088
11099427.591399733332296 1547834.146238282500044
11099427.591399733332296 1547834.444824220000000
11099427.591399733332296 1547834.743410157499956
11099427.591399733332296 1547835.041996094999912
11099427.591399733332296 1547835.340582032499868
11099427.591399733332296 1547835.639167969999824
11099427.591399733332296 1547835.937753907499780
11099427.591399733332296 1547836.236339844999736
11099427.591399733332296 1547836.534925782499692
11099427.591399733332296 1547836.833511719999648
