11099447.596308637501167 1547613.491230472500396
11099447.596308637501167 1547613.789816410000352
11099447.596308637501167 1547614.088402347500308
11099447.596308637501167 1547614.386988285000264
11099447.596308637501167 1547614.685574222500220
11099447.596308637501167 1547614.984160160000176
11099447.596308637501167 1547615.282746097500132
11099447.596308637501167 1547615.581332035000088
11099447.596308637501167 1547615.879917972500044
11099447.596308637501167 1547616.178503910000000
11099447.596308637501167 1547616.477089847499956
11099447.596308637501167 1547616.775675784999912
11099447.596308637501167 1547617.074261722499868
11099447.596308637501167 1547617.372847659999824
11099447.596308637501167 1547617.671433597499780
11099447.596308637501167 1547617.970019534999736
11099447.596308637501167 1547618.268605472499692
11099447.596308637501167 1547618.567191409999648
11099447.894889366667704 1547613.491230472500396
11099447.894889366667704 1547613.789816410000352
11099447.894889366667704 1547614.088402347500308
11099447.894889366667704 1547614.386988285000264
11099447.894889366667704 1547614.685574222500220
11099447.894889366667704 1547614.984160160000176
11099447.894889366667704 1547615.282746097500132
11099447.894889366667704 1547615.581332035000088
11099447.894889366667704 1547615.879917972500044
11099447.894889366667704 1547616.178503910000000
11099447.894889366667704 1547616.477089847499956
11099447.894889366667704 1547616.775675784999912
11099447.894889366667704 1547617.074261722499868
11099447.894889366667704 1547617.372847659999824
11099447.894889366667704 1547617.671433597499780
11099447.894889366667704 1547617.970019534999736
11099447.894889366667704 1547618.268605472499692
11099447.894889366667704 1547618.567191409999648
11099448.193470095834241 1547613.491230472500396
11099448.193470095834241 1547613.789816410000352
11099448.193470095834241 1547614.088402347500308
11099448.193470095834241 1547614.386988285000264
11099448.193470095834241 1547614.685574222500220
11099448.193470095834241 1547614.984160160000176
11099448.193470095834241 1547615.282746097500132
11099448.193470095834241 1547615.581332035000088
11099448.193470095834241 1547615.879917972500044
11099448.193470095834241 1547616.178503910000000
11099448.193470095834241 1547616.477089847499956
11099448.193470095834241 1547616.775675784999912
11099448.193470095834241 1547617.074261722499868
11099448.193470095834241 1547617.372847659999824
11099448.193470095834241 1547617.671433597499780
11099448.193470095834241 1547617.970019534999736
11099448.193470095834241 1547618.268605472499692
11099448.193470095834241 1547618.567191409999648
11099448.492050825000778 1547613.491230472500396
11099448.492050825000778 1547613.789816410000352
11099448.492050825000778 1547614.088402347500308
11099448.492050825000778 1547614.386988285000264
11099448.492050825000778 1547614.685574222500220
11099448.492050825000778 1547614.984160160000176
11099448.492050825000778 1547615.282746097500132
11099448.492050825000778 1547615.581332035000088
11099448.492050825000778 1547615.879917972500044
11099448.492050825000778 1547616.178503910000000
11099448.492050825000778 1547616.477089847499956
11099448.492050825000778 1547616.775675784999912
11099448.492050825000778 1547617.074261722499868
11099448.492050825000778 1547617.372847659999824
11099448.492050825000778 1547617.671433597499780
11099448.492050825000778 1547617.970019534999736
11099448.492050825000778 1547618.268605472499692
11099448.492050825000778 1547618.567191409999648
11099448.790631554167315 1547613.491230472500396
11099448.790631554167315 1547613.789816410000352
11099448.790631554167315 1547614.088402347500308
11099448.790631554167315 1547614.386988285000264
11099448.790631554167315 1547614.685574222500220
11099448.790631554167315 1547614.984160160000176
11099448.790631554167315 1547615.282746097500132
11099448.790631554167315 1547615.581332035000088
11099448.790631554167315 1547615.879917972500044
11099448.790631554167315 1547616.178503910000000
11099448.790631554167315 1547616.477089847499956
11099448.790631554167315 1547616.775675784999912
11099448.790631554167315 1547617.074261722499868
11099448.790631554167315 1547617.372847659999824
11099448.790631554167315 1547617.671433597499780
11099448.790631554167315 1547617.970019534999736
11099448.790631554167315 1547618.268605472499692
11099448.790631554167315 1547618.567191409999648
11099449.089212283333852 1547613.491230472500396
11099449.089212283333852 1547613.789816410000352
11099449.089212283333852 1547614.088402347500308
11099449.089212283333852 1547614.386988285000264
11099449.089212283333852 1547614.685574222500220
11099449.089212283333852 1547614.984160160000176
11099449.089212283333852 1547615.282746097500132
11099449.089212283333852 1547615.581332035000088
11099449.089212283333852 1547615.879917972500044
11099449.089212283333852 1547616.178503910000000
11099449.089212283333852 1547616.477089847499956
11099449.089212283333852 1547616.775675784999912
11099449.089212283333852 1547617.074261722499868
11099449.089212283333852 1547617.372847659999824
11099449.089212283333852 1547617.671433597499780
11099449.089212283333852 1547617.970019534999736
11099449.089212283333852 1547618.268605472499692
11099449.089212283333852 1547618.567191409999648
11099449.387793012500389 1547613.491230472500396
11099449.387793012500389 1547613.789816410000352
11099449.387793012500389 1547614.088402347500308
11099449.387793012500389 1547614.386988285000264
11099449.387793012500389 1547614.685574222500220
11099449.387793012500389 1547614.984160160000176
11099449.387793012500389 1547615.282746097500132
11099449.387793012500389 1547615.581332035000088
11099449.387793012500389 1547615.879917972500044
11099449.387793012500389 1547616.178503910000000
11099449.387793012500389 1547616.477089847499956
11099449.387793012500389 1547616.775675784999912
11099449.387793012500389 1547617.074261722499868
11099449.387793012500389 1547617.372847659999824
11099449.387793012500389 1547617.671433597499780
11099449.387793012500389 1547617.970019534999736
11099449.387793012500389 1547618.268605472499692
11099449.387793012500389 1547618.567191409999648
11099449.686373741666926 1547613.491230472500396
11099449.686373741666926 1547613.789816410000352
11099449.686373741666926 1547614.088402347500308
11099449.686373741666926 1547614.386988285000264
11099449.686373741666926 1547614.685574222500220
11099449.686373741666926 1547614.984160160000176
11099449.686373741666926 1547615.282746097500132
11099449.686373741666926 1547615.581332035000088
11099449.686373741666926 1547615.879917972500044
11099449.686373741666926 1547616.178503910000000
11099449.686373741666926 1547616.477089847499956
11099449.686373741666926 1547616.775675784999912
11099449.686373741666926 1547617.074261722499868
11099449.686373741666926 1547617.372847659999824
11099449.686373741666926 1547617.671433597499780
11099449.686373741666926 1547617.970019534999736
11099449.686373741666926 1547618.268605472499692
11099449.686373741666926 1547618.567191409999648
11099449.984954470833463 1547613.491230472500396
11099449.984954470833463 1547613.789816410000352
11099449.984954470833463 1547614.088402347500308
11099449.984954470833463 1547614.386988285000264
11099449.984954470833463 1547614.685574222500220
11099449.984954470833463 1547614.984160160000176
11099449.984954470833463 1547615.282746097500132
11099449.984954470833463 1547615.581332035000088
11099449.984954470833463 1547615.879917972500044
11099449.984954470833463 1547616.178503910000000
11099449.984954470833463 1547616.477089847499956
11099449.984954470833463 1547616.775675784999912
11099449.984954470833463 1547617.074261722499868
11099449.984954470833463 1547617.372847659999824
11099449.984954470833463 1547617.671433597499780
11099449.984954470833463 1547617.970019534999736
11099449.984954470833463 1547618.268605472499692
11099449.984954470833463 1547618.567191409999648
11099450.283535200000000 1547613.491230472500396
11099450.283535200000000 1547613.789816410000352
11099450.283535200000000 1547614.088402347500308
11099450.283535200000000 1547614.386988285000264
11099450.283535200000000 1547614.685574222500220
11099450.283535200000000 1547614.984160160000176
11099450.283535200000000 1547615.282746097500132
11099450.283535200000000 1547615.581332035000088
11099450.283535200000000 1547615.879917972500044
11099450.283535200000000 1547616.178503910000000
11099450.283535200000000 1547616.477089847499956
11099450.283535200000000 1547616.775675784999912
11099450.283535200000000 1547617.074261722499868
11099450.283535200000000 1547617.372847659999824
11099450.283535200000000 1547617.671433597499780
11099450.283535200000000 1547617.970019534999736
11099450.283535200000000 1547618.268605472499692
11099450.283535200000000 1547618.567191409999648
11099450.582115929166537 1547613.491230472500396
11099450.582115929166537 1547613.789816410000352
11099450.582115929166537 1547614.088402347500308
11099450.582115929166537 1547614.386988285000264
11099450.582115929166537 1547614.685574222500220
11099450.582115929166537 1547614.984160160000176
11099450.582115929166537 1547615.282746097500132
11099450.582115929166537 1547615.581332035000088
11099450.582115929166537 1547615.879917972500044
11099450.582115929166537 1547616.178503910000000
11099450.582115929166537 1547616.477089847499956
11099450.582115929166537 1547616.775675784999912
11099450.582115929166537 1547617.074261722499868
11099450.582115929166537 1547617.372847659999824
11099450.582115929166537 1547617.671433597499780
11099450.582115929166537 1547617.970019534999736
11099450.582115929166537 1547618.268605472499692
11099450.582115929166537 1547618.567191409999648
11099450.880696658333074 1547613.491230472500396
11099450.880696658333074 1547613.789816410000352
11099450.880696658333074 1547614.088402347500308
11099450.880696658333074 1547614.386988285000264
11099450.880696658333074 1547614.685574222500220
11099450.880696658333074 1547614.984160160000176
11099450.880696658333074 1547615.282746097500132
11099450.880696658333074 1547615.581332035000088
11099450.880696658333074 1547615.879917972500044
11099450.880696658333074 1547616.178503910000000
11099450.880696658333074 1547616.477089847499956
11099450.880696658333074 1547616.775675784999912
11099450.880696658333074 1547617.074261722499868
11099450.880696658333074 1547617.372847659999824
11099450.880696658333074 1547617.671433597499780
11099450.880696658333074 1547617.970019534999736
11099450.880696658333074 1547618.268605472499692
11099450.880696658333074 1547618.567191409999648
11099451.179277387499611 1547613.491230472500396
11099451.179277387499611 1547613.789816410000352
11099451.179277387499611 1547614.088402347500308
11099451.179277387499611 1547614.386988285000264
11099451.179277387499611 1547614.685574222500220
11099451.179277387499611 1547614.984160160000176
11099451.179277387499611 1547615.282746097500132
11099451.179277387499611 1547615.581332035000088
11099451.179277387499611 1547615.879917972500044
11099451.179277387499611 1547616.178503910000000
11099451.179277387499611 1547616.477089847499956
11099451.179277387499611 1547616.775675784999912
11099451.179277387499611 1547617.074261722499868
11099451.179277387499611 1547617.372847659999824
11099451.179277387499611 1547617.671433597499780
11099451.179277387499611 1547617.970019534999736
11099451.179277387499611 1547618.268605472499692
11099451.179277387499611 1547618.567191409999648
11099451.477858116666148 1547613.491230472500396
11099451.477858116666148 1547613.789816410000352
11099451.477858116666148 1547614.088402347500308
11099451.477858116666148 1547614.386988285000264
11099451.477858116666148 1547614.685574222500220
11099451.477858116666148 1547614.984160160000176
11099451.477858116666148 1547615.282746097500132
11099451.477858116666148 1547615.581332035000088
11099451.477858116666148 1547615.879917972500044
11099451.477858116666148 1547616.178503910000000
11099451.477858116666148 1547616.477089847499956
11099451.477858116666148 1547616.775675784999912
11099451.477858116666148 1547617.074261722499868
11099451.477858116666148 1547617.372847659999824
11099451.477858116666148 1547617.671433597499780
11099451.477858116666148 1547617.970019534999736
11099451.477858116666148 1547618.268605472499692
11099451.477858116666148 1547618.567191409999648
11099451.776438845832685 1547613.491230472500396
11099451.776438845832685 1547613.789816410000352
11099451.776438845832685 1547614.088402347500308
11099451.776438845832685 1547614.386988285000264
11099451.776438845832685 1547614.685574222500220
11099451.776438845832685 1547614.984160160000176
11099451.776438845832685 1547615.282746097500132
11099451.776438845832685 1547615.581332035000088
11099451.776438845832685 1547615.879917972500044
11099451.776438845832685 1547616.178503910000000
11099451.776438845832685 1547616.477089847499956
11099451.776438845832685 1547616.775675784999912
11099451.776438845832685 1547617.074261722499868
11099451.776438845832685 1547617.372847659999824
11099451.776438845832685 1547617.671433597499780
11099451.776438845832685 1547617.970019534999736
11099451.776438845832685 1547618.268605472499692
11099451.776438845832685 1547618.567191409999648
11099452.075019574999222 1547613.491230472500396
11099452.075019574999222 1547613.789816410000352
11099452.075019574999222 1547614.088402347500308
11099452.075019574999222 1547614.386988285000264
11099452.075019574999222 1547614.685574222500220
11099452.075019574999222 1547614.984160160000176
11099452.075019574999222 1547615.282746097500132
11099452.075019574999222 1547615.581332035000088
11099452.075019574999222 1547615.879917972500044
11099452.075019574999222 1547616.178503910000000
11099452.075019574999222 1547616.477089847499956
11099452.075019574999222 1547616.775675784999912
11099452.075019574999222 1547617.074261722499868
11099452.075019574999222 1547617.372847659999824
11099452.075019574999222 1547617.671433597499780
11099452.075019574999222 1547617.970019534999736
11099452.075019574999222 1547618.268605472499692
11099452.075019574999222 1547618.567191409999648
11099452.373600304165759 1547613.491230472500396
11099452.373600304165759 1547613.789816410000352
11099452.373600304165759 1547614.088402347500308
11099452.373600304165759 1547614.386988285000264
11099452.373600304165759 1547614.685574222500220
11099452.373600304165759 1547614.984160160000176
11099452.373600304165759 1547615.282746097500132
11099452.373600304165759 1547615.581332035000088
11099452.373600304165759 1547615.879917972500044
11099452.373600304165759 1547616.178503910000000
11099452.373600304165759 1547616.477089847499956
11099452.373600304165759 1547616.775675784999912
11099452.373600304165759 1547617.074261722499868
11099452.373600304165759 1547617.372847659999824
11099452.373600304165759 1547617.671433597499780
11099452.373600304165759 1547617.970019534999736
11099452.373600304165759 1547618.268605472499692
11099452.373600304165759 1547618.567191409999648
11099452.672181033332296 1547613.491230472500396
11099452.672181033332296 1547613.789816410000352
11099452.672181033332296 1547614.088402347500308
11099452.672181033332296 1547614.386988285000264
11099452.672181033332296 1547614.685574222500220
11099452.672181033332296 1547614.984160160000176
11099452.672181033332296 1547615.282746097500132
11099452.672181033332296 1547615.581332035000088
11099452.672181033332296 1547615.879917972500044
11099452.672181033332296 1547616.178503910000000
11099452.672181033332296 1547616.477089847499956
11099452.672181033332296 1547616.775675784999912
11099452.672181033332296 1547617.074261722499868
11099452.672181033332296 1547617.372847659999824
11099452.672181033332296 1547617.671433597499780
11099452.672181033332296 1547617.970019534999736
11099452.672181033332296 1547618.268605472499692
11099452.672181033332296 1547618.567191409999648
