11099091.688079437501167 1547830.861792972500396
11099091.688079437501167 1547831.160378910000352
11099091.688079437501167 1547831.458964847500308
11099091.688079437501167 1547831.757550785000264
11099091.688079437501167 1547832.056136722500220
11099091.688079437501167 1547832.354722660000176
11099091.688079437501167 1547832.653308597500132
11099091.688079437501167 1547832.951894535000088
11099091.688079437501167 1547833.250480472500044
11099091.688079437501167 1547833.549066410000000
11099091.688079437501167 1547833.847652347499956
11099091.688079437501167 1547834.146238284999912
11099091.688079437501167 1547834.444824222499868
11099091.688079437501167 1547834.743410159999824
11099091.688079437501167 1547835.041996097499780
11099091.688079437501167 1547835.340582034999736
11099091.688079437501167 1547835.639167972499692
11099091.688079437501167 1547835.937753909999648
11099091.986660166667704 1547830.861792972500396
11099091.986660166667704 1547831.160378910000352
11099091.986660166667704 1547831.458964847500308
11099091.986660166667704 1547831.757550785000264
11099091.986660166667704 1547832.056136722500220
11099091.986660166667704 1547832.354722660000176
11099091.986660166667704 1547832.653308597500132
11099091.986660166667704 1547832.951894535000088
11099091.986660166667704 1547833.250480472500044
11099091.986660166667704 1547833.549066410000000
11099091.986660166667704 1547833.847652347499956
11099091.986660166667704 1547834.146238284999912
11099091.986660166667704 1547834.444824222499868
11099091.986660166667704 1547834.743410159999824
11099091.986660166667704 1547835.041996097499780
11099091.986660166667704 1547835.340582034999736
11099091.986660166667704 1547835.639167972499692
11099091.986660166667704 1547835.937753909999648
11099092.285240895834241 1547830.861792972500396
11099092.285240895834241 1547831.160378910000352
11099092.285240895834241 1547831.458964847500308
11099092.285240895834241 1547831.757550785000264
11099092.285240895834241 1547832.056136722500220
11099092.285240895834241 1547832.354722660000176
11099092.285240895834241 1547832.653308597500132
11099092.285240895834241 1547832.951894535000088
11099092.285240895834241 1547833.250480472500044
11099092.285240895834241 1547833.549066410000000
11099092.285240895834241 1547833.847652347499956
11099092.285240895834241 1547834.146238284999912
11099092.285240895834241 1547834.444824222499868
11099092.285240895834241 1547834.743410159999824
11099092.285240895834241 1547835.041996097499780
11099092.285240895834241 1547835.340582034999736
11099092.285240895834241 1547835.639167972499692
11099092.285240895834241 1547835.937753909999648
11099092.583821625000778 1547830.861792972500396
11099092.583821625000778 1547831.160378910000352
11099092.583821625000778 1547831.458964847500308
11099092.583821625000778 1547831.757550785000264
11099092.583821625000778 1547832.056136722500220
11099092.583821625000778 1547832.354722660000176
11099092.583821625000778 1547832.653308597500132
11099092.583821625000778 1547832.951894535000088
11099092.583821625000778 1547833.250480472500044
11099092.583821625000778 1547833.549066410000000
11099092.583821625000778 1547833.847652347499956
11099092.583821625000778 1547834.146238284999912
11099092.583821625000778 1547834.444824222499868
11099092.583821625000778 1547834.743410159999824
11099092.583821625000778 1547835.041996097499780
11099092.583821625000778 1547835.340582034999736
11099092.583821625000778 1547835.639167972499692
11099092.583821625000778 1547835.937753909999648
11099092.882402354167315 1547830.861792972500396
11099092.882402354167315 1547831.160378910000352
11099092.882402354167315 1547831.458964847500308
11099092.882402354167315 1547831.757550785000264
11099092.882402354167315 1547832.056136722500220
11099092.882402354167315 1547832.354722660000176
11099092.882402354167315 1547832.653308597500132
11099092.882402354167315 1547832.951894535000088
11099092.882402354167315 1547833.250480472500044
11099092.882402354167315 1547833.549066410000000
11099092.882402354167315 1547833.847652347499956
11099092.882402354167315 1547834.146238284999912
11099092.882402354167315 1547834.444824222499868
11099092.882402354167315 1547834.743410159999824
11099092.882402354167315 1547835.041996097499780
11099092.882402354167315 1547835.340582034999736
11099092.882402354167315 1547835.639167972499692
11099092.882402354167315 1547835.937753909999648
11099093.180983083333852 1547830.861792972500396
11099093.180983083333852 1547831.160378910000352
11099093.180983083333852 1547831.458964847500308
11099093.180983083333852 1547831.757550785000264
11099093.180983083333852 1547832.056136722500220
11099093.180983083333852 1547832.354722660000176
11099093.180983083333852 1547832.653308597500132
11099093.180983083333852 1547832.951894535000088
11099093.180983083333852 1547833.250480472500044
11099093.180983083333852 1547833.549066410000000
11099093.180983083333852 1547833.847652347499956
11099093.180983083333852 1547834.146238284999912
11099093.180983083333852 1547834.444824222499868
11099093.180983083333852 1547834.743410159999824
11099093.180983083333852 1547835.041996097499780
11099093.180983083333852 1547835.340582034999736
11099093.180983083333852 1547835.639167972499692
11099093.180983083333852 1547835.937753909999648
11099093.479563812500389 1547830.861792972500396
11099093.479563812500389 1547831.160378910000352
11099093.479563812500389 1547831.458964847500308
11099093.479563812500389 1547831.757550785000264
11099093.479563812500389 1547832.056136722500220
11099093.479563812500389 1547832.354722660000176
11099093.479563812500389 1547832.653308597500132
11099093.479563812500389 1547832.951894535000088
11099093.479563812500389 1547833.250480472500044
11099093.479563812500389 1547833.549066410000000
11099093.479563812500389 1547833.847652347499956
11099093.479563812500389 1547834.146238284999912
11099093.479563812500389 1547834.444824222499868
11099093.479563812500389 1547834.743410159999824
11099093.479563812500389 1547835.041996097499780
11099093.479563812500389 1547835.340582034999736
11099093.479563812500389 1547835.639167972499692
11099093.479563812500389 1547835.937753909999648
11099093.778144541666926 1547830.861792972500396
11099093.778144541666926 1547831.160378910000352
11099093.778144541666926 1547831.458964847500308
11099093.778144541666926 1547831.757550785000264
11099093.778144541666926 1547832.056136722500220
11099093.778144541666926 1547832.354722660000176
11099093.778144541666926 1547832.653308597500132
11099093.778144541666926 1547832.951894535000088
11099093.778144541666926 1547833.250480472500044
11099093.778144541666926 1547833.549066410000000
11099093.778144541666926 1547833.847652347499956
11099093.778144541666926 1547834.146238284999912
11099093.778144541666926 1547834.444824222499868
11099093.778144541666926 1547834.743410159999824
11099093.778144541666926 1547835.041996097499780
11099093.778144541666926 1547835.340582034999736
11099093.778144541666926 1547835.639167972499692
11099093.778144541666926 1547835.937753909999648
11099094.076725270833463 1547830.861792972500396
11099094.076725270833463 1547831.160378910000352
11099094.076725270833463 1547831.458964847500308
11099094.076725270833463 1547831.757550785000264
11099094.076725270833463 1547832.056136722500220
11099094.076725270833463 1547832.354722660000176
11099094.076725270833463 1547832.653308597500132
11099094.076725270833463 1547832.951894535000088
11099094.076725270833463 1547833.250480472500044
11099094.076725270833463 1547833.549066410000000
11099094.076725270833463 1547833.847652347499956
11099094.076725270833463 1547834.146238284999912
11099094.076725270833463 1547834.444824222499868
11099094.076725270833463 1547834.743410159999824
11099094.076725270833463 1547835.041996097499780
11099094.076725270833463 1547835.340582034999736
11099094.076725270833463 1547835.639167972499692
11099094.076725270833463 1547835.937753909999648
11099094.375306000000000 1547830.861792972500396
11099094.375306000000000 1547831.160378910000352
11099094.375306000000000 1547831.458964847500308
11099094.375306000000000 1547831.757550785000264
11099094.375306000000000 1547832.056136722500220
11099094.375306000000000 1547832.354722660000176
11099094.375306000000000 1547832.653308597500132
11099094.375306000000000 1547832.951894535000088
11099094.375306000000000 1547833.250480472500044
11099094.375306000000000 1547833.549066410000000
11099094.375306000000000 1547833.847652347499956
11099094.375306000000000 1547834.146238284999912
11099094.375306000000000 1547834.444824222499868
11099094.375306000000000 1547834.743410159999824
11099094.375306000000000 1547835.041996097499780
11099094.375306000000000 1547835.340582034999736
11099094.375306000000000 1547835.639167972499692
11099094.375306000000000 1547835.937753909999648
11099094.673886729166537 1547830.861792972500396
11099094.673886729166537 1547831.160378910000352
11099094.673886729166537 1547831.458964847500308
11099094.673886729166537 1547831.757550785000264
11099094.673886729166537 1547832.056136722500220
11099094.673886729166537 1547832.354722660000176
11099094.673886729166537 1547832.653308597500132
11099094.673886729166537 1547832.951894535000088
11099094.673886729166537 1547833.250480472500044
11099094.673886729166537 1547833.549066410000000
11099094.673886729166537 1547833.847652347499956
11099094.673886729166537 1547834.146238284999912
11099094.673886729166537 1547834.444824222499868
11099094.673886729166537 1547834.743410159999824
11099094.673886729166537 1547835.041996097499780
11099094.673886729166537 1547835.340582034999736
11099094.673886729166537 1547835.639167972499692
11099094.673886729166537 1547835.937753909999648
11099094.972467458333074 1547830.861792972500396
11099094.972467458333074 1547831.160378910000352
11099094.972467458333074 1547831.458964847500308
11099094.972467458333074 1547831.757550785000264
11099094.972467458333074 1547832.056136722500220
11099094.972467458333074 1547832.354722660000176
11099094.972467458333074 1547832.653308597500132
11099094.972467458333074 1547832.951894535000088
11099094.972467458333074 1547833.250480472500044
11099094.972467458333074 1547833.549066410000000
11099094.972467458333074 1547833.847652347499956
11099094.972467458333074 1547834.146238284999912
11099094.972467458333074 1547834.444824222499868
11099094.972467458333074 1547834.743410159999824
11099094.972467458333074 1547835.041996097499780
11099094.972467458333074 1547835.340582034999736
11099094.972467458333074 1547835.639167972499692
11099094.972467458333074 1547835.937753909999648
11099095.271048187499611 1547830.861792972500396
11099095.271048187499611 1547831.160378910000352
11099095.271048187499611 1547831.458964847500308
11099095.271048187499611 1547831.757550785000264
11099095.271048187499611 1547832.056136722500220
11099095.271048187499611 1547832.354722660000176
11099095.271048187499611 1547832.653308597500132
11099095.271048187499611 1547832.951894535000088
11099095.271048187499611 1547833.250480472500044
11099095.271048187499611 1547833.549066410000000
11099095.271048187499611 1547833.847652347499956
11099095.271048187499611 1547834.146238284999912
11099095.271048187499611 1547834.444824222499868
11099095.271048187499611 1547834.743410159999824
11099095.271048187499611 1547835.041996097499780
11099095.271048187499611 1547835.340582034999736
11099095.271048187499611 1547835.639167972499692
11099095.271048187499611 1547835.937753909999648
11099095.569628916666148 1547830.861792972500396
11099095.569628916666148 1547831.160378910000352
11099095.569628916666148 1547831.458964847500308
11099095.569628916666148 1547831.757550785000264
11099095.569628916666148 1547832.056136722500220
11099095.569628916666148 1547832.354722660000176
11099095.569628916666148 1547832.653308597500132
11099095.569628916666148 1547832.951894535000088
11099095.569628916666148 1547833.250480472500044
11099095.569628916666148 1547833.549066410000000
11099095.569628916666148 1547833.847652347499956
11099095.569628916666148 1547834.146238284999912
11099095.569628916666148 1547834.444824222499868
11099095.569628916666148 1547834.743410159999824
11099095.569628916666148 1547835.041996097499780
11099095.569628916666148 1547835.340582034999736
11099095.569628916666148 1547835.639167972499692
11099095.569628916666148 1547835.937753909999648
11099095.868209645832685 1547830.861792972500396
11099095.868209645832685 1547831.160378910000352
11099095.868209645832685 1547831.458964847500308
11099095.868209645832685 1547831.757550785000264
11099095.868209645832685 1547832.056136722500220
11099095.868209645832685 1547832.354722660000176
11099095.868209645832685 1547832.653308597500132
11099095.868209645832685 1547832.951894535000088
11099095.868209645832685 1547833.250480472500044
11099095.868209645832685 1547833.549066410000000
11099095.868209645832685 1547833.847652347499956
11099095.868209645832685 1547834.146238284999912
11099095.868209645832685 1547834.444824222499868
11099095.868209645832685 1547834.743410159999824
11099095.868209645832685 1547835.041996097499780
11099095.868209645832685 1547835.340582034999736
11099095.868209645832685 1547835.639167972499692
11099095.868209645832685 1547835.937753909999648
11099096.166790374999222 1547830.861792972500396
11099096.166790374999222 1547831.160378910000352
11099096.166790374999222 1547831.458964847500308
11099096.166790374999222 1547831.757550785000264
11099096.166790374999222 1547832.056136722500220
11099096.166790374999222 1547832.354722660000176
11099096.166790374999222 1547832.653308597500132
11099096.166790374999222 1547832.951894535000088
11099096.166790374999222 1547833.250480472500044
11099096.166790374999222 1547833.549066410000000
11099096.166790374999222 1547833.847652347499956
11099096.166790374999222 1547834.146238284999912
11099096.166790374999222 1547834.444824222499868
11099096.166790374999222 1547834.743410159999824
11099096.166790374999222 1547835.041996097499780
11099096.166790374999222 1547835.340582034999736
11099096.166790374999222 1547835.639167972499692
11099096.166790374999222 1547835.937753909999648
11099096.465371104165759 1547830.861792972500396
11099096.465371104165759 1547831.160378910000352
11099096.465371104165759 1547831.458964847500308
11099096.465371104165759 1547831.757550785000264
11099096.465371104165759 1547832.056136722500220
11099096.465371104165759 1547832.354722660000176
11099096.465371104165759 1547832.653308597500132
11099096.465371104165759 1547832.951894535000088
11099096.465371104165759 1547833.250480472500044
11099096.465371104165759 1547833.549066410000000
11099096.465371104165759 1547833.847652347499956
11099096.465371104165759 1547834.146238284999912
11099096.465371104165759 1547834.444824222499868
11099096.465371104165759 1547834.743410159999824
11099096.465371104165759 1547835.041996097499780
11099096.465371104165759 1547835.340582034999736
11099096.465371104165759 1547835.639167972499692
11099096.465371104165759 1547835.937753909999648
11099096.763951833332296 1547830.861792972500396
11099096.763951833332296 1547831.160378910000352
11099096.763951833332296 1547831.458964847500308
11099096.763951833332296 1547831.757550785000264
11099096.763951833332296 1547832.056136722500220
11099096.763951833332296 1547832.354722660000176
11099096.763951833332296 1547832.653308597500132
11099096.763951833332296 1547832.951894535000088
11099096.763951833332296 1547833.250480472500044
11099096.763951833332296 1547833.549066410000000
11099096.763951833332296 1547833.847652347499956
11099096.763951833332296 1547834.146238284999912
11099096.763951833332296 1547834.444824222499868
11099096.763951833332296 1547834.743410159999824
11099096.763951833332296 1547835.041996097499780
11099096.763951833332296 1547835.340582034999736
11099096.763951833332296 1547835.639167972499692
11099096.763951833332296 1547835.937753909999648
