11099071.683170537501167 1547756.513894532500396
11099071.683170537501167 1547756.812480470000352
11099071.683170537501167 1547757.111066407500308
11099071.683170537501167 1547757.409652345000264
11099071.683170537501167 1547757.708238282500220
11099071.683170537501167 1547758.006824220000176
11099071.683170537501167 1547758.305410157500132
11099071.683170537501167 1547758.603996095000088
11099071.683170537501167 1547758.902582032500044
11099071.683170537501167 1547759.201167970000000
11099071.683170537501167 1547759.499753907499956
11099071.683170537501167 1547759.798339844999912
11099071.683170537501167 1547760.096925782499868
11099071.683170537501167 1547760.395511719999824
11099071.683170537501167 1547760.694097657499780
11099071.683170537501167 1547760.992683594999736
11099071.683170537501167 1547761.291269532499692
11099071.683170537501167 1547761.589855469999648
11099071.981751266667704 1547756.513894532500396
11099071.981751266667704 1547756.812480470000352
11099071.981751266667704 1547757.111066407500308
11099071.981751266667704 1547757.409652345000264
11099071.981751266667704 1547757.708238282500220
11099071.981751266667704 1547758.006824220000176
11099071.981751266667704 1547758.305410157500132
11099071.981751266667704 1547758.603996095000088
11099071.981751266667704 1547758.902582032500044
11099071.981751266667704 1547759.201167970000000
11099071.981751266667704 1547759.499753907499956
11099071.981751266667704 1547759.798339844999912
11099071.981751266667704 1547760.096925782499868
11099071.981751266667704 1547760.395511719999824
11099071.981751266667704 1547760.694097657499780
11099071.981751266667704 1547760.992683594999736
11099071.981751266667704 1547761.291269532499692
11099071.981751266667704 1547761.589855469999648
11099072.280331995834241 1547756.513894532500396
11099072.280331995834241 1547756.812480470000352
11099072.280331995834241 1547757.111066407500308
11099072.280331995834241 1547757.409652345000264
11099072.280331995834241 1547757.708238282500220
11099072.280331995834241 1547758.006824220000176
11099072.280331995834241 1547758.305410157500132
11099072.280331995834241 1547758.603996095000088
11099072.280331995834241 1547758.902582032500044
11099072.280331995834241 1547759.201167970000000
11099072.280331995834241 1547759.499753907499956
11099072.280331995834241 1547759.798339844999912
11099072.280331995834241 1547760.096925782499868
11099072.280331995834241 1547760.395511719999824
11099072.280331995834241 1547760.694097657499780
11099072.280331995834241 1547760.992683594999736
11099072.280331995834241 1547761.291269532499692
11099072.280331995834241 1547761.589855469999648
11099072.578912725000778 1547756.513894532500396
11099072.578912725000778 1547756.812480470000352
11099072.578912725000778 1547757.111066407500308
11099072.578912725000778 1547757.409652345000264
11099072.578912725000778 1547757.708238282500220
11099072.578912725000778 1547758.006824220000176
11099072.578912725000778 1547758.305410157500132
11099072.578912725000778 1547758.603996095000088
11099072.578912725000778 1547758.902582032500044
11099072.578912725000778 1547759.201167970000000
11099072.578912725000778 1547759.499753907499956
11099072.578912725000778 1547759.798339844999912
11099072.578912725000778 1547760.096925782499868
11099072.578912725000778 1547760.395511719999824
11099072.578912725000778 1547760.694097657499780
11099072.578912725000778 1547760.992683594999736
11099072.578912725000778 1547761.291269532499692
11099072.578912725000778 1547761.589855469999648
11099072.877493454167315 1547756.513894532500396
11099072.877493454167315 1547756.812480470000352
11099072.877493454167315 1547757.111066407500308
11099072.877493454167315 1547757.409652345000264
11099072.877493454167315 1547757.708238282500220
11099072.877493454167315 1547758.006824220000176
11099072.877493454167315 1547758.305410157500132
11099072.877493454167315 1547758.603996095000088
11099072.877493454167315 1547758.902582032500044
11099072.877493454167315 1547759.201167970000000
11099072.877493454167315 1547759.499753907499956
11099072.877493454167315 1547759.798339844999912
11099072.877493454167315 1547760.096925782499868
11099072.877493454167315 1547760.395511719999824
11099072.877493454167315 1547760.694097657499780
11099072.877493454167315 1547760.992683594999736
11099072.877493454167315 1547761.291269532499692
11099072.877493454167315 1547761.589855469999648
11099073.176074183333852 1547756.513894532500396
11099073.176074183333852 1547756.812480470000352
11099073.176074183333852 1547757.111066407500308
11099073.176074183333852 1547757.409652345000264
11099073.176074183333852 1547757.708238282500220
11099073.176074183333852 1547758.006824220000176
11099073.176074183333852 1547758.305410157500132
11099073.176074183333852 1547758.603996095000088
11099073.176074183333852 1547758.902582032500044
11099073.176074183333852 1547759.201167970000000
11099073.176074183333852 1547759.499753907499956
11099073.176074183333852 1547759.798339844999912
11099073.176074183333852 1547760.096925782499868
11099073.176074183333852 1547760.395511719999824
11099073.176074183333852 1547760.694097657499780
11099073.176074183333852 1547760.992683594999736
11099073.176074183333852 1547761.291269532499692
11099073.176074183333852 1547761.589855469999648
11099073.474654912500389 1547756.513894532500396
11099073.474654912500389 1547756.812480470000352
11099073.474654912500389 1547757.111066407500308
11099073.474654912500389 1547757.409652345000264
11099073.474654912500389 1547757.708238282500220
11099073.474654912500389 1547758.006824220000176
11099073.474654912500389 1547758.305410157500132
11099073.474654912500389 1547758.603996095000088
11099073.474654912500389 1547758.902582032500044
11099073.474654912500389 1547759.201167970000000
11099073.474654912500389 1547759.499753907499956
11099073.474654912500389 1547759.798339844999912
11099073.474654912500389 1547760.096925782499868
11099073.474654912500389 1547760.395511719999824
11099073.474654912500389 1547760.694097657499780
11099073.474654912500389 1547760.992683594999736
11099073.474654912500389 1547761.291269532499692
11099073.474654912500389 1547761.589855469999648
11099073.773235641666926 1547756.513894532500396
11099073.773235641666926 1547756.812480470000352
11099073.773235641666926 1547757.111066407500308
11099073.773235641666926 1547757.409652345000264
11099073.773235641666926 1547757.708238282500220
11099073.773235641666926 1547758.006824220000176
11099073.773235641666926 1547758.305410157500132
11099073.773235641666926 1547758.603996095000088
11099073.773235641666926 1547758.902582032500044
11099073.773235641666926 1547759.201167970000000
11099073.773235641666926 1547759.499753907499956
11099073.773235641666926 1547759.798339844999912
11099073.773235641666926 1547760.096925782499868
11099073.773235641666926 1547760.395511719999824
11099073.773235641666926 1547760.694097657499780
11099073.773235641666926 1547760.992683594999736
11099073.773235641666926 1547761.291269532499692
11099073.773235641666926 1547761.589855469999648
11099074.071816370833463 1547756.513894532500396
11099074.071816370833463 1547756.812480470000352
11099074.071816370833463 1547757.111066407500308
11099074.071816370833463 1547757.409652345000264
11099074.071816370833463 1547757.708238282500220
11099074.071816370833463 1547758.006824220000176
11099074.071816370833463 1547758.305410157500132
11099074.071816370833463 1547758.603996095000088
11099074.071816370833463 1547758.902582032500044
11099074.071816370833463 1547759.201167970000000
11099074.071816370833463 1547759.499753907499956
11099074.071816370833463 1547759.798339844999912
11099074.071816370833463 1547760.096925782499868
11099074.071816370833463 1547760.395511719999824
11099074.071816370833463 1547760.694097657499780
11099074.071816370833463 1547760.992683594999736
11099074.071816370833463 1547761.291269532499692
11099074.071816370833463 1547761.589855469999648
11099074.370397100000000 1547756.513894532500396
11099074.370397100000000 1547756.812480470000352
11099074.370397100000000 1547757.111066407500308
11099074.370397100000000 1547757.409652345000264
11099074.370397100000000 1547757.708238282500220
11099074.370397100000000 1547758.006824220000176
11099074.370397100000000 1547758.305410157500132
11099074.370397100000000 1547758.603996095000088
11099074.370397100000000 1547758.902582032500044
11099074.370397100000000 1547759.201167970000000
11099074.370397100000000 1547759.499753907499956
11099074.370397100000000 1547759.798339844999912
11099074.370397100000000 1547760.096925782499868
11099074.370397100000000 1547760.395511719999824
11099074.370397100000000 1547760.694097657499780
11099074.370397100000000 1547760.992683594999736
11099074.370397100000000 1547761.291269532499692
11099074.370397100000000 1547761.589855469999648
11099074.668977829166537 1547756.513894532500396
11099074.668977829166537 1547756.812480470000352
11099074.668977829166537 1547757.111066407500308
11099074.668977829166537 1547757.409652345000264
11099074.668977829166537 1547757.708238282500220
11099074.668977829166537 1547758.006824220000176
11099074.668977829166537 1547758.305410157500132
11099074.668977829166537 1547758.603996095000088
11099074.668977829166537 1547758.902582032500044
11099074.668977829166537 1547759.201167970000000
11099074.668977829166537 1547759.499753907499956
11099074.668977829166537 1547759.798339844999912
11099074.668977829166537 1547760.096925782499868
11099074.668977829166537 1547760.395511719999824
11099074.668977829166537 1547760.694097657499780
11099074.668977829166537 1547760.992683594999736
11099074.668977829166537 1547761.291269532499692
11099074.668977829166537 1547761.589855469999648
11099074.967558558333074 1547756.513894532500396
11099074.967558558333074 1547756.812480470000352
11099074.967558558333074 1547757.111066407500308
11099074.967558558333074 1547757.409652345000264
11099074.967558558333074 1547757.708238282500220
11099074.967558558333074 1547758.006824220000176
11099074.967558558333074 1547758.305410157500132
11099074.967558558333074 1547758.603996095000088
11099074.967558558333074 1547758.902582032500044
11099074.967558558333074 1547759.201167970000000
11099074.967558558333074 1547759.499753907499956
11099074.967558558333074 1547759.798339844999912
11099074.967558558333074 1547760.096925782499868
11099074.967558558333074 1547760.395511719999824
11099074.967558558333074 1547760.694097657499780
11099074.967558558333074 1547760.992683594999736
11099074.967558558333074 1547761.291269532499692
11099074.967558558333074 1547761.589855469999648
11099075.266139287499611 1547756.513894532500396
11099075.266139287499611 1547756.812480470000352
11099075.266139287499611 1547757.111066407500308
11099075.266139287499611 1547757.409652345000264
11099075.266139287499611 1547757.708238282500220
11099075.266139287499611 1547758.006824220000176
11099075.266139287499611 1547758.305410157500132
11099075.266139287499611 1547758.603996095000088
11099075.266139287499611 1547758.902582032500044
11099075.266139287499611 1547759.201167970000000
11099075.266139287499611 1547759.499753907499956
11099075.266139287499611 1547759.798339844999912
11099075.266139287499611 1547760.096925782499868
11099075.266139287499611 1547760.395511719999824
11099075.266139287499611 1547760.694097657499780
11099075.266139287499611 1547760.992683594999736
11099075.266139287499611 1547761.291269532499692
11099075.266139287499611 1547761.589855469999648
11099075.564720016666148 1547756.513894532500396
11099075.564720016666148 1547756.812480470000352
11099075.564720016666148 1547757.111066407500308
11099075.564720016666148 1547757.409652345000264
11099075.564720016666148 1547757.708238282500220
11099075.564720016666148 1547758.006824220000176
11099075.564720016666148 1547758.305410157500132
11099075.564720016666148 1547758.603996095000088
11099075.564720016666148 1547758.902582032500044
11099075.564720016666148 1547759.201167970000000
11099075.564720016666148 1547759.499753907499956
11099075.564720016666148 1547759.798339844999912
11099075.564720016666148 1547760.096925782499868
11099075.564720016666148 1547760.395511719999824
11099075.564720016666148 1547760.694097657499780
11099075.564720016666148 1547760.992683594999736
11099075.564720016666148 1547761.291269532499692
11099075.564720016666148 1547761.589855469999648
11099075.863300745832685 1547756.513894532500396
11099075.863300745832685 1547756.812480470000352
11099075.863300745832685 1547757.111066407500308
11099075.863300745832685 1547757.409652345000264
11099075.863300745832685 1547757.708238282500220
11099075.863300745832685 1547758.006824220000176
11099075.863300745832685 1547758.305410157500132
11099075.863300745832685 1547758.603996095000088
11099075.863300745832685 1547758.902582032500044
11099075.863300745832685 1547759.201167970000000
11099075.863300745832685 1547759.499753907499956
11099075.863300745832685 1547759.798339844999912
11099075.863300745832685 1547760.096925782499868
11099075.863300745832685 1547760.395511719999824
11099075.863300745832685 1547760.694097657499780
11099075.863300745832685 1547760.992683594999736
11099075.863300745832685 1547761.291269532499692
11099075.863300745832685 1547761.589855469999648
11099076.161881474999222 1547756.513894532500396
11099076.161881474999222 1547756.812480470000352
11099076.161881474999222 1547757.111066407500308
11099076.161881474999222 1547757.409652345000264
11099076.161881474999222 1547757.708238282500220
11099076.161881474999222 1547758.006824220000176
11099076.161881474999222 1547758.305410157500132
11099076.161881474999222 1547758.603996095000088
11099076.161881474999222 1547758.902582032500044
11099076.161881474999222 1547759.201167970000000
11099076.161881474999222 1547759.499753907499956
11099076.161881474999222 1547759.798339844999912
11099076.161881474999222 1547760.096925782499868
11099076.161881474999222 1547760.395511719999824
11099076.161881474999222 1547760.694097657499780
11099076.161881474999222 1547760.992683594999736
11099076.161881474999222 1547761.291269532499692
11099076.161881474999222 1547761.589855469999648
11099076.460462204165759 1547756.513894532500396
11099076.460462204165759 1547756.812480470000352
11099076.460462204165759 1547757.111066407500308
11099076.460462204165759 1547757.409652345000264
11099076.460462204165759 1547757.708238282500220
11099076.460462204165759 1547758.006824220000176
11099076.460462204165759 1547758.305410157500132
11099076.460462204165759 1547758.603996095000088
11099076.460462204165759 1547758.902582032500044
11099076.460462204165759 1547759.201167970000000
11099076.460462204165759 1547759.499753907499956
11099076.460462204165759 1547759.798339844999912
11099076.460462204165759 1547760.096925782499868
11099076.460462204165759 1547760.395511719999824
11099076.460462204165759 1547760.694097657499780
11099076.460462204165759 1547760.992683594999736
11099076.460462204165759 1547761.291269532499692
11099076.460462204165759 1547761.589855469999648
11099076.759042933332296 1547756.513894532500396
11099076.759042933332296 1547756.812480470000352
11099076.759042933332296 1547757.111066407500308
11099076.759042933332296 1547757.409652345000264
11099076.759042933332296 1547757.708238282500220
11099076.759042933332296 1547758.006824220000176
11099076.759042933332296 1547758.305410157500132
11099076.759042933332296 1547758.603996095000088
11099076.759042933332296 1547758.902582032500044
11099076.759042933332296 1547759.201167970000000
11099076.759042933332296 1547759.499753907499956
11099076.759042933332296 1547759.798339844999912
11099076.759042933332296 1547760.096925782499868
11099076.759042933332296 1547760.395511719999824
11099076.759042933332296 1547760.694097657499780
11099076.759042933332296 1547760.992683594999736
11099076.759042933332296 1547761.291269532499692
11099076.759042933332296 1547761.589855469999648
