11099127.219186237501167 1547788.462589842500396
11099127.219186237501167 1547788.761175780000352
11099127.219186237501167 1547789.059761717500308
11099127.219186237501167 1547789.358347655000264
11099127.219186237501167 1547789.656933592500220
11099127.219186237501167 1547789.955519530000176
11099127.219186237501167 1547790.254105467500132
11099127.219186237501167 1547790.552691405000088
11099127.219186237501167 1547790.851277342500044
11099127.219186237501167 1547791.149863280000000
11099127.219186237501167 1547791.448449217499956
11099127.219186237501167 1547791.747035154999912
11099127.219186237501167 1547792.045621092499868
11099127.219186237501167 1547792.344207029999824
11099127.219186237501167 1547792.642792967499780
11099127.219186237501167 1547792.941378904999736
11099127.219186237501167 1547793.239964842499692
11099127.219186237501167 1547793.538550779999648
11099127.517766966667704 1547788.462589842500396
11099127.517766966667704 1547788.761175780000352
11099127.517766966667704 1547789.059761717500308
11099127.517766966667704 1547789.358347655000264
11099127.517766966667704 1547789.656933592500220
11099127.517766966667704 1547789.955519530000176
11099127.517766966667704 1547790.254105467500132
11099127.517766966667704 1547790.552691405000088
11099127.517766966667704 1547790.851277342500044
11099127.517766966667704 1547791.149863280000000
11099127.517766966667704 1547791.448449217499956
11099127.517766966667704 1547791.747035154999912
11099127.517766966667704 1547792.045621092499868
11099127.517766966667704 1547792.344207029999824
11099127.517766966667704 1547792.642792967499780
11099127.517766966667704 1547792.941378904999736
11099127.517766966667704 1547793.239964842499692
11099127.517766966667704 1547793.538550779999648
11099127.816347695834241 1547788.462589842500396
11099127.816347695834241 1547788.761175780000352
11099127.816347695834241 1547789.059761717500308
11099127.816347695834241 1547789.358347655000264
11099127.816347695834241 1547789.656933592500220
11099127.816347695834241 1547789.955519530000176
11099127.816347695834241 1547790.254105467500132
11099127.816347695834241 1547790.552691405000088
11099127.816347695834241 1547790.851277342500044
11099127.816347695834241 1547791.149863280000000
11099127.816347695834241 1547791.448449217499956
11099127.816347695834241 1547791.747035154999912
11099127.816347695834241 1547792.045621092499868
11099127.816347695834241 1547792.344207029999824
11099127.816347695834241 1547792.642792967499780
11099127.816347695834241 1547792.941378904999736
11099127.816347695834241 1547793.239964842499692
11099127.816347695834241 1547793.538550779999648
11099128.114928425000778 1547788.462589842500396
11099128.114928425000778 1547788.761175780000352
11099128.114928425000778 1547789.059761717500308
11099128.114928425000778 1547789.358347655000264
11099128.114928425000778 1547789.656933592500220
11099128.114928425000778 1547789.955519530000176
11099128.114928425000778 1547790.254105467500132
11099128.114928425000778 1547790.552691405000088
11099128.114928425000778 1547790.851277342500044
11099128.114928425000778 1547791.149863280000000
11099128.114928425000778 1547791.448449217499956
11099128.114928425000778 1547791.747035154999912
11099128.114928425000778 1547792.045621092499868
11099128.114928425000778 1547792.344207029999824
11099128.114928425000778 1547792.642792967499780
11099128.114928425000778 1547792.941378904999736
11099128.114928425000778 1547793.239964842499692
11099128.114928425000778 1547793.538550779999648
11099128.413509154167315 1547788.462589842500396
11099128.413509154167315 1547788.761175780000352
11099128.413509154167315 1547789.059761717500308
11099128.413509154167315 1547789.358347655000264
11099128.413509154167315 1547789.656933592500220
11099128.413509154167315 1547789.955519530000176
11099128.413509154167315 1547790.254105467500132
11099128.413509154167315 1547790.552691405000088
11099128.413509154167315 1547790.851277342500044
11099128.413509154167315 1547791.149863280000000
11099128.413509154167315 1547791.448449217499956
11099128.413509154167315 1547791.747035154999912
11099128.413509154167315 1547792.045621092499868
11099128.413509154167315 1547792.344207029999824
11099128.413509154167315 1547792.642792967499780
11099128.413509154167315 1547792.941378904999736
11099128.413509154167315 1547793.239964842499692
11099128.413509154167315 1547793.538550779999648
11099128.712089883333852 1547788.462589842500396
11099128.712089883333852 1547788.761175780000352
11099128.712089883333852 1547789.059761717500308
11099128.712089883333852 1547789.358347655000264
11099128.712089883333852 1547789.656933592500220
11099128.712089883333852 1547789.955519530000176
11099128.712089883333852 1547790.254105467500132
11099128.712089883333852 1547790.552691405000088
11099128.712089883333852 1547790.851277342500044
11099128.712089883333852 1547791.149863280000000
11099128.712089883333852 1547791.448449217499956
11099128.712089883333852 1547791.747035154999912
11099128.712089883333852 1547792.045621092499868
11099128.712089883333852 1547792.344207029999824
11099128.712089883333852 1547792.642792967499780
11099128.712089883333852 1547792.941378904999736
11099128.712089883333852 1547793.239964842499692
11099128.712089883333852 1547793.538550779999648
11099129.010670612500389 1547788.462589842500396
11099129.010670612500389 1547788.761175780000352
11099129.010670612500389 1547789.059761717500308
11099129.010670612500389 1547789.358347655000264
11099129.010670612500389 1547789.656933592500220
11099129.010670612500389 1547789.955519530000176
11099129.010670612500389 1547790.254105467500132
11099129.010670612500389 1547790.552691405000088
11099129.010670612500389 1547790.851277342500044
11099129.010670612500389 1547791.149863280000000
11099129.010670612500389 1547791.448449217499956
11099129.010670612500389 1547791.747035154999912
11099129.010670612500389 1547792.045621092499868
11099129.010670612500389 1547792.344207029999824
11099129.010670612500389 1547792.642792967499780
11099129.010670612500389 1547792.941378904999736
11099129.010670612500389 1547793.239964842499692
11099129.010670612500389 1547793.538550779999648
11099129.309251341666926 1547788.462589842500396
11099129.309251341666926 1547788.761175780000352
11099129.309251341666926 1547789.059761717500308
11099129.309251341666926 1547789.358347655000264
11099129.309251341666926 1547789.656933592500220
11099129.309251341666926 1547789.955519530000176
11099129.309251341666926 1547790.254105467500132
11099129.309251341666926 1547790.552691405000088
11099129.309251341666926 1547790.851277342500044
11099129.309251341666926 1547791.149863280000000
11099129.309251341666926 1547791.448449217499956
11099129.309251341666926 1547791.747035154999912
11099129.309251341666926 1547792.045621092499868
11099129.309251341666926 1547792.344207029999824
11099129.309251341666926 1547792.642792967499780
11099129.309251341666926 1547792.941378904999736
11099129.309251341666926 1547793.239964842499692
11099129.309251341666926 1547793.538550779999648
11099129.607832070833463 1547788.462589842500396
11099129.607832070833463 1547788.761175780000352
11099129.607832070833463 1547789.059761717500308
11099129.607832070833463 1547789.358347655000264
11099129.607832070833463 1547789.656933592500220
11099129.607832070833463 1547789.955519530000176
11099129.607832070833463 1547790.254105467500132
11099129.607832070833463 1547790.552691405000088
11099129.607832070833463 1547790.851277342500044
11099129.607832070833463 1547791.149863280000000
11099129.607832070833463 1547791.448449217499956
11099129.607832070833463 1547791.747035154999912
11099129.607832070833463 1547792.045621092499868
11099129.607832070833463 1547792.344207029999824
11099129.607832070833463 1547792.642792967499780
11099129.607832070833463 1547792.941378904999736
11099129.607832070833463 1547793.239964842499692
11099129.607832070833463 1547793.538550779999648
11099129.906412800000000 1547788.462589842500396
11099129.906412800000000 1547788.761175780000352
11099129.906412800000000 1547789.059761717500308
11099129.906412800000000 1547789.358347655000264
11099129.906412800000000 1547789.656933592500220
11099129.906412800000000 1547789.955519530000176
11099129.906412800000000 1547790.254105467500132
11099129.906412800000000 1547790.552691405000088
11099129.906412800000000 1547790.851277342500044
11099129.906412800000000 1547791.149863280000000
11099129.906412800000000 1547791.448449217499956
11099129.906412800000000 1547791.747035154999912
11099129.906412800000000 1547792.045621092499868
11099129.906412800000000 1547792.344207029999824
11099129.906412800000000 1547792.642792967499780
11099129.906412800000000 1547792.941378904999736
11099129.906412800000000 1547793.239964842499692
11099129.906412800000000 1547793.538550779999648
11099130.204993529166537 1547788.462589842500396
11099130.204993529166537 1547788.761175780000352
11099130.204993529166537 1547789.059761717500308
11099130.204993529166537 1547789.358347655000264
11099130.204993529166537 1547789.656933592500220
11099130.204993529166537 1547789.955519530000176
11099130.204993529166537 1547790.254105467500132
11099130.204993529166537 1547790.552691405000088
11099130.204993529166537 1547790.851277342500044
11099130.204993529166537 1547791.149863280000000
11099130.204993529166537 1547791.448449217499956
11099130.204993529166537 1547791.747035154999912
11099130.204993529166537 1547792.045621092499868
11099130.204993529166537 1547792.344207029999824
11099130.204993529166537 1547792.642792967499780
11099130.204993529166537 1547792.941378904999736
11099130.204993529166537 1547793.239964842499692
11099130.204993529166537 1547793.538550779999648
11099130.503574258333074 1547788.462589842500396
11099130.503574258333074 1547788.761175780000352
11099130.503574258333074 1547789.059761717500308
11099130.503574258333074 1547789.358347655000264
11099130.503574258333074 1547789.656933592500220
11099130.503574258333074 1547789.955519530000176
11099130.503574258333074 1547790.254105467500132
11099130.503574258333074 1547790.552691405000088
11099130.503574258333074 1547790.851277342500044
11099130.503574258333074 1547791.149863280000000
11099130.503574258333074 1547791.448449217499956
11099130.503574258333074 1547791.747035154999912
11099130.503574258333074 1547792.045621092499868
11099130.503574258333074 1547792.344207029999824
11099130.503574258333074 1547792.642792967499780
11099130.503574258333074 1547792.941378904999736
11099130.503574258333074 1547793.239964842499692
11099130.503574258333074 1547793.538550779999648
11099130.802154987499611 1547788.462589842500396
11099130.802154987499611 1547788.761175780000352
11099130.802154987499611 1547789.059761717500308
11099130.802154987499611 1547789.358347655000264
11099130.802154987499611 1547789.656933592500220
11099130.802154987499611 1547789.955519530000176
11099130.802154987499611 1547790.254105467500132
11099130.802154987499611 1547790.552691405000088
11099130.802154987499611 1547790.851277342500044
11099130.802154987499611 1547791.149863280000000
11099130.802154987499611 1547791.448449217499956
11099130.802154987499611 1547791.747035154999912
11099130.802154987499611 1547792.045621092499868
11099130.802154987499611 1547792.344207029999824
11099130.802154987499611 1547792.642792967499780
11099130.802154987499611 1547792.941378904999736
11099130.802154987499611 1547793.239964842499692
11099130.802154987499611 1547793.538550779999648
11099131.100735716666148 1547788.462589842500396
11099131.100735716666148 1547788.761175780000352
11099131.100735716666148 1547789.059761717500308
11099131.100735716666148 1547789.358347655000264
11099131.100735716666148 1547789.656933592500220
11099131.100735716666148 1547789.955519530000176
11099131.100735716666148 1547790.254105467500132
11099131.100735716666148 1547790.552691405000088
11099131.100735716666148 1547790.851277342500044
11099131.100735716666148 1547791.149863280000000
11099131.100735716666148 1547791.448449217499956
11099131.100735716666148 1547791.747035154999912
11099131.100735716666148 1547792.045621092499868
11099131.100735716666148 1547792.344207029999824
11099131.100735716666148 1547792.642792967499780
11099131.100735716666148 1547792.941378904999736
11099131.100735716666148 1547793.239964842499692
11099131.100735716666148 1547793.538550779999648
11099131.399316445832685 1547788.462589842500396
11099131.399316445832685 1547788.761175780000352
11099131.399316445832685 1547789.059761717500308
11099131.399316445832685 1547789.358347655000264
11099131.399316445832685 1547789.656933592500220
11099131.399316445832685 1547789.955519530000176
11099131.399316445832685 1547790.254105467500132
11099131.399316445832685 1547790.552691405000088
11099131.399316445832685 1547790.851277342500044
11099131.399316445832685 1547791.149863280000000
11099131.399316445832685 1547791.448449217499956
11099131.399316445832685 1547791.747035154999912
11099131.399316445832685 1547792.045621092499868
11099131.399316445832685 1547792.344207029999824
11099131.399316445832685 1547792.642792967499780
11099131.399316445832685 1547792.941378904999736
11099131.399316445832685 1547793.239964842499692
11099131.399316445832685 1547793.538550779999648
11099131.697897174999222 1547788.462589842500396
11099131.697897174999222 1547788.761175780000352
11099131.697897174999222 1547789.059761717500308
11099131.697897174999222 1547789.358347655000264
11099131.697897174999222 1547789.656933592500220
11099131.697897174999222 1547789.955519530000176
11099131.697897174999222 1547790.254105467500132
11099131.697897174999222 1547790.552691405000088
11099131.697897174999222 1547790.851277342500044
11099131.697897174999222 1547791.149863280000000
11099131.697897174999222 1547791.448449217499956
11099131.697897174999222 1547791.747035154999912
11099131.697897174999222 1547792.045621092499868
11099131.697897174999222 1547792.344207029999824
11099131.697897174999222 1547792.642792967499780
11099131.697897174999222 1547792.941378904999736
11099131.697897174999222 1547793.239964842499692
11099131.697897174999222 1547793.538550779999648
11099131.996477904165759 1547788.462589842500396
11099131.996477904165759 1547788.761175780000352
11099131.996477904165759 1547789.059761717500308
11099131.996477904165759 1547789.358347655000264
11099131.996477904165759 1547789.656933592500220
11099131.996477904165759 1547789.955519530000176
11099131.996477904165759 1547790.254105467500132
11099131.996477904165759 1547790.552691405000088
11099131.996477904165759 1547790.851277342500044
11099131.996477904165759 1547791.149863280000000
11099131.996477904165759 1547791.448449217499956
11099131.996477904165759 1547791.747035154999912
11099131.996477904165759 1547792.045621092499868
11099131.996477904165759 1547792.344207029999824
11099131.996477904165759 1547792.642792967499780
11099131.996477904165759 1547792.941378904999736
11099131.996477904165759 1547793.239964842499692
11099131.996477904165759 1547793.538550779999648
11099132.295058633332296 1547788.462589842500396
11099132.295058633332296 1547788.761175780000352
11099132.295058633332296 1547789.059761717500308
11099132.295058633332296 1547789.358347655000264
11099132.295058633332296 1547789.656933592500220
11099132.295058633332296 1547789.955519530000176
11099132.295058633332296 1547790.254105467500132
11099132.295058633332296 1547790.552691405000088
11099132.295058633332296 1547790.851277342500044
11099132.295058633332296 1547791.149863280000000
11099132.295058633332296 1547791.448449217499956
11099132.295058633332296 1547791.747035154999912
11099132.295058633332296 1547792.045621092499868
11099132.295058633332296 1547792.344207029999824
11099132.295058633332296 1547792.642792967499780
11099132.295058633332296 1547792.941378904999736
11099132.295058633332296 1547793.239964842499692
11099132.295058633332296 1547793.538550779999648
