11098825.055488237501167 1547837.430683592500396
11098825.055488237501167 1547837.729269530000352
11098825.055488237501167 1547838.027855467500308
11098825.055488237501167 1547838.326441405000264
11098825.055488237501167 1547838.625027342500220
11098825.055488237501167 1547838.923613280000176
11098825.055488237501167 1547839.222199217500132
11098825.055488237501167 1547839.520785155000088
11098825.055488237501167 1547839.819371092500044
11098825.055488237501167 1547840.117957030000000
11098825.055488237501167 1547840.416542967499956
11098825.055488237501167 1547840.715128904999912
11098825.055488237501167 1547841.013714842499868
11098825.055488237501167 1547841.312300779999824
11098825.055488237501167 1547841.610886717499780
11098825.055488237501167 1547841.909472654999736
11098825.055488237501167 1547842.208058592499692
11098825.055488237501167 1547842.506644529999648
11098825.354068966667704 1547837.430683592500396
11098825.354068966667704 1547837.729269530000352
11098825.354068966667704 1547838.027855467500308
11098825.354068966667704 1547838.326441405000264
11098825.354068966667704 1547838.625027342500220
11098825.354068966667704 1547838.923613280000176
11098825.354068966667704 1547839.222199217500132
11098825.354068966667704 1547839.520785155000088
11098825.354068966667704 1547839.819371092500044
11098825.354068966667704 1547840.117957030000000
11098825.354068966667704 1547840.416542967499956
11098825.354068966667704 1547840.715128904999912
11098825.354068966667704 1547841.013714842499868
11098825.354068966667704 1547841.312300779999824
11098825.354068966667704 1547841.610886717499780
11098825.354068966667704 1547841.909472654999736
11098825.354068966667704 1547842.208058592499692
11098825.354068966667704 1547842.506644529999648
11098825.652649695834241 1547837.430683592500396
11098825.652649695834241 1547837.729269530000352
11098825.652649695834241 1547838.027855467500308
11098825.652649695834241 1547838.326441405000264
11098825.652649695834241 1547838.625027342500220
11098825.652649695834241 1547838.923613280000176
11098825.652649695834241 1547839.222199217500132
11098825.652649695834241 1547839.520785155000088
11098825.652649695834241 1547839.819371092500044
11098825.652649695834241 1547840.117957030000000
11098825.652649695834241 1547840.416542967499956
11098825.652649695834241 1547840.715128904999912
11098825.652649695834241 1547841.013714842499868
11098825.652649695834241 1547841.312300779999824
11098825.652649695834241 1547841.610886717499780
11098825.652649695834241 1547841.909472654999736
11098825.652649695834241 1547842.208058592499692
11098825.652649695834241 1547842.506644529999648
11098825.951230425000778 1547837.430683592500396
11098825.951230425000778 1547837.729269530000352
11098825.951230425000778 1547838.027855467500308
11098825.951230425000778 1547838.326441405000264
11098825.951230425000778 1547838.625027342500220
11098825.951230425000778 1547838.923613280000176
11098825.951230425000778 1547839.222199217500132
11098825.951230425000778 1547839.520785155000088
11098825.951230425000778 1547839.819371092500044
11098825.951230425000778 1547840.117957030000000
11098825.951230425000778 1547840.416542967499956
11098825.951230425000778 1547840.715128904999912
11098825.951230425000778 1547841.013714842499868
11098825.951230425000778 1547841.312300779999824
11098825.951230425000778 1547841.610886717499780
11098825.951230425000778 1547841.909472654999736
11098825.951230425000778 1547842.208058592499692
11098825.951230425000778 1547842.506644529999648
11098826.249811154167315 1547837.430683592500396
11098826.249811154167315 1547837.729269530000352
11098826.249811154167315 1547838.027855467500308
11098826.249811154167315 1547838.326441405000264
11098826.249811154167315 1547838.625027342500220
11098826.249811154167315 1547838.923613280000176
11098826.249811154167315 1547839.222199217500132
11098826.249811154167315 1547839.520785155000088
11098826.249811154167315 1547839.819371092500044
11098826.249811154167315 1547840.117957030000000
11098826.249811154167315 1547840.416542967499956
11098826.249811154167315 1547840.715128904999912
11098826.249811154167315 1547841.013714842499868
11098826.249811154167315 1547841.312300779999824
11098826.249811154167315 1547841.610886717499780
11098826.249811154167315 1547841.909472654999736
11098826.249811154167315 1547842.208058592499692
11098826.249811154167315 1547842.506644529999648
11098826.548391883333852 1547837.430683592500396
11098826.548391883333852 1547837.729269530000352
11098826.548391883333852 1547838.027855467500308
11098826.548391883333852 1547838.326441405000264
11098826.548391883333852 1547838.625027342500220
11098826.548391883333852 1547838.923613280000176
11098826.548391883333852 1547839.222199217500132
11098826.548391883333852 1547839.520785155000088
11098826.548391883333852 1547839.819371092500044
11098826.548391883333852 1547840.117957030000000
11098826.548391883333852 1547840.416542967499956
11098826.548391883333852 1547840.715128904999912
11098826.548391883333852 1547841.013714842499868
11098826.548391883333852 1547841.312300779999824
11098826.548391883333852 1547841.610886717499780
11098826.548391883333852 1547841.909472654999736
11098826.548391883333852 1547842.208058592499692
11098826.548391883333852 1547842.506644529999648
11098826.846972612500389 1547837.430683592500396
11098826.846972612500389 1547837.729269530000352
11098826.846972612500389 1547838.027855467500308
11098826.846972612500389 1547838.326441405000264
11098826.846972612500389 1547838.625027342500220
11098826.846972612500389 1547838.923613280000176
11098826.846972612500389 1547839.222199217500132
11098826.846972612500389 1547839.520785155000088
11098826.846972612500389 1547839.819371092500044
11098826.846972612500389 1547840.117957030000000
11098826.846972612500389 1547840.416542967499956
11098826.846972612500389 1547840.715128904999912
11098826.846972612500389 1547841.013714842499868
11098826.846972612500389 1547841.312300779999824
11098826.846972612500389 1547841.610886717499780
11098826.846972612500389 1547841.909472654999736
11098826.846972612500389 1547842.208058592499692
11098826.846972612500389 1547842.506644529999648
11098827.145553341666926 1547837.430683592500396
11098827.145553341666926 1547837.729269530000352
11098827.145553341666926 1547838.027855467500308
11098827.145553341666926 1547838.326441405000264
11098827.145553341666926 1547838.625027342500220
11098827.145553341666926 1547838.923613280000176
11098827.145553341666926 1547839.222199217500132
11098827.145553341666926 1547839.520785155000088
11098827.145553341666926 1547839.819371092500044
11098827.145553341666926 1547840.117957030000000
11098827.145553341666926 1547840.416542967499956
11098827.145553341666926 1547840.715128904999912
11098827.145553341666926 1547841.013714842499868
11098827.145553341666926 1547841.312300779999824
11098827.145553341666926 1547841.610886717499780
11098827.145553341666926 1547841.909472654999736
11098827.145553341666926 1547842.208058592499692
11098827.145553341666926 1547842.506644529999648
11098827.444134070833463 1547837.430683592500396
11098827.444134070833463 1547837.729269530000352
11098827.444134070833463 1547838.027855467500308
11098827.444134070833463 1547838.326441405000264
11098827.444134070833463 1547838.625027342500220
11098827.444134070833463 1547838.923613280000176
11098827.444134070833463 1547839.222199217500132
11098827.444134070833463 1547839.520785155000088
11098827.444134070833463 1547839.819371092500044
11098827.444134070833463 1547840.117957030000000
11098827.444134070833463 1547840.416542967499956
11098827.444134070833463 1547840.715128904999912
11098827.444134070833463 1547841.013714842499868
11098827.444134070833463 1547841.312300779999824
11098827.444134070833463 1547841.610886717499780
11098827.444134070833463 1547841.909472654999736
11098827.444134070833463 1547842.208058592499692
11098827.444134070833463 1547842.506644529999648
11098827.742714800000000 1547837.430683592500396
11098827.742714800000000 1547837.729269530000352
11098827.742714800000000 1547838.027855467500308
11098827.742714800000000 1547838.326441405000264
11098827.742714800000000 1547838.625027342500220
11098827.742714800000000 1547838.923613280000176
11098827.742714800000000 1547839.222199217500132
11098827.742714800000000 1547839.520785155000088
11098827.742714800000000 1547839.819371092500044
11098827.742714800000000 1547840.117957030000000
11098827.742714800000000 1547840.416542967499956
11098827.742714800000000 1547840.715128904999912
11098827.742714800000000 1547841.013714842499868
11098827.742714800000000 1547841.312300779999824
11098827.742714800000000 1547841.610886717499780
11098827.742714800000000 1547841.909472654999736
11098827.742714800000000 1547842.208058592499692
11098827.742714800000000 1547842.506644529999648
11098828.041295529166537 1547837.430683592500396
11098828.041295529166537 1547837.729269530000352
11098828.041295529166537 1547838.027855467500308
11098828.041295529166537 1547838.326441405000264
11098828.041295529166537 1547838.625027342500220
11098828.041295529166537 1547838.923613280000176
11098828.041295529166537 1547839.222199217500132
11098828.041295529166537 1547839.520785155000088
11098828.041295529166537 1547839.819371092500044
11098828.041295529166537 1547840.117957030000000
11098828.041295529166537 1547840.416542967499956
11098828.041295529166537 1547840.715128904999912
11098828.041295529166537 1547841.013714842499868
11098828.041295529166537 1547841.312300779999824
11098828.041295529166537 1547841.610886717499780
11098828.041295529166537 1547841.909472654999736
11098828.041295529166537 1547842.208058592499692
11098828.041295529166537 1547842.506644529999648
11098828.339876258333074 1547837.430683592500396
11098828.339876258333074 1547837.729269530000352
11098828.339876258333074 1547838.027855467500308
11098828.339876258333074 1547838.326441405000264
11098828.339876258333074 1547838.625027342500220
11098828.339876258333074 1547838.923613280000176
11098828.339876258333074 1547839.222199217500132
11098828.339876258333074 1547839.520785155000088
11098828.339876258333074 1547839.819371092500044
11098828.339876258333074 1547840.117957030000000
11098828.339876258333074 1547840.416542967499956
11098828.339876258333074 1547840.715128904999912
11098828.339876258333074 1547841.013714842499868
11098828.339876258333074 1547841.312300779999824
11098828.339876258333074 1547841.610886717499780
11098828.339876258333074 1547841.909472654999736
11098828.339876258333074 1547842.208058592499692
11098828.339876258333074 1547842.506644529999648
11098828.638456987499611 1547837.430683592500396
11098828.638456987499611 1547837.729269530000352
11098828.638456987499611 1547838.027855467500308
11098828.638456987499611 1547838.326441405000264
11098828.638456987499611 1547838.625027342500220
11098828.638456987499611 1547838.923613280000176
11098828.638456987499611 1547839.222199217500132
11098828.638456987499611 1547839.520785155000088
11098828.638456987499611 1547839.819371092500044
11098828.638456987499611 1547840.117957030000000
11098828.638456987499611 1547840.416542967499956
11098828.638456987499611 1547840.715128904999912
11098828.638456987499611 1547841.013714842499868
11098828.638456987499611 1547841.312300779999824
11098828.638456987499611 1547841.610886717499780
11098828.638456987499611 1547841.909472654999736
11098828.638456987499611 1547842.208058592499692
11098828.638456987499611 1547842.506644529999648
11098828.937037716666148 1547837.430683592500396
11098828.937037716666148 1547837.729269530000352
11098828.937037716666148 1547838.027855467500308
11098828.937037716666148 1547838.326441405000264
11098828.937037716666148 1547838.625027342500220
11098828.937037716666148 1547838.923613280000176
11098828.937037716666148 1547839.222199217500132
11098828.937037716666148 1547839.520785155000088
11098828.937037716666148 1547839.819371092500044
11098828.937037716666148 1547840.117957030000000
11098828.937037716666148 1547840.416542967499956
11098828.937037716666148 1547840.715128904999912
11098828.937037716666148 1547841.013714842499868
11098828.937037716666148 1547841.312300779999824
11098828.937037716666148 1547841.610886717499780
11098828.937037716666148 1547841.909472654999736
11098828.937037716666148 1547842.208058592499692
11098828.937037716666148 1547842.506644529999648
11098829.235618445832685 1547837.430683592500396
11098829.235618445832685 1547837.729269530000352
11098829.235618445832685 1547838.027855467500308
11098829.235618445832685 1547838.326441405000264
11098829.235618445832685 1547838.625027342500220
11098829.235618445832685 1547838.923613280000176
11098829.235618445832685 1547839.222199217500132
11098829.235618445832685 1547839.520785155000088
11098829.235618445832685 1547839.819371092500044
11098829.235618445832685 1547840.117957030000000
11098829.235618445832685 1547840.416542967499956
11098829.235618445832685 1547840.715128904999912
11098829.235618445832685 1547841.013714842499868
11098829.235618445832685 1547841.312300779999824
11098829.235618445832685 1547841.610886717499780
11098829.235618445832685 1547841.909472654999736
11098829.235618445832685 1547842.208058592499692
11098829.235618445832685 1547842.506644529999648
11098829.534199174999222 1547837.430683592500396
11098829.534199174999222 1547837.729269530000352
11098829.534199174999222 1547838.027855467500308
11098829.534199174999222 1547838.326441405000264
11098829.534199174999222 1547838.625027342500220
11098829.534199174999222 1547838.923613280000176
11098829.534199174999222 1547839.222199217500132
11098829.534199174999222 1547839.520785155000088
11098829.534199174999222 1547839.819371092500044
11098829.534199174999222 1547840.117957030000000
11098829.534199174999222 1547840.416542967499956
11098829.534199174999222 1547840.715128904999912
11098829.534199174999222 1547841.013714842499868
11098829.534199174999222 1547841.312300779999824
11098829.534199174999222 1547841.610886717499780
11098829.534199174999222 1547841.909472654999736
11098829.534199174999222 1547842.208058592499692
11098829.534199174999222 1547842.506644529999648
11098829.832779904165759 1547837.430683592500396
11098829.832779904165759 1547837.729269530000352
11098829.832779904165759 1547838.027855467500308
11098829.832779904165759 1547838.326441405000264
11098829.832779904165759 1547838.625027342500220
11098829.832779904165759 1547838.923613280000176
11098829.832779904165759 1547839.222199217500132
11098829.832779904165759 1547839.520785155000088
11098829.832779904165759 1547839.819371092500044
11098829.832779904165759 1547840.117957030000000
11098829.832779904165759 1547840.416542967499956
11098829.832779904165759 1547840.715128904999912
11098829.832779904165759 1547841.013714842499868
11098829.832779904165759 1547841.312300779999824
11098829.832779904165759 1547841.610886717499780
11098829.832779904165759 1547841.909472654999736
11098829.832779904165759 1547842.208058592499692
11098829.832779904165759 1547842.506644529999648
11098830.131360633332296 1547837.430683592500396
11098830.131360633332296 1547837.729269530000352
11098830.131360633332296 1547838.027855467500308
11098830.131360633332296 1547838.326441405000264
11098830.131360633332296 1547838.625027342500220
11098830.131360633332296 1547838.923613280000176
11098830.131360633332296 1547839.222199217500132
11098830.131360633332296 1547839.520785155000088
11098830.131360633332296 1547839.819371092500044
11098830.131360633332296 1547840.117957030000000
11098830.131360633332296 1547840.416542967499956
11098830.131360633332296 1547840.715128904999912
11098830.131360633332296 1547841.013714842499868
11098830.131360633332296 1547841.312300779999824
11098830.131360633332296 1547841.610886717499780
11098830.131360633332296 1547841.909472654999736
11098830.131360633332296 1547842.208058592499692
11098830.131360633332296 1547842.506644529999648
