11099137.072350237501167 1547826.980175782500396
11099137.072350237501167 1547827.278761720000352
11099137.072350237501167 1547827.577347657500308
11099137.072350237501167 1547827.875933595000264
11099137.072350237501167 1547828.174519532500220
11099137.072350237501167 1547828.473105470000176
11099137.072350237501167 1547828.771691407500132
11099137.072350237501167 1547829.070277345000088
11099137.072350237501167 1547829.368863282500044
11099137.072350237501167 1547829.667449220000000
11099137.072350237501167 1547829.966035157499956
11099137.072350237501167 1547830.264621094999912
11099137.072350237501167 1547830.563207032499868
11099137.072350237501167 1547830.861792969999824
11099137.072350237501167 1547831.160378907499780
11099137.072350237501167 1547831.458964844999736
11099137.072350237501167 1547831.757550782499692
11099137.072350237501167 1547832.056136719999648
11099137.370930966667704 1547826.980175782500396
11099137.370930966667704 1547827.278761720000352
11099137.370930966667704 1547827.577347657500308
11099137.370930966667704 1547827.875933595000264
11099137.370930966667704 1547828.174519532500220
11099137.370930966667704 1547828.473105470000176
11099137.370930966667704 1547828.771691407500132
11099137.370930966667704 1547829.070277345000088
11099137.370930966667704 1547829.368863282500044
11099137.370930966667704 1547829.667449220000000
11099137.370930966667704 1547829.966035157499956
11099137.370930966667704 1547830.264621094999912
11099137.370930966667704 1547830.563207032499868
11099137.370930966667704 1547830.861792969999824
11099137.370930966667704 1547831.160378907499780
11099137.370930966667704 1547831.458964844999736
11099137.370930966667704 1547831.757550782499692
11099137.370930966667704 1547832.056136719999648
11099137.669511695834241 1547826.980175782500396
11099137.669511695834241 1547827.278761720000352
11099137.669511695834241 1547827.577347657500308
11099137.669511695834241 1547827.875933595000264
11099137.669511695834241 1547828.174519532500220
11099137.669511695834241 1547828.473105470000176
11099137.669511695834241 1547828.771691407500132
11099137.669511695834241 1547829.070277345000088
11099137.669511695834241 1547829.368863282500044
11099137.669511695834241 1547829.667449220000000
11099137.669511695834241 1547829.966035157499956
11099137.669511695834241 1547830.264621094999912
11099137.669511695834241 1547830.563207032499868
11099137.669511695834241 1547830.861792969999824
11099137.669511695834241 1547831.160378907499780
11099137.669511695834241 1547831.458964844999736
11099137.669511695834241 1547831.757550782499692
11099137.669511695834241 1547832.056136719999648
11099137.968092425000778 1547826.980175782500396
11099137.968092425000778 1547827.278761720000352
11099137.968092425000778 1547827.577347657500308
11099137.968092425000778 1547827.875933595000264
11099137.968092425000778 1547828.174519532500220
11099137.968092425000778 1547828.473105470000176
11099137.968092425000778 1547828.771691407500132
11099137.968092425000778 1547829.070277345000088
11099137.968092425000778 1547829.368863282500044
11099137.968092425000778 1547829.667449220000000
11099137.968092425000778 1547829.966035157499956
11099137.968092425000778 1547830.264621094999912
11099137.968092425000778 1547830.563207032499868
11099137.968092425000778 1547830.861792969999824
11099137.968092425000778 1547831.160378907499780
11099137.968092425000778 1547831.458964844999736
11099137.968092425000778 1547831.757550782499692
11099137.968092425000778 1547832.056136719999648
11099138.266673154167315 1547826.980175782500396
11099138.266673154167315 1547827.278761720000352
11099138.266673154167315 1547827.577347657500308
11099138.266673154167315 1547827.875933595000264
11099138.266673154167315 1547828.174519532500220
11099138.266673154167315 1547828.473105470000176
11099138.266673154167315 1547828.771691407500132
11099138.266673154167315 1547829.070277345000088
11099138.266673154167315 1547829.368863282500044
11099138.266673154167315 1547829.667449220000000
11099138.266673154167315 1547829.966035157499956
11099138.266673154167315 1547830.264621094999912
11099138.266673154167315 1547830.563207032499868
11099138.266673154167315 1547830.861792969999824
11099138.266673154167315 1547831.160378907499780
11099138.266673154167315 1547831.458964844999736
11099138.266673154167315 1547831.757550782499692
11099138.266673154167315 1547832.056136719999648
11099138.565253883333852 1547826.980175782500396
11099138.565253883333852 1547827.278761720000352
11099138.565253883333852 1547827.577347657500308
11099138.565253883333852 1547827.875933595000264
11099138.565253883333852 1547828.174519532500220
11099138.565253883333852 1547828.473105470000176
11099138.565253883333852 1547828.771691407500132
11099138.565253883333852 1547829.070277345000088
11099138.565253883333852 1547829.368863282500044
11099138.565253883333852 1547829.667449220000000
11099138.565253883333852 1547829.966035157499956
11099138.565253883333852 1547830.264621094999912
11099138.565253883333852 1547830.563207032499868
11099138.565253883333852 1547830.861792969999824
11099138.565253883333852 1547831.160378907499780
11099138.565253883333852 1547831.458964844999736
11099138.565253883333852 1547831.757550782499692
11099138.565253883333852 1547832.056136719999648
11099138.863834612500389 1547826.980175782500396
11099138.863834612500389 1547827.278761720000352
11099138.863834612500389 1547827.577347657500308
11099138.863834612500389 1547827.875933595000264
11099138.863834612500389 1547828.174519532500220
11099138.863834612500389 1547828.473105470000176
11099138.863834612500389 1547828.771691407500132
11099138.863834612500389 1547829.070277345000088
11099138.863834612500389 1547829.368863282500044
11099138.863834612500389 1547829.667449220000000
11099138.863834612500389 1547829.966035157499956
11099138.863834612500389 1547830.264621094999912
11099138.863834612500389 1547830.563207032499868
11099138.863834612500389 1547830.861792969999824
11099138.863834612500389 1547831.160378907499780
11099138.863834612500389 1547831.458964844999736
11099138.863834612500389 1547831.757550782499692
11099138.863834612500389 1547832.056136719999648
11099139.162415341666926 1547826.980175782500396
11099139.162415341666926 1547827.278761720000352
11099139.162415341666926 1547827.577347657500308
11099139.162415341666926 1547827.875933595000264
11099139.162415341666926 1547828.174519532500220
11099139.162415341666926 1547828.473105470000176
11099139.162415341666926 1547828.771691407500132
11099139.162415341666926 1547829.070277345000088
11099139.162415341666926 1547829.368863282500044
11099139.162415341666926 1547829.667449220000000
11099139.162415341666926 1547829.966035157499956
11099139.162415341666926 1547830.264621094999912
11099139.162415341666926 1547830.563207032499868
11099139.162415341666926 1547830.861792969999824
11099139.162415341666926 1547831.160378907499780
11099139.162415341666926 1547831.458964844999736
11099139.162415341666926 1547831.757550782499692
11099139.162415341666926 1547832.056136719999648
11099139.460996070833463 1547826.980175782500396
11099139.460996070833463 1547827.278761720000352
11099139.460996070833463 1547827.577347657500308
11099139.460996070833463 1547827.875933595000264
11099139.460996070833463 1547828.174519532500220
11099139.460996070833463 1547828.473105470000176
11099139.460996070833463 1547828.771691407500132
11099139.460996070833463 1547829.070277345000088
11099139.460996070833463 1547829.368863282500044
11099139.460996070833463 1547829.667449220000000
11099139.460996070833463 1547829.966035157499956
11099139.460996070833463 1547830.264621094999912
11099139.460996070833463 1547830.563207032499868
11099139.460996070833463 1547830.861792969999824
11099139.460996070833463 1547831.160378907499780
11099139.460996070833463 1547831.458964844999736
11099139.460996070833463 1547831.757550782499692
11099139.460996070833463 1547832.056136719999648
11099139.759576800000000 1547826.980175782500396
11099139.759576800000000 1547827.278761720000352
11099139.759576800000000 1547827.577347657500308
11099139.759576800000000 1547827.875933595000264
11099139.759576800000000 1547828.174519532500220
11099139.759576800000000 1547828.473105470000176
11099139.759576800000000 1547828.771691407500132
11099139.759576800000000 1547829.070277345000088
11099139.759576800000000 1547829.368863282500044
11099139.759576800000000 1547829.667449220000000
11099139.759576800000000 1547829.966035157499956
11099139.759576800000000 1547830.264621094999912
11099139.759576800000000 1547830.563207032499868
11099139.759576800000000 1547830.861792969999824
11099139.759576800000000 1547831.160378907499780
11099139.759576800000000 1547831.458964844999736
11099139.759576800000000 1547831.757550782499692
11099139.759576800000000 1547832.056136719999648
11099140.058157529166537 1547826.980175782500396
11099140.058157529166537 1547827.278761720000352
11099140.058157529166537 1547827.577347657500308
11099140.058157529166537 1547827.875933595000264
11099140.058157529166537 1547828.174519532500220
11099140.058157529166537 1547828.473105470000176
11099140.058157529166537 1547828.771691407500132
11099140.058157529166537 1547829.070277345000088
11099140.058157529166537 1547829.368863282500044
11099140.058157529166537 1547829.667449220000000
11099140.058157529166537 1547829.966035157499956
11099140.058157529166537 1547830.264621094999912
11099140.058157529166537 1547830.563207032499868
11099140.058157529166537 1547830.861792969999824
11099140.058157529166537 1547831.160378907499780
11099140.058157529166537 1547831.458964844999736
11099140.058157529166537 1547831.757550782499692
11099140.058157529166537 1547832.056136719999648
11099140.356738258333074 1547826.980175782500396
11099140.356738258333074 1547827.278761720000352
11099140.356738258333074 1547827.577347657500308
11099140.356738258333074 1547827.875933595000264
11099140.356738258333074 1547828.174519532500220
11099140.356738258333074 1547828.473105470000176
11099140.356738258333074 1547828.771691407500132
11099140.356738258333074 1547829.070277345000088
11099140.356738258333074 1547829.368863282500044
11099140.356738258333074 1547829.667449220000000
11099140.356738258333074 1547829.966035157499956
11099140.356738258333074 1547830.264621094999912
11099140.356738258333074 1547830.563207032499868
11099140.356738258333074 1547830.861792969999824
11099140.356738258333074 1547831.160378907499780
11099140.356738258333074 1547831.458964844999736
11099140.356738258333074 1547831.757550782499692
11099140.356738258333074 1547832.056136719999648
11099140.655318987499611 1547826.980175782500396
11099140.655318987499611 1547827.278761720000352
11099140.655318987499611 1547827.577347657500308
11099140.655318987499611 1547827.875933595000264
11099140.655318987499611 1547828.174519532500220
11099140.655318987499611 1547828.473105470000176
11099140.655318987499611 1547828.771691407500132
11099140.655318987499611 1547829.070277345000088
11099140.655318987499611 1547829.368863282500044
11099140.655318987499611 1547829.667449220000000
11099140.655318987499611 1547829.966035157499956
11099140.655318987499611 1547830.264621094999912
11099140.655318987499611 1547830.563207032499868
11099140.655318987499611 1547830.861792969999824
11099140.655318987499611 1547831.160378907499780
11099140.655318987499611 1547831.458964844999736
11099140.655318987499611 1547831.757550782499692
11099140.655318987499611 1547832.056136719999648
11099140.953899716666148 1547826.980175782500396
11099140.953899716666148 1547827.278761720000352
11099140.953899716666148 1547827.577347657500308
11099140.953899716666148 1547827.875933595000264
11099140.953899716666148 1547828.174519532500220
11099140.953899716666148 1547828.473105470000176
11099140.953899716666148 1547828.771691407500132
11099140.953899716666148 1547829.070277345000088
11099140.953899716666148 1547829.368863282500044
11099140.953899716666148 1547829.667449220000000
11099140.953899716666148 1547829.966035157499956
11099140.953899716666148 1547830.264621094999912
11099140.953899716666148 1547830.563207032499868
11099140.953899716666148 1547830.861792969999824
11099140.953899716666148 1547831.160378907499780
11099140.953899716666148 1547831.458964844999736
11099140.953899716666148 1547831.757550782499692
11099140.953899716666148 1547832.056136719999648
11099141.252480445832685 1547826.980175782500396
11099141.252480445832685 1547827.278761720000352
11099141.252480445832685 1547827.577347657500308
11099141.252480445832685 1547827.875933595000264
11099141.252480445832685 1547828.174519532500220
11099141.252480445832685 1547828.473105470000176
11099141.252480445832685 1547828.771691407500132
11099141.252480445832685 1547829.070277345000088
11099141.252480445832685 1547829.368863282500044
11099141.252480445832685 1547829.667449220000000
11099141.252480445832685 1547829.966035157499956
11099141.252480445832685 1547830.264621094999912
11099141.252480445832685 1547830.563207032499868
11099141.252480445832685 1547830.861792969999824
11099141.252480445832685 1547831.160378907499780
11099141.252480445832685 1547831.458964844999736
11099141.252480445832685 1547831.757550782499692
11099141.252480445832685 1547832.056136719999648
11099141.551061174999222 1547826.980175782500396
11099141.551061174999222 1547827.278761720000352
11099141.551061174999222 1547827.577347657500308
11099141.551061174999222 1547827.875933595000264
11099141.551061174999222 1547828.174519532500220
11099141.551061174999222 1547828.473105470000176
11099141.551061174999222 1547828.771691407500132
11099141.551061174999222 1547829.070277345000088
11099141.551061174999222 1547829.368863282500044
11099141.551061174999222 1547829.667449220000000
11099141.551061174999222 1547829.966035157499956
11099141.551061174999222 1547830.264621094999912
11099141.551061174999222 1547830.563207032499868
11099141.551061174999222 1547830.861792969999824
11099141.551061174999222 1547831.160378907499780
11099141.551061174999222 1547831.458964844999736
11099141.551061174999222 1547831.757550782499692
11099141.551061174999222 1547832.056136719999648
11099141.849641904165759 1547826.980175782500396
11099141.849641904165759 1547827.278761720000352
11099141.849641904165759 1547827.577347657500308
11099141.849641904165759 1547827.875933595000264
11099141.849641904165759 1547828.174519532500220
11099141.849641904165759 1547828.473105470000176
11099141.849641904165759 1547828.771691407500132
11099141.849641904165759 1547829.070277345000088
11099141.849641904165759 1547829.368863282500044
11099141.849641904165759 1547829.667449220000000
11099141.849641904165759 1547829.966035157499956
11099141.849641904165759 1547830.264621094999912
11099141.849641904165759 1547830.563207032499868
11099141.849641904165759 1547830.861792969999824
11099141.849641904165759 1547831.160378907499780
11099141.849641904165759 1547831.458964844999736
11099141.849641904165759 1547831.757550782499692
11099141.849641904165759 1547832.056136719999648
11099142.148222633332296 1547826.980175782500396
11099142.148222633332296 1547827.278761720000352
11099142.148222633332296 1547827.577347657500308
11099142.148222633332296 1547827.875933595000264
11099142.148222633332296 1547828.174519532500220
11099142.148222633332296 1547828.473105470000176
11099142.148222633332296 1547828.771691407500132
11099142.148222633332296 1547829.070277345000088
11099142.148222633332296 1547829.368863282500044
11099142.148222633332296 1547829.667449220000000
11099142.148222633332296 1547829.966035157499956
11099142.148222633332296 1547830.264621094999912
11099142.148222633332296 1547830.563207032499868
11099142.148222633332296 1547830.861792969999824
11099142.148222633332296 1547831.160378907499780
11099142.148222633332296 1547831.458964844999736
11099142.148222633332296 1547831.757550782499692
11099142.148222633332296 1547832.056136719999648
