11098891.638990837501167 1547594.680316402500396
11098891.638990837501167 1547594.978902340000352
11098891.638990837501167 1547595.277488277500308
11098891.638990837501167 1547595.576074215000264
11098891.638990837501167 1547595.874660152500220
11098891.638990837501167 1547596.173246090000176
11098891.638990837501167 1547596.471832027500132
11098891.638990837501167 1547596.770417965000088
11098891.638990837501167 1547597.069003902500044
11098891.638990837501167 1547597.367589840000000
11098891.638990837501167 1547597.666175777499956
11098891.638990837501167 1547597.964761714999912
11098891.638990837501167 1547598.263347652499868
11098891.638990837501167 1547598.561933589999824
11098891.638990837501167 1547598.860519527499780
11098891.638990837501167 1547599.159105464999736
11098891.638990837501167 1547599.457691402499692
11098891.638990837501167 1547599.756277339999648
11098891.937571566667704 1547594.680316402500396
11098891.937571566667704 1547594.978902340000352
11098891.937571566667704 1547595.277488277500308
11098891.937571566667704 1547595.576074215000264
11098891.937571566667704 1547595.874660152500220
11098891.937571566667704 1547596.173246090000176
11098891.937571566667704 1547596.471832027500132
11098891.937571566667704 1547596.770417965000088
11098891.937571566667704 1547597.069003902500044
11098891.937571566667704 1547597.367589840000000
11098891.937571566667704 1547597.666175777499956
11098891.937571566667704 1547597.964761714999912
11098891.937571566667704 1547598.263347652499868
11098891.937571566667704 1547598.561933589999824
11098891.937571566667704 1547598.860519527499780
11098891.937571566667704 1547599.159105464999736
11098891.937571566667704 1547599.457691402499692
11098891.937571566667704 1547599.756277339999648
11098892.236152295834241 1547594.680316402500396
11098892.236152295834241 1547594.978902340000352
11098892.236152295834241 1547595.277488277500308
11098892.236152295834241 1547595.576074215000264
11098892.236152295834241 1547595.874660152500220
11098892.236152295834241 1547596.173246090000176
11098892.236152295834241 1547596.471832027500132
11098892.236152295834241 1547596.770417965000088
11098892.236152295834241 1547597.069003902500044
11098892.236152295834241 1547597.367589840000000
11098892.236152295834241 1547597.666175777499956
11098892.236152295834241 1547597.964761714999912
11098892.236152295834241 1547598.263347652499868
11098892.236152295834241 1547598.561933589999824
11098892.236152295834241 1547598.860519527499780
11098892.236152295834241 1547599.159105464999736
11098892.236152295834241 1547599.457691402499692
11098892.236152295834241 1547599.756277339999648
11098892.534733025000778 1547594.680316402500396
11098892.534733025000778 1547594.978902340000352
11098892.534733025000778 1547595.277488277500308
11098892.534733025000778 1547595.576074215000264
11098892.534733025000778 1547595.874660152500220
11098892.534733025000778 1547596.173246090000176
11098892.534733025000778 1547596.471832027500132
11098892.534733025000778 1547596.770417965000088
11098892.534733025000778 1547597.069003902500044
11098892.534733025000778 1547597.367589840000000
11098892.534733025000778 1547597.666175777499956
11098892.534733025000778 1547597.964761714999912
11098892.534733025000778 1547598.263347652499868
11098892.534733025000778 1547598.561933589999824
11098892.534733025000778 1547598.860519527499780
11098892.534733025000778 1547599.159105464999736
11098892.534733025000778 1547599.457691402499692
11098892.534733025000778 1547599.756277339999648
11098892.833313754167315 1547594.680316402500396
11098892.833313754167315 1547594.978902340000352
11098892.833313754167315 1547595.277488277500308
11098892.833313754167315 1547595.576074215000264
11098892.833313754167315 1547595.874660152500220
11098892.833313754167315 1547596.173246090000176
11098892.833313754167315 1547596.471832027500132
11098892.833313754167315 1547596.770417965000088
11098892.833313754167315 1547597.069003902500044
11098892.833313754167315 1547597.367589840000000
11098892.833313754167315 1547597.666175777499956
11098892.833313754167315 1547597.964761714999912
11098892.833313754167315 1547598.263347652499868
11098892.833313754167315 1547598.561933589999824
11098892.833313754167315 1547598.860519527499780
11098892.833313754167315 1547599.159105464999736
11098892.833313754167315 1547599.457691402499692
11098892.833313754167315 1547599.756277339999648
11098893.131894483333852 1547594.680316402500396
11098893.131894483333852 1547594.978902340000352
11098893.131894483333852 1547595.277488277500308
11098893.131894483333852 1547595.576074215000264
11098893.131894483333852 1547595.874660152500220
11098893.131894483333852 1547596.173246090000176
11098893.131894483333852 1547596.471832027500132
11098893.131894483333852 1547596.770417965000088
11098893.131894483333852 1547597.069003902500044
11098893.131894483333852 1547597.367589840000000
11098893.131894483333852 1547597.666175777499956
11098893.131894483333852 1547597.964761714999912
11098893.131894483333852 1547598.263347652499868
11098893.131894483333852 1547598.561933589999824
11098893.131894483333852 1547598.860519527499780
11098893.131894483333852 1547599.159105464999736
11098893.131894483333852 1547599.457691402499692
11098893.131894483333852 1547599.756277339999648
11098893.430475212500389 1547594.680316402500396
11098893.430475212500389 1547594.978902340000352
11098893.430475212500389 1547595.277488277500308
11098893.430475212500389 1547595.576074215000264
11098893.430475212500389 1547595.874660152500220
11098893.430475212500389 1547596.173246090000176
11098893.430475212500389 1547596.471832027500132
11098893.430475212500389 1547596.770417965000088
11098893.430475212500389 1547597.069003902500044
11098893.430475212500389 1547597.367589840000000
11098893.430475212500389 1547597.666175777499956
11098893.430475212500389 1547597.964761714999912
11098893.430475212500389 1547598.263347652499868
11098893.430475212500389 1547598.561933589999824
11098893.430475212500389 1547598.860519527499780
11098893.430475212500389 1547599.159105464999736
11098893.430475212500389 1547599.457691402499692
11098893.430475212500389 1547599.756277339999648
11098893.729055941666926 1547594.680316402500396
11098893.729055941666926 1547594.978902340000352
11098893.729055941666926 1547595.277488277500308
11098893.729055941666926 1547595.576074215000264
11098893.729055941666926 1547595.874660152500220
11098893.729055941666926 1547596.173246090000176
11098893.729055941666926 1547596.471832027500132
11098893.729055941666926 1547596.770417965000088
11098893.729055941666926 1547597.069003902500044
11098893.729055941666926 1547597.367589840000000
11098893.729055941666926 1547597.666175777499956
11098893.729055941666926 1547597.964761714999912
11098893.729055941666926 1547598.263347652499868
11098893.729055941666926 1547598.561933589999824
11098893.729055941666926 1547598.860519527499780
11098893.729055941666926 1547599.159105464999736
11098893.729055941666926 1547599.457691402499692
11098893.729055941666926 1547599.756277339999648
11098894.027636670833463 1547594.680316402500396
11098894.027636670833463 1547594.978902340000352
11098894.027636670833463 1547595.277488277500308
11098894.027636670833463 1547595.576074215000264
11098894.027636670833463 1547595.874660152500220
11098894.027636670833463 1547596.173246090000176
11098894.027636670833463 1547596.471832027500132
11098894.027636670833463 1547596.770417965000088
11098894.027636670833463 1547597.069003902500044
11098894.027636670833463 1547597.367589840000000
11098894.027636670833463 1547597.666175777499956
11098894.027636670833463 1547597.964761714999912
11098894.027636670833463 1547598.263347652499868
11098894.027636670833463 1547598.561933589999824
11098894.027636670833463 1547598.860519527499780
11098894.027636670833463 1547599.159105464999736
11098894.027636670833463 1547599.457691402499692
11098894.027636670833463 1547599.756277339999648
11098894.326217400000000 1547594.680316402500396
11098894.326217400000000 1547594.978902340000352
11098894.326217400000000 1547595.277488277500308
11098894.326217400000000 1547595.576074215000264
11098894.326217400000000 1547595.874660152500220
11098894.326217400000000 1547596.173246090000176
11098894.326217400000000 1547596.471832027500132
11098894.326217400000000 1547596.770417965000088
11098894.326217400000000 1547597.069003902500044
11098894.326217400000000 1547597.367589840000000
11098894.326217400000000 1547597.666175777499956
11098894.326217400000000 1547597.964761714999912
11098894.326217400000000 1547598.263347652499868
11098894.326217400000000 1547598.561933589999824
11098894.326217400000000 1547598.860519527499780
11098894.326217400000000 1547599.159105464999736
11098894.326217400000000 1547599.457691402499692
11098894.326217400000000 1547599.756277339999648
11098894.624798129166537 1547594.680316402500396
11098894.624798129166537 1547594.978902340000352
11098894.624798129166537 1547595.277488277500308
11098894.624798129166537 1547595.576074215000264
11098894.624798129166537 1547595.874660152500220
11098894.624798129166537 1547596.173246090000176
11098894.624798129166537 1547596.471832027500132
11098894.624798129166537 1547596.770417965000088
11098894.624798129166537 1547597.069003902500044
11098894.624798129166537 1547597.367589840000000
11098894.624798129166537 1547597.666175777499956
11098894.624798129166537 1547597.964761714999912
11098894.624798129166537 1547598.263347652499868
11098894.624798129166537 1547598.561933589999824
11098894.624798129166537 1547598.860519527499780
11098894.624798129166537 1547599.159105464999736
11098894.624798129166537 1547599.457691402499692
11098894.624798129166537 1547599.756277339999648
11098894.923378858333074 1547594.680316402500396
11098894.923378858333074 1547594.978902340000352
11098894.923378858333074 1547595.277488277500308
11098894.923378858333074 1547595.576074215000264
11098894.923378858333074 1547595.874660152500220
11098894.923378858333074 1547596.173246090000176
11098894.923378858333074 1547596.471832027500132
11098894.923378858333074 1547596.770417965000088
11098894.923378858333074 1547597.069003902500044
11098894.923378858333074 1547597.367589840000000
11098894.923378858333074 1547597.666175777499956
11098894.923378858333074 1547597.964761714999912
11098894.923378858333074 1547598.263347652499868
11098894.923378858333074 1547598.561933589999824
11098894.923378858333074 1547598.860519527499780
11098894.923378858333074 1547599.159105464999736
11098894.923378858333074 1547599.457691402499692
11098894.923378858333074 1547599.756277339999648
11098895.221959587499611 1547594.680316402500396
11098895.221959587499611 1547594.978902340000352
11098895.221959587499611 1547595.277488277500308
11098895.221959587499611 1547595.576074215000264
11098895.221959587499611 1547595.874660152500220
11098895.221959587499611 1547596.173246090000176
11098895.221959587499611 1547596.471832027500132
11098895.221959587499611 1547596.770417965000088
11098895.221959587499611 1547597.069003902500044
11098895.221959587499611 1547597.367589840000000
11098895.221959587499611 1547597.666175777499956
11098895.221959587499611 1547597.964761714999912
11098895.221959587499611 1547598.263347652499868
11098895.221959587499611 1547598.561933589999824
11098895.221959587499611 1547598.860519527499780
11098895.221959587499611 1547599.159105464999736
11098895.221959587499611 1547599.457691402499692
11098895.221959587499611 1547599.756277339999648
11098895.520540316666148 1547594.680316402500396
11098895.520540316666148 1547594.978902340000352
11098895.520540316666148 1547595.277488277500308
11098895.520540316666148 1547595.576074215000264
11098895.520540316666148 1547595.874660152500220
11098895.520540316666148 1547596.173246090000176
11098895.520540316666148 1547596.471832027500132
11098895.520540316666148 1547596.770417965000088
11098895.520540316666148 1547597.069003902500044
11098895.520540316666148 1547597.367589840000000
11098895.520540316666148 1547597.666175777499956
11098895.520540316666148 1547597.964761714999912
11098895.520540316666148 1547598.263347652499868
11098895.520540316666148 1547598.561933589999824
11098895.520540316666148 1547598.860519527499780
11098895.520540316666148 1547599.159105464999736
11098895.520540316666148 1547599.457691402499692
11098895.520540316666148 1547599.756277339999648
11098895.819121045832685 1547594.680316402500396
11098895.819121045832685 1547594.978902340000352
11098895.819121045832685 1547595.277488277500308
11098895.819121045832685 1547595.576074215000264
11098895.819121045832685 1547595.874660152500220
11098895.819121045832685 1547596.173246090000176
11098895.819121045832685 1547596.471832027500132
11098895.819121045832685 1547596.770417965000088
11098895.819121045832685 1547597.069003902500044
11098895.819121045832685 1547597.367589840000000
11098895.819121045832685 1547597.666175777499956
11098895.819121045832685 1547597.964761714999912
11098895.819121045832685 1547598.263347652499868
11098895.819121045832685 1547598.561933589999824
11098895.819121045832685 1547598.860519527499780
11098895.819121045832685 1547599.159105464999736
11098895.819121045832685 1547599.457691402499692
11098895.819121045832685 1547599.756277339999648
11098896.117701774999222 1547594.680316402500396
11098896.117701774999222 1547594.978902340000352
11098896.117701774999222 1547595.277488277500308
11098896.117701774999222 1547595.576074215000264
11098896.117701774999222 1547595.874660152500220
11098896.117701774999222 1547596.173246090000176
11098896.117701774999222 1547596.471832027500132
11098896.117701774999222 1547596.770417965000088
11098896.117701774999222 1547597.069003902500044
11098896.117701774999222 1547597.367589840000000
11098896.117701774999222 1547597.666175777499956
11098896.117701774999222 1547597.964761714999912
11098896.117701774999222 1547598.263347652499868
11098896.117701774999222 1547598.561933589999824
11098896.117701774999222 1547598.860519527499780
11098896.117701774999222 1547599.159105464999736
11098896.117701774999222 1547599.457691402499692
11098896.117701774999222 1547599.756277339999648
11098896.416282504165759 1547594.680316402500396
11098896.416282504165759 1547594.978902340000352
11098896.416282504165759 1547595.277488277500308
11098896.416282504165759 1547595.576074215000264
11098896.416282504165759 1547595.874660152500220
11098896.416282504165759 1547596.173246090000176
11098896.416282504165759 1547596.471832027500132
11098896.416282504165759 1547596.770417965000088
11098896.416282504165759 1547597.069003902500044
11098896.416282504165759 1547597.367589840000000
11098896.416282504165759 1547597.666175777499956
11098896.416282504165759 1547597.964761714999912
11098896.416282504165759 1547598.263347652499868
11098896.416282504165759 1547598.561933589999824
11098896.416282504165759 1547598.860519527499780
11098896.416282504165759 1547599.159105464999736
11098896.416282504165759 1547599.457691402499692
11098896.416282504165759 1547599.756277339999648
11098896.714863233332296 1547594.680316402500396
11098896.714863233332296 1547594.978902340000352
11098896.714863233332296 1547595.277488277500308
11098896.714863233332296 1547595.576074215000264
11098896.714863233332296 1547595.874660152500220
11098896.714863233332296 1547596.173246090000176
11098896.714863233332296 1547596.471832027500132
11098896.714863233332296 1547596.770417965000088
11098896.714863233332296 1547597.069003902500044
11098896.714863233332296 1547597.367589840000000
11098896.714863233332296 1547597.666175777499956
11098896.714863233332296 1547597.964761714999912
11098896.714863233332296 1547598.263347652499868
11098896.714863233332296 1547598.561933589999824
11098896.714863233332296 1547598.860519527499780
11098896.714863233332296 1547599.159105464999736
11098896.714863233332296 1547599.457691402499692
11098896.714863233332296 1547599.756277339999648
