11099005.099667937501167 1547849.075535152500396
11099005.099667937501167 1547849.374121090000352
11099005.099667937501167 1547849.672707027500308
11099005.099667937501167 1547849.971292965000264
11099005.099667937501167 1547850.269878902500220
11099005.099667937501167 1547850.568464840000176
11099005.099667937501167 1547850.867050777500132
11099005.099667937501167 1547851.165636715000088
11099005.099667937501167 1547851.464222652500044
11099005.099667937501167 1547851.762808590000000
11099005.099667937501167 1547852.061394527499956
11099005.099667937501167 1547852.359980464999912
11099005.099667937501167 1547852.658566402499868
11099005.099667937501167 1547852.957152339999824
11099005.099667937501167 1547853.255738277499780
11099005.099667937501167 1547853.554324214999736
11099005.099667937501167 1547853.852910152499692
11099005.099667937501167 1547854.151496089999648
11099005.398248666667704 1547849.075535152500396
11099005.398248666667704 1547849.374121090000352
11099005.398248666667704 1547849.672707027500308
11099005.398248666667704 1547849.971292965000264
11099005.398248666667704 1547850.269878902500220
11099005.398248666667704 1547850.568464840000176
11099005.398248666667704 1547850.867050777500132
11099005.398248666667704 1547851.165636715000088
11099005.398248666667704 1547851.464222652500044
11099005.398248666667704 1547851.762808590000000
11099005.398248666667704 1547852.061394527499956
11099005.398248666667704 1547852.359980464999912
11099005.398248666667704 1547852.658566402499868
11099005.398248666667704 1547852.957152339999824
11099005.398248666667704 1547853.255738277499780
11099005.398248666667704 1547853.554324214999736
11099005.398248666667704 1547853.852910152499692
11099005.398248666667704 1547854.151496089999648
11099005.696829395834241 1547849.075535152500396
11099005.696829395834241 1547849.374121090000352
11099005.696829395834241 1547849.672707027500308
11099005.696829395834241 1547849.971292965000264
11099005.696829395834241 1547850.269878902500220
11099005.696829395834241 1547850.568464840000176
11099005.696829395834241 1547850.867050777500132
11099005.696829395834241 1547851.165636715000088
11099005.696829395834241 1547851.464222652500044
11099005.696829395834241 1547851.762808590000000
11099005.696829395834241 1547852.061394527499956
11099005.696829395834241 1547852.359980464999912
11099005.696829395834241 1547852.658566402499868
11099005.696829395834241 1547852.957152339999824
11099005.696829395834241 1547853.255738277499780
11099005.696829395834241 1547853.554324214999736
11099005.696829395834241 1547853.852910152499692
11099005.696829395834241 1547854.151496089999648
11099005.995410125000778 1547849.075535152500396
11099005.995410125000778 1547849.374121090000352
11099005.995410125000778 1547849.672707027500308
11099005.995410125000778 1547849.971292965000264
11099005.995410125000778 1547850.269878902500220
11099005.995410125000778 1547850.568464840000176
11099005.995410125000778 1547850.867050777500132
11099005.995410125000778 1547851.165636715000088
11099005.995410125000778 1547851.464222652500044
11099005.995410125000778 1547851.762808590000000
11099005.995410125000778 1547852.061394527499956
11099005.995410125000778 1547852.359980464999912
11099005.995410125000778 1547852.658566402499868
11099005.995410125000778 1547852.957152339999824
11099005.995410125000778 1547853.255738277499780
11099005.995410125000778 1547853.554324214999736
11099005.995410125000778 1547853.852910152499692
11099005.995410125000778 1547854.151496089999648
11099006.293990854167315 1547849.075535152500396
11099006.293990854167315 1547849.374121090000352
11099006.293990854167315 1547849.672707027500308
11099006.293990854167315 1547849.971292965000264
11099006.293990854167315 1547850.269878902500220
11099006.293990854167315 1547850.568464840000176
11099006.293990854167315 1547850.867050777500132
11099006.293990854167315 1547851.165636715000088
11099006.293990854167315 1547851.464222652500044
11099006.293990854167315 1547851.762808590000000
11099006.293990854167315 1547852.061394527499956
11099006.293990854167315 1547852.359980464999912
11099006.293990854167315 1547852.658566402499868
11099006.293990854167315 1547852.957152339999824
11099006.293990854167315 1547853.255738277499780
11099006.293990854167315 1547853.554324214999736
11099006.293990854167315 1547853.852910152499692
11099006.293990854167315 1547854.151496089999648
11099006.592571583333852 1547849.075535152500396
11099006.592571583333852 1547849.374121090000352
11099006.592571583333852 1547849.672707027500308
11099006.592571583333852 1547849.971292965000264
11099006.592571583333852 1547850.269878902500220
11099006.592571583333852 1547850.568464840000176
11099006.592571583333852 1547850.867050777500132
11099006.592571583333852 1547851.165636715000088
11099006.592571583333852 1547851.464222652500044
11099006.592571583333852 1547851.762808590000000
11099006.592571583333852 1547852.061394527499956
11099006.592571583333852 1547852.359980464999912
11099006.592571583333852 1547852.658566402499868
11099006.592571583333852 1547852.957152339999824
11099006.592571583333852 1547853.255738277499780
11099006.592571583333852 1547853.554324214999736
11099006.592571583333852 1547853.852910152499692
11099006.592571583333852 1547854.151496089999648
11099006.891152312500389 1547849.075535152500396
11099006.891152312500389 1547849.374121090000352
11099006.891152312500389 1547849.672707027500308
11099006.891152312500389 1547849.971292965000264
11099006.891152312500389 1547850.269878902500220
11099006.891152312500389 1547850.568464840000176
11099006.891152312500389 1547850.867050777500132
11099006.891152312500389 1547851.165636715000088
11099006.891152312500389 1547851.464222652500044
11099006.891152312500389 1547851.762808590000000
11099006.891152312500389 1547852.061394527499956
11099006.891152312500389 1547852.359980464999912
11099006.891152312500389 1547852.658566402499868
11099006.891152312500389 1547852.957152339999824
11099006.891152312500389 1547853.255738277499780
11099006.891152312500389 1547853.554324214999736
11099006.891152312500389 1547853.852910152499692
11099006.891152312500389 1547854.151496089999648
11099007.189733041666926 1547849.075535152500396
11099007.189733041666926 1547849.374121090000352
11099007.189733041666926 1547849.672707027500308
11099007.189733041666926 1547849.971292965000264
11099007.189733041666926 1547850.269878902500220
11099007.189733041666926 1547850.568464840000176
11099007.189733041666926 1547850.867050777500132
11099007.189733041666926 1547851.165636715000088
11099007.189733041666926 1547851.464222652500044
11099007.189733041666926 1547851.762808590000000
11099007.189733041666926 1547852.061394527499956
11099007.189733041666926 1547852.359980464999912
11099007.189733041666926 1547852.658566402499868
11099007.189733041666926 1547852.957152339999824
11099007.189733041666926 1547853.255738277499780
11099007.189733041666926 1547853.554324214999736
11099007.189733041666926 1547853.852910152499692
11099007.189733041666926 1547854.151496089999648
11099007.488313770833463 1547849.075535152500396
11099007.488313770833463 1547849.374121090000352
11099007.488313770833463 1547849.672707027500308
11099007.488313770833463 1547849.971292965000264
11099007.488313770833463 1547850.269878902500220
11099007.488313770833463 1547850.568464840000176
11099007.488313770833463 1547850.867050777500132
11099007.488313770833463 1547851.165636715000088
11099007.488313770833463 1547851.464222652500044
11099007.488313770833463 1547851.762808590000000
11099007.488313770833463 1547852.061394527499956
11099007.488313770833463 1547852.359980464999912
11099007.488313770833463 1547852.658566402499868
11099007.488313770833463 1547852.957152339999824
11099007.488313770833463 1547853.255738277499780
11099007.488313770833463 1547853.554324214999736
11099007.488313770833463 1547853.852910152499692
11099007.488313770833463 1547854.151496089999648
11099007.786894500000000 1547849.075535152500396
11099007.786894500000000 1547849.374121090000352
11099007.786894500000000 1547849.672707027500308
11099007.786894500000000 1547849.971292965000264
11099007.786894500000000 1547850.269878902500220
11099007.786894500000000 1547850.568464840000176
11099007.786894500000000 1547850.867050777500132
11099007.786894500000000 1547851.165636715000088
11099007.786894500000000 1547851.464222652500044
11099007.786894500000000 1547851.762808590000000
11099007.786894500000000 1547852.061394527499956
11099007.786894500000000 1547852.359980464999912
11099007.786894500000000 1547852.658566402499868
11099007.786894500000000 1547852.957152339999824
11099007.786894500000000 1547853.255738277499780
11099007.786894500000000 1547853.554324214999736
11099007.786894500000000 1547853.852910152499692
11099007.786894500000000 1547854.151496089999648
11099008.085475229166537 1547849.075535152500396
11099008.085475229166537 1547849.374121090000352
11099008.085475229166537 1547849.672707027500308
11099008.085475229166537 1547849.971292965000264
11099008.085475229166537 1547850.269878902500220
11099008.085475229166537 1547850.568464840000176
11099008.085475229166537 1547850.867050777500132
11099008.085475229166537 1547851.165636715000088
11099008.085475229166537 1547851.464222652500044
11099008.085475229166537 1547851.762808590000000
11099008.085475229166537 1547852.061394527499956
11099008.085475229166537 1547852.359980464999912
11099008.085475229166537 1547852.658566402499868
11099008.085475229166537 1547852.957152339999824
11099008.085475229166537 1547853.255738277499780
11099008.085475229166537 1547853.554324214999736
11099008.085475229166537 1547853.852910152499692
11099008.085475229166537 1547854.151496089999648
11099008.384055958333074 1547849.075535152500396
11099008.384055958333074 1547849.374121090000352
11099008.384055958333074 1547849.672707027500308
11099008.384055958333074 1547849.971292965000264
11099008.384055958333074 1547850.269878902500220
11099008.384055958333074 1547850.568464840000176
11099008.384055958333074 1547850.867050777500132
11099008.384055958333074 1547851.165636715000088
11099008.384055958333074 1547851.464222652500044
11099008.384055958333074 1547851.762808590000000
11099008.384055958333074 1547852.061394527499956
11099008.384055958333074 1547852.359980464999912
11099008.384055958333074 1547852.658566402499868
11099008.384055958333074 1547852.957152339999824
11099008.384055958333074 1547853.255738277499780
11099008.384055958333074 1547853.554324214999736
11099008.384055958333074 1547853.852910152499692
11099008.384055958333074 1547854.151496089999648
11099008.682636687499611 1547849.075535152500396
11099008.682636687499611 1547849.374121090000352
11099008.682636687499611 1547849.672707027500308
11099008.682636687499611 1547849.971292965000264
11099008.682636687499611 1547850.269878902500220
11099008.682636687499611 1547850.568464840000176
11099008.682636687499611 1547850.867050777500132
11099008.682636687499611 1547851.165636715000088
11099008.682636687499611 1547851.464222652500044
11099008.682636687499611 1547851.762808590000000
11099008.682636687499611 1547852.061394527499956
11099008.682636687499611 1547852.359980464999912
11099008.682636687499611 1547852.658566402499868
11099008.682636687499611 1547852.957152339999824
11099008.682636687499611 1547853.255738277499780
11099008.682636687499611 1547853.554324214999736
11099008.682636687499611 1547853.852910152499692
11099008.682636687499611 1547854.151496089999648
11099008.981217416666148 1547849.075535152500396
11099008.981217416666148 1547849.374121090000352
11099008.981217416666148 1547849.672707027500308
11099008.981217416666148 1547849.971292965000264
11099008.981217416666148 1547850.269878902500220
11099008.981217416666148 1547850.568464840000176
11099008.981217416666148 1547850.867050777500132
11099008.981217416666148 1547851.165636715000088
11099008.981217416666148 1547851.464222652500044
11099008.981217416666148 1547851.762808590000000
11099008.981217416666148 1547852.061394527499956
11099008.981217416666148 1547852.359980464999912
11099008.981217416666148 1547852.658566402499868
11099008.981217416666148 1547852.957152339999824
11099008.981217416666148 1547853.255738277499780
11099008.981217416666148 1547853.554324214999736
11099008.981217416666148 1547853.852910152499692
11099008.981217416666148 1547854.151496089999648
11099009.279798145832685 1547849.075535152500396
11099009.279798145832685 1547849.374121090000352
11099009.279798145832685 1547849.672707027500308
11099009.279798145832685 1547849.971292965000264
11099009.279798145832685 1547850.269878902500220
11099009.279798145832685 1547850.568464840000176
11099009.279798145832685 1547850.867050777500132
11099009.279798145832685 1547851.165636715000088
11099009.279798145832685 1547851.464222652500044
11099009.279798145832685 1547851.762808590000000
11099009.279798145832685 1547852.061394527499956
11099009.279798145832685 1547852.359980464999912
11099009.279798145832685 1547852.658566402499868
11099009.279798145832685 1547852.957152339999824
11099009.279798145832685 1547853.255738277499780
11099009.279798145832685 1547853.554324214999736
11099009.279798145832685 1547853.852910152499692
11099009.279798145832685 1547854.151496089999648
11099009.578378874999222 1547849.075535152500396
11099009.578378874999222 1547849.374121090000352
11099009.578378874999222 1547849.672707027500308
11099009.578378874999222 1547849.971292965000264
11099009.578378874999222 1547850.269878902500220
11099009.578378874999222 1547850.568464840000176
11099009.578378874999222 1547850.867050777500132
11099009.578378874999222 1547851.165636715000088
11099009.578378874999222 1547851.464222652500044
11099009.578378874999222 1547851.762808590000000
11099009.578378874999222 1547852.061394527499956
11099009.578378874999222 1547852.359980464999912
11099009.578378874999222 1547852.658566402499868
11099009.578378874999222 1547852.957152339999824
11099009.578378874999222 1547853.255738277499780
11099009.578378874999222 1547853.554324214999736
11099009.578378874999222 1547853.852910152499692
11099009.578378874999222 1547854.151496089999648
11099009.876959604165759 1547849.075535152500396
11099009.876959604165759 1547849.374121090000352
11099009.876959604165759 1547849.672707027500308
11099009.876959604165759 1547849.971292965000264
11099009.876959604165759 1547850.269878902500220
11099009.876959604165759 1547850.568464840000176
11099009.876959604165759 1547850.867050777500132
11099009.876959604165759 1547851.165636715000088
11099009.876959604165759 1547851.464222652500044
11099009.876959604165759 1547851.762808590000000
11099009.876959604165759 1547852.061394527499956
11099009.876959604165759 1547852.359980464999912
11099009.876959604165759 1547852.658566402499868
11099009.876959604165759 1547852.957152339999824
11099009.876959604165759 1547853.255738277499780
11099009.876959604165759 1547853.554324214999736
11099009.876959604165759 1547853.852910152499692
11099009.876959604165759 1547854.151496089999648
11099010.175540333332296 1547849.075535152500396
11099010.175540333332296 1547849.374121090000352
11099010.175540333332296 1547849.672707027500308
11099010.175540333332296 1547849.971292965000264
11099010.175540333332296 1547850.269878902500220
11099010.175540333332296 1547850.568464840000176
11099010.175540333332296 1547850.867050777500132
11099010.175540333332296 1547851.165636715000088
11099010.175540333332296 1547851.464222652500044
11099010.175540333332296 1547851.762808590000000
11099010.175540333332296 1547852.061394527499956
11099010.175540333332296 1547852.359980464999912
11099010.175540333332296 1547852.658566402499868
11099010.175540333332296 1547852.957152339999824
11099010.175540333332296 1547853.255738277499780
11099010.175540333332296 1547853.554324214999736
11099010.175540333332296 1547853.852910152499692
11099010.175540333332296 1547854.151496089999648
