11099240.679863237501167 1547611.102542972500396
11099240.679863237501167 1547611.401128910000352
11099240.679863237501167 1547611.699714847500308
11099240.679863237501167 1547611.998300785000264
11099240.679863237501167 1547612.296886722500220
11099240.679863237501167 1547612.595472660000176
11099240.679863237501167 1547612.894058597500132
11099240.679863237501167 1547613.192644535000088
11099240.679863237501167 1547613.491230472500044
11099240.679863237501167 1547613.789816410000000
11099240.679863237501167 1547614.088402347499956
11099240.679863237501167 1547614.386988284999912
11099240.679863237501167 1547614.685574222499868
11099240.679863237501167 1547614.984160159999824
11099240.679863237501167 1547615.282746097499780
11099240.679863237501167 1547615.581332034999736
11099240.679863237501167 1547615.879917972499692
11099240.679863237501167 1547616.178503909999648
11099240.978443966667704 1547611.102542972500396
11099240.978443966667704 1547611.401128910000352
11099240.978443966667704 1547611.699714847500308
11099240.978443966667704 1547611.998300785000264
11099240.978443966667704 1547612.296886722500220
11099240.978443966667704 1547612.595472660000176
11099240.978443966667704 1547612.894058597500132
11099240.978443966667704 1547613.192644535000088
11099240.978443966667704 1547613.491230472500044
11099240.978443966667704 1547613.789816410000000
11099240.978443966667704 1547614.088402347499956
11099240.978443966667704 1547614.386988284999912
11099240.978443966667704 1547614.685574222499868
11099240.978443966667704 1547614.984160159999824
11099240.978443966667704 1547615.282746097499780
11099240.978443966667704 1547615.581332034999736
11099240.978443966667704 1547615.879917972499692
11099240.978443966667704 1547616.178503909999648
11099241.277024695834241 1547611.102542972500396
11099241.277024695834241 1547611.401128910000352
11099241.277024695834241 1547611.699714847500308
11099241.277024695834241 1547611.998300785000264
11099241.277024695834241 1547612.296886722500220
11099241.277024695834241 1547612.595472660000176
11099241.277024695834241 1547612.894058597500132
11099241.277024695834241 1547613.192644535000088
11099241.277024695834241 1547613.491230472500044
11099241.277024695834241 1547613.789816410000000
11099241.277024695834241 1547614.088402347499956
11099241.277024695834241 1547614.386988284999912
11099241.277024695834241 1547614.685574222499868
11099241.277024695834241 1547614.984160159999824
11099241.277024695834241 1547615.282746097499780
11099241.277024695834241 1547615.581332034999736
11099241.277024695834241 1547615.879917972499692
11099241.277024695834241 1547616.178503909999648
11099241.575605425000778 1547611.102542972500396
11099241.575605425000778 1547611.401128910000352
11099241.575605425000778 1547611.699714847500308
11099241.575605425000778 1547611.998300785000264
11099241.575605425000778 1547612.296886722500220
11099241.575605425000778 1547612.595472660000176
11099241.575605425000778 1547612.894058597500132
11099241.575605425000778 1547613.192644535000088
11099241.575605425000778 1547613.491230472500044
11099241.575605425000778 1547613.789816410000000
11099241.575605425000778 1547614.088402347499956
11099241.575605425000778 1547614.386988284999912
11099241.575605425000778 1547614.685574222499868
11099241.575605425000778 1547614.984160159999824
11099241.575605425000778 1547615.282746097499780
11099241.575605425000778 1547615.581332034999736
11099241.575605425000778 1547615.879917972499692
11099241.575605425000778 1547616.178503909999648
11099241.874186154167315 1547611.102542972500396
11099241.874186154167315 1547611.401128910000352
11099241.874186154167315 1547611.699714847500308
11099241.874186154167315 1547611.998300785000264
11099241.874186154167315 1547612.296886722500220
11099241.874186154167315 1547612.595472660000176
11099241.874186154167315 1547612.894058597500132
11099241.874186154167315 1547613.192644535000088
11099241.874186154167315 1547613.491230472500044
11099241.874186154167315 1547613.789816410000000
11099241.874186154167315 1547614.088402347499956
11099241.874186154167315 1547614.386988284999912
11099241.874186154167315 1547614.685574222499868
11099241.874186154167315 1547614.984160159999824
11099241.874186154167315 1547615.282746097499780
11099241.874186154167315 1547615.581332034999736
11099241.874186154167315 1547615.879917972499692
11099241.874186154167315 1547616.178503909999648
11099242.172766883333852 1547611.102542972500396
11099242.172766883333852 1547611.401128910000352
11099242.172766883333852 1547611.699714847500308
11099242.172766883333852 1547611.998300785000264
11099242.172766883333852 1547612.296886722500220
11099242.172766883333852 1547612.595472660000176
11099242.172766883333852 1547612.894058597500132
11099242.172766883333852 1547613.192644535000088
11099242.172766883333852 1547613.491230472500044
11099242.172766883333852 1547613.789816410000000
11099242.172766883333852 1547614.088402347499956
11099242.172766883333852 1547614.386988284999912
11099242.172766883333852 1547614.685574222499868
11099242.172766883333852 1547614.984160159999824
11099242.172766883333852 1547615.282746097499780
11099242.172766883333852 1547615.581332034999736
11099242.172766883333852 1547615.879917972499692
11099242.172766883333852 1547616.178503909999648
11099242.471347612500389 1547611.102542972500396
11099242.471347612500389 1547611.401128910000352
11099242.471347612500389 1547611.699714847500308
11099242.471347612500389 1547611.998300785000264
11099242.471347612500389 1547612.296886722500220
11099242.471347612500389 1547612.595472660000176
11099242.471347612500389 1547612.894058597500132
11099242.471347612500389 1547613.192644535000088
11099242.471347612500389 1547613.491230472500044
11099242.471347612500389 1547613.789816410000000
11099242.471347612500389 1547614.088402347499956
11099242.471347612500389 1547614.386988284999912
11099242.471347612500389 1547614.685574222499868
11099242.471347612500389 1547614.984160159999824
11099242.471347612500389 1547615.282746097499780
11099242.471347612500389 1547615.581332034999736
11099242.471347612500389 1547615.879917972499692
11099242.471347612500389 1547616.178503909999648
11099242.769928341666926 1547611.102542972500396
11099242.769928341666926 1547611.401128910000352
11099242.769928341666926 1547611.699714847500308
11099242.769928341666926 1547611.998300785000264
11099242.769928341666926 1547612.296886722500220
11099242.769928341666926 1547612.595472660000176
11099242.769928341666926 1547612.894058597500132
11099242.769928341666926 1547613.192644535000088
11099242.769928341666926 1547613.491230472500044
11099242.769928341666926 1547613.789816410000000
11099242.769928341666926 1547614.088402347499956
11099242.769928341666926 1547614.386988284999912
11099242.769928341666926 1547614.685574222499868
11099242.769928341666926 1547614.984160159999824
11099242.769928341666926 1547615.282746097499780
11099242.769928341666926 1547615.581332034999736
11099242.769928341666926 1547615.879917972499692
11099242.769928341666926 1547616.178503909999648
11099243.068509070833463 1547611.102542972500396
11099243.068509070833463 1547611.401128910000352
11099243.068509070833463 1547611.699714847500308
11099243.068509070833463 1547611.998300785000264
11099243.068509070833463 1547612.296886722500220
11099243.068509070833463 1547612.595472660000176
11099243.068509070833463 1547612.894058597500132
11099243.068509070833463 1547613.192644535000088
11099243.068509070833463 1547613.491230472500044
11099243.068509070833463 1547613.789816410000000
11099243.068509070833463 1547614.088402347499956
11099243.068509070833463 1547614.386988284999912
11099243.068509070833463 1547614.685574222499868
11099243.068509070833463 1547614.984160159999824
11099243.068509070833463 1547615.282746097499780
11099243.068509070833463 1547615.581332034999736
11099243.068509070833463 1547615.879917972499692
11099243.068509070833463 1547616.178503909999648
11099243.367089800000000 1547611.102542972500396
11099243.367089800000000 1547611.401128910000352
11099243.367089800000000 1547611.699714847500308
11099243.367089800000000 1547611.998300785000264
11099243.367089800000000 1547612.296886722500220
11099243.367089800000000 1547612.595472660000176
11099243.367089800000000 1547612.894058597500132
11099243.367089800000000 1547613.192644535000088
11099243.367089800000000 1547613.491230472500044
11099243.367089800000000 1547613.789816410000000
11099243.367089800000000 1547614.088402347499956
11099243.367089800000000 1547614.386988284999912
11099243.367089800000000 1547614.685574222499868
11099243.367089800000000 1547614.984160159999824
11099243.367089800000000 1547615.282746097499780
11099243.367089800000000 1547615.581332034999736
11099243.367089800000000 1547615.879917972499692
11099243.367089800000000 1547616.178503909999648
11099243.665670529166537 1547611.102542972500396
11099243.665670529166537 1547611.401128910000352
11099243.665670529166537 1547611.699714847500308
11099243.665670529166537 1547611.998300785000264
11099243.665670529166537 1547612.296886722500220
11099243.665670529166537 1547612.595472660000176
11099243.665670529166537 1547612.894058597500132
11099243.665670529166537 1547613.192644535000088
11099243.665670529166537 1547613.491230472500044
11099243.665670529166537 1547613.789816410000000
11099243.665670529166537 1547614.088402347499956
11099243.665670529166537 1547614.386988284999912
11099243.665670529166537 1547614.685574222499868
11099243.665670529166537 1547614.984160159999824
11099243.665670529166537 1547615.282746097499780
11099243.665670529166537 1547615.581332034999736
11099243.665670529166537 1547615.879917972499692
11099243.665670529166537 1547616.178503909999648
11099243.964251258333074 1547611.102542972500396
11099243.964251258333074 1547611.401128910000352
11099243.964251258333074 1547611.699714847500308
11099243.964251258333074 1547611.998300785000264
11099243.964251258333074 1547612.296886722500220
11099243.964251258333074 1547612.595472660000176
11099243.964251258333074 1547612.894058597500132
11099243.964251258333074 1547613.192644535000088
11099243.964251258333074 1547613.491230472500044
11099243.964251258333074 1547613.789816410000000
11099243.964251258333074 1547614.088402347499956
11099243.964251258333074 1547614.386988284999912
11099243.964251258333074 1547614.685574222499868
11099243.964251258333074 1547614.984160159999824
11099243.964251258333074 1547615.282746097499780
11099243.964251258333074 1547615.581332034999736
11099243.964251258333074 1547615.879917972499692
11099243.964251258333074 1547616.178503909999648
11099244.262831987499611 1547611.102542972500396
11099244.262831987499611 1547611.401128910000352
11099244.262831987499611 1547611.699714847500308
11099244.262831987499611 1547611.998300785000264
11099244.262831987499611 1547612.296886722500220
11099244.262831987499611 1547612.595472660000176
11099244.262831987499611 1547612.894058597500132
11099244.262831987499611 1547613.192644535000088
11099244.262831987499611 1547613.491230472500044
11099244.262831987499611 1547613.789816410000000
11099244.262831987499611 1547614.088402347499956
11099244.262831987499611 1547614.386988284999912
11099244.262831987499611 1547614.685574222499868
11099244.262831987499611 1547614.984160159999824
11099244.262831987499611 1547615.282746097499780
11099244.262831987499611 1547615.581332034999736
11099244.262831987499611 1547615.879917972499692
11099244.262831987499611 1547616.178503909999648
11099244.561412716666148 1547611.102542972500396
11099244.561412716666148 1547611.401128910000352
11099244.561412716666148 1547611.699714847500308
11099244.561412716666148 1547611.998300785000264
11099244.561412716666148 1547612.296886722500220
11099244.561412716666148 1547612.595472660000176
11099244.561412716666148 1547612.894058597500132
11099244.561412716666148 1547613.192644535000088
11099244.561412716666148 1547613.491230472500044
11099244.561412716666148 1547613.789816410000000
11099244.561412716666148 1547614.088402347499956
11099244.561412716666148 1547614.386988284999912
11099244.561412716666148 1547614.685574222499868
11099244.561412716666148 1547614.984160159999824
11099244.561412716666148 1547615.282746097499780
11099244.561412716666148 1547615.581332034999736
11099244.561412716666148 1547615.879917972499692
11099244.561412716666148 1547616.178503909999648
11099244.859993445832685 1547611.102542972500396
11099244.859993445832685 1547611.401128910000352
11099244.859993445832685 1547611.699714847500308
11099244.859993445832685 1547611.998300785000264
11099244.859993445832685 1547612.296886722500220
11099244.859993445832685 1547612.595472660000176
11099244.859993445832685 1547612.894058597500132
11099244.859993445832685 1547613.192644535000088
11099244.859993445832685 1547613.491230472500044
11099244.859993445832685 1547613.789816410000000
11099244.859993445832685 1547614.088402347499956
11099244.859993445832685 1547614.386988284999912
11099244.859993445832685 1547614.685574222499868
11099244.859993445832685 1547614.984160159999824
11099244.859993445832685 1547615.282746097499780
11099244.859993445832685 1547615.581332034999736
11099244.859993445832685 1547615.879917972499692
11099244.859993445832685 1547616.178503909999648
11099245.158574174999222 1547611.102542972500396
11099245.158574174999222 1547611.401128910000352
11099245.158574174999222 1547611.699714847500308
11099245.158574174999222 1547611.998300785000264
11099245.158574174999222 1547612.296886722500220
11099245.158574174999222 1547612.595472660000176
11099245.158574174999222 1547612.894058597500132
11099245.158574174999222 1547613.192644535000088
11099245.158574174999222 1547613.491230472500044
11099245.158574174999222 1547613.789816410000000
11099245.158574174999222 1547614.088402347499956
11099245.158574174999222 1547614.386988284999912
11099245.158574174999222 1547614.685574222499868
11099245.158574174999222 1547614.984160159999824
11099245.158574174999222 1547615.282746097499780
11099245.158574174999222 1547615.581332034999736
11099245.158574174999222 1547615.879917972499692
11099245.158574174999222 1547616.178503909999648
11099245.457154904165759 1547611.102542972500396
11099245.457154904165759 1547611.401128910000352
11099245.457154904165759 1547611.699714847500308
11099245.457154904165759 1547611.998300785000264
11099245.457154904165759 1547612.296886722500220
11099245.457154904165759 1547612.595472660000176
11099245.457154904165759 1547612.894058597500132
11099245.457154904165759 1547613.192644535000088
11099245.457154904165759 1547613.491230472500044
11099245.457154904165759 1547613.789816410000000
11099245.457154904165759 1547614.088402347499956
11099245.457154904165759 1547614.386988284999912
11099245.457154904165759 1547614.685574222499868
11099245.457154904165759 1547614.984160159999824
11099245.457154904165759 1547615.282746097499780
11099245.457154904165759 1547615.581332034999736
11099245.457154904165759 1547615.879917972499692
11099245.457154904165759 1547616.178503909999648
11099245.755735633332296 1547611.102542972500396
11099245.755735633332296 1547611.401128910000352
11099245.755735633332296 1547611.699714847500308
11099245.755735633332296 1547611.998300785000264
11099245.755735633332296 1547612.296886722500220
11099245.755735633332296 1547612.595472660000176
11099245.755735633332296 1547612.894058597500132
11099245.755735633332296 1547613.192644535000088
11099245.755735633332296 1547613.491230472500044
11099245.755735633332296 1547613.789816410000000
11099245.755735633332296 1547614.088402347499956
11099245.755735633332296 1547614.386988284999912
11099245.755735633332296 1547614.685574222499868
11099245.755735633332296 1547614.984160159999824
11099245.755735633332296 1547615.282746097499780
11099245.755735633332296 1547615.581332034999736
11099245.755735633332296 1547615.879917972499692
11099245.755735633332296 1547616.178503909999648
