11099217.390566437501167 1547660.667808592500396
11099217.390566437501167 1547660.966394530000352
11099217.390566437501167 1547661.264980467500308
11099217.390566437501167 1547661.563566405000264
11099217.390566437501167 1547661.862152342500220
11099217.390566437501167 1547662.160738280000176
11099217.390566437501167 1547662.459324217500132
11099217.390566437501167 1547662.757910155000088
11099217.390566437501167 1547663.056496092500044
11099217.390566437501167 1547663.355082030000000
11099217.390566437501167 1547663.653667967499956
11099217.390566437501167 1547663.952253904999912
11099217.390566437501167 1547664.250839842499868
11099217.390566437501167 1547664.549425779999824
11099217.390566437501167 1547664.848011717499780
11099217.390566437501167 1547665.146597654999736
11099217.390566437501167 1547665.445183592499692
11099217.390566437501167 1547665.743769529999648
11099217.689147166667704 1547660.667808592500396
11099217.689147166667704 1547660.966394530000352
11099217.689147166667704 1547661.264980467500308
11099217.689147166667704 1547661.563566405000264
11099217.689147166667704 1547661.862152342500220
11099217.689147166667704 1547662.160738280000176
11099217.689147166667704 1547662.459324217500132
11099217.689147166667704 1547662.757910155000088
11099217.689147166667704 1547663.056496092500044
11099217.689147166667704 1547663.355082030000000
11099217.689147166667704 1547663.653667967499956
11099217.689147166667704 1547663.952253904999912
11099217.689147166667704 1547664.250839842499868
11099217.689147166667704 1547664.549425779999824
11099217.689147166667704 1547664.848011717499780
11099217.689147166667704 1547665.146597654999736
11099217.689147166667704 1547665.445183592499692
11099217.689147166667704 1547665.743769529999648
11099217.987727895834241 1547660.667808592500396
11099217.987727895834241 1547660.966394530000352
11099217.987727895834241 1547661.264980467500308
11099217.987727895834241 1547661.563566405000264
11099217.987727895834241 1547661.862152342500220
11099217.987727895834241 1547662.160738280000176
11099217.987727895834241 1547662.459324217500132
11099217.987727895834241 1547662.757910155000088
11099217.987727895834241 1547663.056496092500044
11099217.987727895834241 1547663.355082030000000
11099217.987727895834241 1547663.653667967499956
11099217.987727895834241 1547663.952253904999912
11099217.987727895834241 1547664.250839842499868
11099217.987727895834241 1547664.549425779999824
11099217.987727895834241 1547664.848011717499780
11099217.987727895834241 1547665.146597654999736
11099217.987727895834241 1547665.445183592499692
11099217.987727895834241 1547665.743769529999648
11099218.286308625000778 1547660.667808592500396
11099218.286308625000778 1547660.966394530000352
11099218.286308625000778 1547661.264980467500308
11099218.286308625000778 1547661.563566405000264
11099218.286308625000778 1547661.862152342500220
11099218.286308625000778 1547662.160738280000176
11099218.286308625000778 1547662.459324217500132
11099218.286308625000778 1547662.757910155000088
11099218.286308625000778 1547663.056496092500044
11099218.286308625000778 1547663.355082030000000
11099218.286308625000778 1547663.653667967499956
11099218.286308625000778 1547663.952253904999912
11099218.286308625000778 1547664.250839842499868
11099218.286308625000778 1547664.549425779999824
11099218.286308625000778 1547664.848011717499780
11099218.286308625000778 1547665.146597654999736
11099218.286308625000778 1547665.445183592499692
11099218.286308625000778 1547665.743769529999648
11099218.584889354167315 1547660.667808592500396
11099218.584889354167315 1547660.966394530000352
11099218.584889354167315 1547661.264980467500308
11099218.584889354167315 1547661.563566405000264
11099218.584889354167315 1547661.862152342500220
11099218.584889354167315 1547662.160738280000176
11099218.584889354167315 1547662.459324217500132
11099218.584889354167315 1547662.757910155000088
11099218.584889354167315 1547663.056496092500044
11099218.584889354167315 1547663.355082030000000
11099218.584889354167315 1547663.653667967499956
11099218.584889354167315 1547663.952253904999912
11099218.584889354167315 1547664.250839842499868
11099218.584889354167315 1547664.549425779999824
11099218.584889354167315 1547664.848011717499780
11099218.584889354167315 1547665.146597654999736
11099218.584889354167315 1547665.445183592499692
11099218.584889354167315 1547665.743769529999648
11099218.883470083333852 1547660.667808592500396
11099218.883470083333852 1547660.966394530000352
11099218.883470083333852 1547661.264980467500308
11099218.883470083333852 1547661.563566405000264
11099218.883470083333852 1547661.862152342500220
11099218.883470083333852 1547662.160738280000176
11099218.883470083333852 1547662.459324217500132
11099218.883470083333852 1547662.757910155000088
11099218.883470083333852 1547663.056496092500044
11099218.883470083333852 1547663.355082030000000
11099218.883470083333852 1547663.653667967499956
11099218.883470083333852 1547663.952253904999912
11099218.883470083333852 1547664.250839842499868
11099218.883470083333852 1547664.549425779999824
11099218.883470083333852 1547664.848011717499780
11099218.883470083333852 1547665.146597654999736
11099218.883470083333852 1547665.445183592499692
11099218.883470083333852 1547665.743769529999648
11099219.182050812500389 1547660.667808592500396
11099219.182050812500389 1547660.966394530000352
11099219.182050812500389 1547661.264980467500308
11099219.182050812500389 1547661.563566405000264
11099219.182050812500389 1547661.862152342500220
11099219.182050812500389 1547662.160738280000176
11099219.182050812500389 1547662.459324217500132
11099219.182050812500389 1547662.757910155000088
11099219.182050812500389 1547663.056496092500044
11099219.182050812500389 1547663.355082030000000
11099219.182050812500389 1547663.653667967499956
11099219.182050812500389 1547663.952253904999912
11099219.182050812500389 1547664.250839842499868
11099219.182050812500389 1547664.549425779999824
11099219.182050812500389 1547664.848011717499780
11099219.182050812500389 1547665.146597654999736
11099219.182050812500389 1547665.445183592499692
11099219.182050812500389 1547665.743769529999648
11099219.480631541666926 1547660.667808592500396
11099219.480631541666926 1547660.966394530000352
11099219.480631541666926 1547661.264980467500308
11099219.480631541666926 1547661.563566405000264
11099219.480631541666926 1547661.862152342500220
11099219.480631541666926 1547662.160738280000176
11099219.480631541666926 1547662.459324217500132
11099219.480631541666926 1547662.757910155000088
11099219.480631541666926 1547663.056496092500044
11099219.480631541666926 1547663.355082030000000
11099219.480631541666926 1547663.653667967499956
11099219.480631541666926 1547663.952253904999912
11099219.480631541666926 1547664.250839842499868
11099219.480631541666926 1547664.549425779999824
11099219.480631541666926 1547664.848011717499780
11099219.480631541666926 1547665.146597654999736
11099219.480631541666926 1547665.445183592499692
11099219.480631541666926 1547665.743769529999648
11099219.779212270833463 1547660.667808592500396
11099219.779212270833463 1547660.966394530000352
11099219.779212270833463 1547661.264980467500308
11099219.779212270833463 1547661.563566405000264
11099219.779212270833463 1547661.862152342500220
11099219.779212270833463 1547662.160738280000176
11099219.779212270833463 1547662.459324217500132
11099219.779212270833463 1547662.757910155000088
11099219.779212270833463 1547663.056496092500044
11099219.779212270833463 1547663.355082030000000
11099219.779212270833463 1547663.653667967499956
11099219.779212270833463 1547663.952253904999912
11099219.779212270833463 1547664.250839842499868
11099219.779212270833463 1547664.549425779999824
11099219.779212270833463 1547664.848011717499780
11099219.779212270833463 1547665.146597654999736
11099219.779212270833463 1547665.445183592499692
11099219.779212270833463 1547665.743769529999648
11099220.077793000000000 1547660.667808592500396
11099220.077793000000000 1547660.966394530000352
11099220.077793000000000 1547661.264980467500308
11099220.077793000000000 1547661.563566405000264
11099220.077793000000000 1547661.862152342500220
11099220.077793000000000 1547662.160738280000176
11099220.077793000000000 1547662.459324217500132
11099220.077793000000000 1547662.757910155000088
11099220.077793000000000 1547663.056496092500044
11099220.077793000000000 1547663.355082030000000
11099220.077793000000000 1547663.653667967499956
11099220.077793000000000 1547663.952253904999912
11099220.077793000000000 1547664.250839842499868
11099220.077793000000000 1547664.549425779999824
11099220.077793000000000 1547664.848011717499780
11099220.077793000000000 1547665.146597654999736
11099220.077793000000000 1547665.445183592499692
11099220.077793000000000 1547665.743769529999648
11099220.376373729166537 1547660.667808592500396
11099220.376373729166537 1547660.966394530000352
11099220.376373729166537 1547661.264980467500308
11099220.376373729166537 1547661.563566405000264
11099220.376373729166537 1547661.862152342500220
11099220.376373729166537 1547662.160738280000176
11099220.376373729166537 1547662.459324217500132
11099220.376373729166537 1547662.757910155000088
11099220.376373729166537 1547663.056496092500044
11099220.376373729166537 1547663.355082030000000
11099220.376373729166537 1547663.653667967499956
11099220.376373729166537 1547663.952253904999912
11099220.376373729166537 1547664.250839842499868
11099220.376373729166537 1547664.549425779999824
11099220.376373729166537 1547664.848011717499780
11099220.376373729166537 1547665.146597654999736
11099220.376373729166537 1547665.445183592499692
11099220.376373729166537 1547665.743769529999648
11099220.674954458333074 1547660.667808592500396
11099220.674954458333074 1547660.966394530000352
11099220.674954458333074 1547661.264980467500308
11099220.674954458333074 1547661.563566405000264
11099220.674954458333074 1547661.862152342500220
11099220.674954458333074 1547662.160738280000176
11099220.674954458333074 1547662.459324217500132
11099220.674954458333074 1547662.757910155000088
11099220.674954458333074 1547663.056496092500044
11099220.674954458333074 1547663.355082030000000
11099220.674954458333074 1547663.653667967499956
11099220.674954458333074 1547663.952253904999912
11099220.674954458333074 1547664.250839842499868
11099220.674954458333074 1547664.549425779999824
11099220.674954458333074 1547664.848011717499780
11099220.674954458333074 1547665.146597654999736
11099220.674954458333074 1547665.445183592499692
11099220.674954458333074 1547665.743769529999648
11099220.973535187499611 1547660.667808592500396
11099220.973535187499611 1547660.966394530000352
11099220.973535187499611 1547661.264980467500308
11099220.973535187499611 1547661.563566405000264
11099220.973535187499611 1547661.862152342500220
11099220.973535187499611 1547662.160738280000176
11099220.973535187499611 1547662.459324217500132
11099220.973535187499611 1547662.757910155000088
11099220.973535187499611 1547663.056496092500044
11099220.973535187499611 1547663.355082030000000
11099220.973535187499611 1547663.653667967499956
11099220.973535187499611 1547663.952253904999912
11099220.973535187499611 1547664.250839842499868
11099220.973535187499611 1547664.549425779999824
11099220.973535187499611 1547664.848011717499780
11099220.973535187499611 1547665.146597654999736
11099220.973535187499611 1547665.445183592499692
11099220.973535187499611 1547665.743769529999648
11099221.272115916666148 1547660.667808592500396
11099221.272115916666148 1547660.966394530000352
11099221.272115916666148 1547661.264980467500308
11099221.272115916666148 1547661.563566405000264
11099221.272115916666148 1547661.862152342500220
11099221.272115916666148 1547662.160738280000176
11099221.272115916666148 1547662.459324217500132
11099221.272115916666148 1547662.757910155000088
11099221.272115916666148 1547663.056496092500044
11099221.272115916666148 1547663.355082030000000
11099221.272115916666148 1547663.653667967499956
11099221.272115916666148 1547663.952253904999912
11099221.272115916666148 1547664.250839842499868
11099221.272115916666148 1547664.549425779999824
11099221.272115916666148 1547664.848011717499780
11099221.272115916666148 1547665.146597654999736
11099221.272115916666148 1547665.445183592499692
11099221.272115916666148 1547665.743769529999648
11099221.570696645832685 1547660.667808592500396
11099221.570696645832685 1547660.966394530000352
11099221.570696645832685 1547661.264980467500308
11099221.570696645832685 1547661.563566405000264
11099221.570696645832685 1547661.862152342500220
11099221.570696645832685 1547662.160738280000176
11099221.570696645832685 1547662.459324217500132
11099221.570696645832685 1547662.757910155000088
11099221.570696645832685 1547663.056496092500044
11099221.570696645832685 1547663.355082030000000
11099221.570696645832685 1547663.653667967499956
11099221.570696645832685 1547663.952253904999912
11099221.570696645832685 1547664.250839842499868
11099221.570696645832685 1547664.549425779999824
11099221.570696645832685 1547664.848011717499780
11099221.570696645832685 1547665.146597654999736
11099221.570696645832685 1547665.445183592499692
11099221.570696645832685 1547665.743769529999648
11099221.869277374999222 1547660.667808592500396
11099221.869277374999222 1547660.966394530000352
11099221.869277374999222 1547661.264980467500308
11099221.869277374999222 1547661.563566405000264
11099221.869277374999222 1547661.862152342500220
11099221.869277374999222 1547662.160738280000176
11099221.869277374999222 1547662.459324217500132
11099221.869277374999222 1547662.757910155000088
11099221.869277374999222 1547663.056496092500044
11099221.869277374999222 1547663.355082030000000
11099221.869277374999222 1547663.653667967499956
11099221.869277374999222 1547663.952253904999912
11099221.869277374999222 1547664.250839842499868
11099221.869277374999222 1547664.549425779999824
11099221.869277374999222 1547664.848011717499780
11099221.869277374999222 1547665.146597654999736
11099221.869277374999222 1547665.445183592499692
11099221.869277374999222 1547665.743769529999648
11099222.167858104165759 1547660.667808592500396
11099222.167858104165759 1547660.966394530000352
11099222.167858104165759 1547661.264980467500308
11099222.167858104165759 1547661.563566405000264
11099222.167858104165759 1547661.862152342500220
11099222.167858104165759 1547662.160738280000176
11099222.167858104165759 1547662.459324217500132
11099222.167858104165759 1547662.757910155000088
11099222.167858104165759 1547663.056496092500044
11099222.167858104165759 1547663.355082030000000
11099222.167858104165759 1547663.653667967499956
11099222.167858104165759 1547663.952253904999912
11099222.167858104165759 1547664.250839842499868
11099222.167858104165759 1547664.549425779999824
11099222.167858104165759 1547664.848011717499780
11099222.167858104165759 1547665.146597654999736
11099222.167858104165759 1547665.445183592499692
11099222.167858104165759 1547665.743769529999648
11099222.466438833332296 1547660.667808592500396
11099222.466438833332296 1547660.966394530000352
11099222.466438833332296 1547661.264980467500308
11099222.466438833332296 1547661.563566405000264
11099222.466438833332296 1547661.862152342500220
11099222.466438833332296 1547662.160738280000176
11099222.466438833332296 1547662.459324217500132
11099222.466438833332296 1547662.757910155000088
11099222.466438833332296 1547663.056496092500044
11099222.466438833332296 1547663.355082030000000
11099222.466438833332296 1547663.653667967499956
11099222.466438833332296 1547663.952253904999912
11099222.466438833332296 1547664.250839842499868
11099222.466438833332296 1547664.549425779999824
11099222.466438833332296 1547664.848011717499780
11099222.466438833332296 1547665.146597654999736
11099222.466438833332296 1547665.445183592499692
11099222.466438833332296 1547665.743769529999648
