11099476.558639337501167 1547640.662550782500396
11099476.558639337501167 1547640.961136720000352
11099476.558639337501167 1547641.259722657500308
11099476.558639337501167 1547641.558308595000264
11099476.558639337501167 1547641.856894532500220
11099476.558639337501167 1547642.155480470000176
11099476.558639337501167 1547642.454066407500132
11099476.558639337501167 1547642.752652345000088
11099476.558639337501167 1547643.051238282500044
11099476.558639337501167 1547643.349824220000000
11099476.558639337501167 1547643.648410157499956
11099476.558639337501167 1547643.946996094999912
11099476.558639337501167 1547644.245582032499868
11099476.558639337501167 1547644.544167969999824
11099476.558639337501167 1547644.842753907499780
11099476.558639337501167 1547645.141339844999736
11099476.558639337501167 1547645.439925782499692
11099476.558639337501167 1547645.738511719999648
11099476.857220066667704 1547640.662550782500396
11099476.857220066667704 1547640.961136720000352
11099476.857220066667704 1547641.259722657500308
11099476.857220066667704 1547641.558308595000264
11099476.857220066667704 1547641.856894532500220
11099476.857220066667704 1547642.155480470000176
11099476.857220066667704 1547642.454066407500132
11099476.857220066667704 1547642.752652345000088
11099476.857220066667704 1547643.051238282500044
11099476.857220066667704 1547643.349824220000000
11099476.857220066667704 1547643.648410157499956
11099476.857220066667704 1547643.946996094999912
11099476.857220066667704 1547644.245582032499868
11099476.857220066667704 1547644.544167969999824
11099476.857220066667704 1547644.842753907499780
11099476.857220066667704 1547645.141339844999736
11099476.857220066667704 1547645.439925782499692
11099476.857220066667704 1547645.738511719999648
11099477.155800795834241 1547640.662550782500396
11099477.155800795834241 1547640.961136720000352
11099477.155800795834241 1547641.259722657500308
11099477.155800795834241 1547641.558308595000264
11099477.155800795834241 1547641.856894532500220
11099477.155800795834241 1547642.155480470000176
11099477.155800795834241 1547642.454066407500132
11099477.155800795834241 1547642.752652345000088
11099477.155800795834241 1547643.051238282500044
11099477.155800795834241 1547643.349824220000000
11099477.155800795834241 1547643.648410157499956
11099477.155800795834241 1547643.946996094999912
11099477.155800795834241 1547644.245582032499868
11099477.155800795834241 1547644.544167969999824
11099477.155800795834241 1547644.842753907499780
11099477.155800795834241 1547645.141339844999736
11099477.155800795834241 1547645.439925782499692
11099477.155800795834241 1547645.738511719999648
11099477.454381525000778 1547640.662550782500396
11099477.454381525000778 1547640.961136720000352
11099477.454381525000778 1547641.259722657500308
11099477.454381525000778 1547641.558308595000264
11099477.454381525000778 1547641.856894532500220
11099477.454381525000778 1547642.155480470000176
11099477.454381525000778 1547642.454066407500132
11099477.454381525000778 1547642.752652345000088
11099477.454381525000778 1547643.051238282500044
11099477.454381525000778 1547643.349824220000000
11099477.454381525000778 1547643.648410157499956
11099477.454381525000778 1547643.946996094999912
11099477.454381525000778 1547644.245582032499868
11099477.454381525000778 1547644.544167969999824
11099477.454381525000778 1547644.842753907499780
11099477.454381525000778 1547645.141339844999736
11099477.454381525000778 1547645.439925782499692
11099477.454381525000778 1547645.738511719999648
11099477.752962254167315 1547640.662550782500396
11099477.752962254167315 1547640.961136720000352
11099477.752962254167315 1547641.259722657500308
11099477.752962254167315 1547641.558308595000264
11099477.752962254167315 1547641.856894532500220
11099477.752962254167315 1547642.155480470000176
11099477.752962254167315 1547642.454066407500132
11099477.752962254167315 1547642.752652345000088
11099477.752962254167315 1547643.051238282500044
11099477.752962254167315 1547643.349824220000000
11099477.752962254167315 1547643.648410157499956
11099477.752962254167315 1547643.946996094999912
11099477.752962254167315 1547644.245582032499868
11099477.752962254167315 1547644.544167969999824
11099477.752962254167315 1547644.842753907499780
11099477.752962254167315 1547645.141339844999736
11099477.752962254167315 1547645.439925782499692
11099477.752962254167315 1547645.738511719999648
11099478.051542983333852 1547640.662550782500396
11099478.051542983333852 1547640.961136720000352
11099478.051542983333852 1547641.259722657500308
11099478.051542983333852 1547641.558308595000264
11099478.051542983333852 1547641.856894532500220
11099478.051542983333852 1547642.155480470000176
11099478.051542983333852 1547642.454066407500132
11099478.051542983333852 1547642.752652345000088
11099478.051542983333852 1547643.051238282500044
11099478.051542983333852 1547643.349824220000000
11099478.051542983333852 1547643.648410157499956
11099478.051542983333852 1547643.946996094999912
11099478.051542983333852 1547644.245582032499868
11099478.051542983333852 1547644.544167969999824
11099478.051542983333852 1547644.842753907499780
11099478.051542983333852 1547645.141339844999736
11099478.051542983333852 1547645.439925782499692
11099478.051542983333852 1547645.738511719999648
11099478.350123712500389 1547640.662550782500396
11099478.350123712500389 1547640.961136720000352
11099478.350123712500389 1547641.259722657500308
11099478.350123712500389 1547641.558308595000264
11099478.350123712500389 1547641.856894532500220
11099478.350123712500389 1547642.155480470000176
11099478.350123712500389 1547642.454066407500132
11099478.350123712500389 1547642.752652345000088
11099478.350123712500389 1547643.051238282500044
11099478.350123712500389 1547643.349824220000000
11099478.350123712500389 1547643.648410157499956
11099478.350123712500389 1547643.946996094999912
11099478.350123712500389 1547644.245582032499868
11099478.350123712500389 1547644.544167969999824
11099478.350123712500389 1547644.842753907499780
11099478.350123712500389 1547645.141339844999736
11099478.350123712500389 1547645.439925782499692
11099478.350123712500389 1547645.738511719999648
11099478.648704441666926 1547640.662550782500396
11099478.648704441666926 1547640.961136720000352
11099478.648704441666926 1547641.259722657500308
11099478.648704441666926 1547641.558308595000264
11099478.648704441666926 1547641.856894532500220
11099478.648704441666926 1547642.155480470000176
11099478.648704441666926 1547642.454066407500132
11099478.648704441666926 1547642.752652345000088
11099478.648704441666926 1547643.051238282500044
11099478.648704441666926 1547643.349824220000000
11099478.648704441666926 1547643.648410157499956
11099478.648704441666926 1547643.946996094999912
11099478.648704441666926 1547644.245582032499868
11099478.648704441666926 1547644.544167969999824
11099478.648704441666926 1547644.842753907499780
11099478.648704441666926 1547645.141339844999736
11099478.648704441666926 1547645.439925782499692
11099478.648704441666926 1547645.738511719999648
11099478.947285170833463 1547640.662550782500396
11099478.947285170833463 1547640.961136720000352
11099478.947285170833463 1547641.259722657500308
11099478.947285170833463 1547641.558308595000264
11099478.947285170833463 1547641.856894532500220
11099478.947285170833463 1547642.155480470000176
11099478.947285170833463 1547642.454066407500132
11099478.947285170833463 1547642.752652345000088
11099478.947285170833463 1547643.051238282500044
11099478.947285170833463 1547643.349824220000000
11099478.947285170833463 1547643.648410157499956
11099478.947285170833463 1547643.946996094999912
11099478.947285170833463 1547644.245582032499868
11099478.947285170833463 1547644.544167969999824
11099478.947285170833463 1547644.842753907499780
11099478.947285170833463 1547645.141339844999736
11099478.947285170833463 1547645.439925782499692
11099478.947285170833463 1547645.738511719999648
11099479.245865900000000 1547640.662550782500396
11099479.245865900000000 1547640.961136720000352
11099479.245865900000000 1547641.259722657500308
11099479.245865900000000 1547641.558308595000264
11099479.245865900000000 1547641.856894532500220
11099479.245865900000000 1547642.155480470000176
11099479.245865900000000 1547642.454066407500132
11099479.245865900000000 1547642.752652345000088
11099479.245865900000000 1547643.051238282500044
11099479.245865900000000 1547643.349824220000000
11099479.245865900000000 1547643.648410157499956
11099479.245865900000000 1547643.946996094999912
11099479.245865900000000 1547644.245582032499868
11099479.245865900000000 1547644.544167969999824
11099479.245865900000000 1547644.842753907499780
11099479.245865900000000 1547645.141339844999736
11099479.245865900000000 1547645.439925782499692
11099479.245865900000000 1547645.738511719999648
11099479.544446629166537 1547640.662550782500396
11099479.544446629166537 1547640.961136720000352
11099479.544446629166537 1547641.259722657500308
11099479.544446629166537 1547641.558308595000264
11099479.544446629166537 1547641.856894532500220
11099479.544446629166537 1547642.155480470000176
11099479.544446629166537 1547642.454066407500132
11099479.544446629166537 1547642.752652345000088
11099479.544446629166537 1547643.051238282500044
11099479.544446629166537 1547643.349824220000000
11099479.544446629166537 1547643.648410157499956
11099479.544446629166537 1547643.946996094999912
11099479.544446629166537 1547644.245582032499868
11099479.544446629166537 1547644.544167969999824
11099479.544446629166537 1547644.842753907499780
11099479.544446629166537 1547645.141339844999736
11099479.544446629166537 1547645.439925782499692
11099479.544446629166537 1547645.738511719999648
11099479.843027358333074 1547640.662550782500396
11099479.843027358333074 1547640.961136720000352
11099479.843027358333074 1547641.259722657500308
11099479.843027358333074 1547641.558308595000264
11099479.843027358333074 1547641.856894532500220
11099479.843027358333074 1547642.155480470000176
11099479.843027358333074 1547642.454066407500132
11099479.843027358333074 1547642.752652345000088
11099479.843027358333074 1547643.051238282500044
11099479.843027358333074 1547643.349824220000000
11099479.843027358333074 1547643.648410157499956
11099479.843027358333074 1547643.946996094999912
11099479.843027358333074 1547644.245582032499868
11099479.843027358333074 1547644.544167969999824
11099479.843027358333074 1547644.842753907499780
11099479.843027358333074 1547645.141339844999736
11099479.843027358333074 1547645.439925782499692
11099479.843027358333074 1547645.738511719999648
11099480.141608087499611 1547640.662550782500396
11099480.141608087499611 1547640.961136720000352
11099480.141608087499611 1547641.259722657500308
11099480.141608087499611 1547641.558308595000264
11099480.141608087499611 1547641.856894532500220
11099480.141608087499611 1547642.155480470000176
11099480.141608087499611 1547642.454066407500132
11099480.141608087499611 1547642.752652345000088
11099480.141608087499611 1547643.051238282500044
11099480.141608087499611 1547643.349824220000000
11099480.141608087499611 1547643.648410157499956
11099480.141608087499611 1547643.946996094999912
11099480.141608087499611 1547644.245582032499868
11099480.141608087499611 1547644.544167969999824
11099480.141608087499611 1547644.842753907499780
11099480.141608087499611 1547645.141339844999736
11099480.141608087499611 1547645.439925782499692
11099480.141608087499611 1547645.738511719999648
11099480.440188816666148 1547640.662550782500396
11099480.440188816666148 1547640.961136720000352
11099480.440188816666148 1547641.259722657500308
11099480.440188816666148 1547641.558308595000264
11099480.440188816666148 1547641.856894532500220
11099480.440188816666148 1547642.155480470000176
11099480.440188816666148 1547642.454066407500132
11099480.440188816666148 1547642.752652345000088
11099480.440188816666148 1547643.051238282500044
11099480.440188816666148 1547643.349824220000000
11099480.440188816666148 1547643.648410157499956
11099480.440188816666148 1547643.946996094999912
11099480.440188816666148 1547644.245582032499868
11099480.440188816666148 1547644.544167969999824
11099480.440188816666148 1547644.842753907499780
11099480.440188816666148 1547645.141339844999736
11099480.440188816666148 1547645.439925782499692
11099480.440188816666148 1547645.738511719999648
11099480.738769545832685 1547640.662550782500396
11099480.738769545832685 1547640.961136720000352
11099480.738769545832685 1547641.259722657500308
11099480.738769545832685 1547641.558308595000264
11099480.738769545832685 1547641.856894532500220
11099480.738769545832685 1547642.155480470000176
11099480.738769545832685 1547642.454066407500132
11099480.738769545832685 1547642.752652345000088
11099480.738769545832685 1547643.051238282500044
11099480.738769545832685 1547643.349824220000000
11099480.738769545832685 1547643.648410157499956
11099480.738769545832685 1547643.946996094999912
11099480.738769545832685 1547644.245582032499868
11099480.738769545832685 1547644.544167969999824
11099480.738769545832685 1547644.842753907499780
11099480.738769545832685 1547645.141339844999736
11099480.738769545832685 1547645.439925782499692
11099480.738769545832685 1547645.738511719999648
11099481.037350274999222 1547640.662550782500396
11099481.037350274999222 1547640.961136720000352
11099481.037350274999222 1547641.259722657500308
11099481.037350274999222 1547641.558308595000264
11099481.037350274999222 1547641.856894532500220
11099481.037350274999222 1547642.155480470000176
11099481.037350274999222 1547642.454066407500132
11099481.037350274999222 1547642.752652345000088
11099481.037350274999222 1547643.051238282500044
11099481.037350274999222 1547643.349824220000000
11099481.037350274999222 1547643.648410157499956
11099481.037350274999222 1547643.946996094999912
11099481.037350274999222 1547644.245582032499868
11099481.037350274999222 1547644.544167969999824
11099481.037350274999222 1547644.842753907499780
11099481.037350274999222 1547645.141339844999736
11099481.037350274999222 1547645.439925782499692
11099481.037350274999222 1547645.738511719999648
11099481.335931004165759 1547640.662550782500396
11099481.335931004165759 1547640.961136720000352
11099481.335931004165759 1547641.259722657500308
11099481.335931004165759 1547641.558308595000264
11099481.335931004165759 1547641.856894532500220
11099481.335931004165759 1547642.155480470000176
11099481.335931004165759 1547642.454066407500132
11099481.335931004165759 1547642.752652345000088
11099481.335931004165759 1547643.051238282500044
11099481.335931004165759 1547643.349824220000000
11099481.335931004165759 1547643.648410157499956
11099481.335931004165759 1547643.946996094999912
11099481.335931004165759 1547644.245582032499868
11099481.335931004165759 1547644.544167969999824
11099481.335931004165759 1547644.842753907499780
11099481.335931004165759 1547645.141339844999736
11099481.335931004165759 1547645.439925782499692
11099481.335931004165759 1547645.738511719999648
11099481.634511733332296 1547640.662550782500396
11099481.634511733332296 1547640.961136720000352
11099481.634511733332296 1547641.259722657500308
11099481.634511733332296 1547641.558308595000264
11099481.634511733332296 1547641.856894532500220
11099481.634511733332296 1547642.155480470000176
11099481.634511733332296 1547642.454066407500132
11099481.634511733332296 1547642.752652345000088
11099481.634511733332296 1547643.051238282500044
11099481.634511733332296 1547643.349824220000000
11099481.634511733332296 1547643.648410157499956
11099481.634511733332296 1547643.946996094999912
11099481.634511733332296 1547644.245582032499868
11099481.634511733332296 1547644.544167969999824
11099481.634511733332296 1547644.842753907499780
11099481.634511733332296 1547645.141339844999736
11099481.634511733332296 1547645.439925782499692
11099481.634511733332296 1547645.738511719999648
