11098816.695227837501167 1547610.206785152500396
11098816.695227837501167 1547610.505371090000352
11098816.695227837501167 1547610.803957027500308
11098816.695227837501167 1547611.102542965000264
11098816.695227837501167 1547611.401128902500220
11098816.695227837501167 1547611.699714840000176
11098816.695227837501167 1547611.998300777500132
11098816.695227837501167 1547612.296886715000088
11098816.695227837501167 1547612.595472652500044
11098816.695227837501167 1547612.894058590000000
11098816.695227837501167 1547613.192644527499956
11098816.695227837501167 1547613.491230464999912
11098816.695227837501167 1547613.789816402499868
11098816.695227837501167 1547614.088402339999824
11098816.695227837501167 1547614.386988277499780
11098816.695227837501167 1547614.685574214999736
11098816.695227837501167 1547614.984160152499692
11098816.695227837501167 1547615.282746089999648
11098816.993808566667704 1547610.206785152500396
11098816.993808566667704 1547610.505371090000352
11098816.993808566667704 1547610.803957027500308
11098816.993808566667704 1547611.102542965000264
11098816.993808566667704 1547611.401128902500220
11098816.993808566667704 1547611.699714840000176
11098816.993808566667704 1547611.998300777500132
11098816.993808566667704 1547612.296886715000088
11098816.993808566667704 1547612.595472652500044
11098816.993808566667704 1547612.894058590000000
11098816.993808566667704 1547613.192644527499956
11098816.993808566667704 1547613.491230464999912
11098816.993808566667704 1547613.789816402499868
11098816.993808566667704 1547614.088402339999824
11098816.993808566667704 1547614.386988277499780
11098816.993808566667704 1547614.685574214999736
11098816.993808566667704 1547614.984160152499692
11098816.993808566667704 1547615.282746089999648
11098817.292389295834241 1547610.206785152500396
11098817.292389295834241 1547610.505371090000352
11098817.292389295834241 1547610.803957027500308
11098817.292389295834241 1547611.102542965000264
11098817.292389295834241 1547611.401128902500220
11098817.292389295834241 1547611.699714840000176
11098817.292389295834241 1547611.998300777500132
11098817.292389295834241 1547612.296886715000088
11098817.292389295834241 1547612.595472652500044
11098817.292389295834241 1547612.894058590000000
11098817.292389295834241 1547613.192644527499956
11098817.292389295834241 1547613.491230464999912
11098817.292389295834241 1547613.789816402499868
11098817.292389295834241 1547614.088402339999824
11098817.292389295834241 1547614.386988277499780
11098817.292389295834241 1547614.685574214999736
11098817.292389295834241 1547614.984160152499692
11098817.292389295834241 1547615.282746089999648
11098817.590970025000778 1547610.206785152500396
11098817.590970025000778 1547610.505371090000352
11098817.590970025000778 1547610.803957027500308
11098817.590970025000778 1547611.102542965000264
11098817.590970025000778 1547611.401128902500220
11098817.590970025000778 1547611.699714840000176
11098817.590970025000778 1547611.998300777500132
11098817.590970025000778 1547612.296886715000088
11098817.590970025000778 1547612.595472652500044
11098817.590970025000778 1547612.894058590000000
11098817.590970025000778 1547613.192644527499956
11098817.590970025000778 1547613.491230464999912
11098817.590970025000778 1547613.789816402499868
11098817.590970025000778 1547614.088402339999824
11098817.590970025000778 1547614.386988277499780
11098817.590970025000778 1547614.685574214999736
11098817.590970025000778 1547614.984160152499692
11098817.590970025000778 1547615.282746089999648
11098817.889550754167315 1547610.206785152500396
11098817.889550754167315 1547610.505371090000352
11098817.889550754167315 1547610.803957027500308
11098817.889550754167315 1547611.102542965000264
11098817.889550754167315 1547611.401128902500220
11098817.889550754167315 1547611.699714840000176
11098817.889550754167315 1547611.998300777500132
11098817.889550754167315 1547612.296886715000088
11098817.889550754167315 1547612.595472652500044
11098817.889550754167315 1547612.894058590000000
11098817.889550754167315 1547613.192644527499956
11098817.889550754167315 1547613.491230464999912
11098817.889550754167315 1547613.789816402499868
11098817.889550754167315 1547614.088402339999824
11098817.889550754167315 1547614.386988277499780
11098817.889550754167315 1547614.685574214999736
11098817.889550754167315 1547614.984160152499692
11098817.889550754167315 1547615.282746089999648
11098818.188131483333852 1547610.206785152500396
11098818.188131483333852 1547610.505371090000352
11098818.188131483333852 1547610.803957027500308
11098818.188131483333852 1547611.102542965000264
11098818.188131483333852 1547611.401128902500220
11098818.188131483333852 1547611.699714840000176
11098818.188131483333852 1547611.998300777500132
11098818.188131483333852 1547612.296886715000088
11098818.188131483333852 1547612.595472652500044
11098818.188131483333852 1547612.894058590000000
11098818.188131483333852 1547613.192644527499956
11098818.188131483333852 1547613.491230464999912
11098818.188131483333852 1547613.789816402499868
11098818.188131483333852 1547614.088402339999824
11098818.188131483333852 1547614.386988277499780
11098818.188131483333852 1547614.685574214999736
11098818.188131483333852 1547614.984160152499692
11098818.188131483333852 1547615.282746089999648
11098818.486712212500389 1547610.206785152500396
11098818.486712212500389 1547610.505371090000352
11098818.486712212500389 1547610.803957027500308
11098818.486712212500389 1547611.102542965000264
11098818.486712212500389 1547611.401128902500220
11098818.486712212500389 1547611.699714840000176
11098818.486712212500389 1547611.998300777500132
11098818.486712212500389 1547612.296886715000088
11098818.486712212500389 1547612.595472652500044
11098818.486712212500389 1547612.894058590000000
11098818.486712212500389 1547613.192644527499956
11098818.486712212500389 1547613.491230464999912
11098818.486712212500389 1547613.789816402499868
11098818.486712212500389 1547614.088402339999824
11098818.486712212500389 1547614.386988277499780
11098818.486712212500389 1547614.685574214999736
11098818.486712212500389 1547614.984160152499692
11098818.486712212500389 1547615.282746089999648
11098818.785292941666926 1547610.206785152500396
11098818.785292941666926 1547610.505371090000352
11098818.785292941666926 1547610.803957027500308
11098818.785292941666926 1547611.102542965000264
11098818.785292941666926 1547611.401128902500220
11098818.785292941666926 1547611.699714840000176
11098818.785292941666926 1547611.998300777500132
11098818.785292941666926 1547612.296886715000088
11098818.785292941666926 1547612.595472652500044
11098818.785292941666926 1547612.894058590000000
11098818.785292941666926 1547613.192644527499956
11098818.785292941666926 1547613.491230464999912
11098818.785292941666926 1547613.789816402499868
11098818.785292941666926 1547614.088402339999824
11098818.785292941666926 1547614.386988277499780
11098818.785292941666926 1547614.685574214999736
11098818.785292941666926 1547614.984160152499692
11098818.785292941666926 1547615.282746089999648
11098819.083873670833463 1547610.206785152500396
11098819.083873670833463 1547610.505371090000352
11098819.083873670833463 1547610.803957027500308
11098819.083873670833463 1547611.102542965000264
11098819.083873670833463 1547611.401128902500220
11098819.083873670833463 1547611.699714840000176
11098819.083873670833463 1547611.998300777500132
11098819.083873670833463 1547612.296886715000088
11098819.083873670833463 1547612.595472652500044
11098819.083873670833463 1547612.894058590000000
11098819.083873670833463 1547613.192644527499956
11098819.083873670833463 1547613.491230464999912
11098819.083873670833463 1547613.789816402499868
11098819.083873670833463 1547614.088402339999824
11098819.083873670833463 1547614.386988277499780
11098819.083873670833463 1547614.685574214999736
11098819.083873670833463 1547614.984160152499692
11098819.083873670833463 1547615.282746089999648
11098819.382454400000000 1547610.206785152500396
11098819.382454400000000 1547610.505371090000352
11098819.382454400000000 1547610.803957027500308
11098819.382454400000000 1547611.102542965000264
11098819.382454400000000 1547611.401128902500220
11098819.382454400000000 1547611.699714840000176
11098819.382454400000000 1547611.998300777500132
11098819.382454400000000 1547612.296886715000088
11098819.382454400000000 1547612.595472652500044
11098819.382454400000000 1547612.894058590000000
11098819.382454400000000 1547613.192644527499956
11098819.382454400000000 1547613.491230464999912
11098819.382454400000000 1547613.789816402499868
11098819.382454400000000 1547614.088402339999824
11098819.382454400000000 1547614.386988277499780
11098819.382454400000000 1547614.685574214999736
11098819.382454400000000 1547614.984160152499692
11098819.382454400000000 1547615.282746089999648
11098819.681035129166537 1547610.206785152500396
11098819.681035129166537 1547610.505371090000352
11098819.681035129166537 1547610.803957027500308
11098819.681035129166537 1547611.102542965000264
11098819.681035129166537 1547611.401128902500220
11098819.681035129166537 1547611.699714840000176
11098819.681035129166537 1547611.998300777500132
11098819.681035129166537 1547612.296886715000088
11098819.681035129166537 1547612.595472652500044
11098819.681035129166537 1547612.894058590000000
11098819.681035129166537 1547613.192644527499956
11098819.681035129166537 1547613.491230464999912
11098819.681035129166537 1547613.789816402499868
11098819.681035129166537 1547614.088402339999824
11098819.681035129166537 1547614.386988277499780
11098819.681035129166537 1547614.685574214999736
11098819.681035129166537 1547614.984160152499692
11098819.681035129166537 1547615.282746089999648
11098819.979615858333074 1547610.206785152500396
11098819.979615858333074 1547610.505371090000352
11098819.979615858333074 1547610.803957027500308
11098819.979615858333074 1547611.102542965000264
11098819.979615858333074 1547611.401128902500220
11098819.979615858333074 1547611.699714840000176
11098819.979615858333074 1547611.998300777500132
11098819.979615858333074 1547612.296886715000088
11098819.979615858333074 1547612.595472652500044
11098819.979615858333074 1547612.894058590000000
11098819.979615858333074 1547613.192644527499956
11098819.979615858333074 1547613.491230464999912
11098819.979615858333074 1547613.789816402499868
11098819.979615858333074 1547614.088402339999824
11098819.979615858333074 1547614.386988277499780
11098819.979615858333074 1547614.685574214999736
11098819.979615858333074 1547614.984160152499692
11098819.979615858333074 1547615.282746089999648
11098820.278196587499611 1547610.206785152500396
11098820.278196587499611 1547610.505371090000352
11098820.278196587499611 1547610.803957027500308
11098820.278196587499611 1547611.102542965000264
11098820.278196587499611 1547611.401128902500220
11098820.278196587499611 1547611.699714840000176
11098820.278196587499611 1547611.998300777500132
11098820.278196587499611 1547612.296886715000088
11098820.278196587499611 1547612.595472652500044
11098820.278196587499611 1547612.894058590000000
11098820.278196587499611 1547613.192644527499956
11098820.278196587499611 1547613.491230464999912
11098820.278196587499611 1547613.789816402499868
11098820.278196587499611 1547614.088402339999824
11098820.278196587499611 1547614.386988277499780
11098820.278196587499611 1547614.685574214999736
11098820.278196587499611 1547614.984160152499692
11098820.278196587499611 1547615.282746089999648
11098820.576777316666148 1547610.206785152500396
11098820.576777316666148 1547610.505371090000352
11098820.576777316666148 1547610.803957027500308
11098820.576777316666148 1547611.102542965000264
11098820.576777316666148 1547611.401128902500220
11098820.576777316666148 1547611.699714840000176
11098820.576777316666148 1547611.998300777500132
11098820.576777316666148 1547612.296886715000088
11098820.576777316666148 1547612.595472652500044
11098820.576777316666148 1547612.894058590000000
11098820.576777316666148 1547613.192644527499956
11098820.576777316666148 1547613.491230464999912
11098820.576777316666148 1547613.789816402499868
11098820.576777316666148 1547614.088402339999824
11098820.576777316666148 1547614.386988277499780
11098820.576777316666148 1547614.685574214999736
11098820.576777316666148 1547614.984160152499692
11098820.576777316666148 1547615.282746089999648
11098820.875358045832685 1547610.206785152500396
11098820.875358045832685 1547610.505371090000352
11098820.875358045832685 1547610.803957027500308
11098820.875358045832685 1547611.102542965000264
11098820.875358045832685 1547611.401128902500220
11098820.875358045832685 1547611.699714840000176
11098820.875358045832685 1547611.998300777500132
11098820.875358045832685 1547612.296886715000088
11098820.875358045832685 1547612.595472652500044
11098820.875358045832685 1547612.894058590000000
11098820.875358045832685 1547613.192644527499956
11098820.875358045832685 1547613.491230464999912
11098820.875358045832685 1547613.789816402499868
11098820.875358045832685 1547614.088402339999824
11098820.875358045832685 1547614.386988277499780
11098820.875358045832685 1547614.685574214999736
11098820.875358045832685 1547614.984160152499692
11098820.875358045832685 1547615.282746089999648
11098821.173938774999222 1547610.206785152500396
11098821.173938774999222 1547610.505371090000352
11098821.173938774999222 1547610.803957027500308
11098821.173938774999222 1547611.102542965000264
11098821.173938774999222 1547611.401128902500220
11098821.173938774999222 1547611.699714840000176
11098821.173938774999222 1547611.998300777500132
11098821.173938774999222 1547612.296886715000088
11098821.173938774999222 1547612.595472652500044
11098821.173938774999222 1547612.894058590000000
11098821.173938774999222 1547613.192644527499956
11098821.173938774999222 1547613.491230464999912
11098821.173938774999222 1547613.789816402499868
11098821.173938774999222 1547614.088402339999824
11098821.173938774999222 1547614.386988277499780
11098821.173938774999222 1547614.685574214999736
11098821.173938774999222 1547614.984160152499692
11098821.173938774999222 1547615.282746089999648
11098821.472519504165759 1547610.206785152500396
11098821.472519504165759 1547610.505371090000352
11098821.472519504165759 1547610.803957027500308
11098821.472519504165759 1547611.102542965000264
11098821.472519504165759 1547611.401128902500220
11098821.472519504165759 1547611.699714840000176
11098821.472519504165759 1547611.998300777500132
11098821.472519504165759 1547612.296886715000088
11098821.472519504165759 1547612.595472652500044
11098821.472519504165759 1547612.894058590000000
11098821.472519504165759 1547613.192644527499956
11098821.472519504165759 1547613.491230464999912
11098821.472519504165759 1547613.789816402499868
11098821.472519504165759 1547614.088402339999824
11098821.472519504165759 1547614.386988277499780
11098821.472519504165759 1547614.685574214999736
11098821.472519504165759 1547614.984160152499692
11098821.472519504165759 1547615.282746089999648
11098821.771100233332296 1547610.206785152500396
11098821.771100233332296 1547610.505371090000352
11098821.771100233332296 1547610.803957027500308
11098821.771100233332296 1547611.102542965000264
11098821.771100233332296 1547611.401128902500220
11098821.771100233332296 1547611.699714840000176
11098821.771100233332296 1547611.998300777500132
11098821.771100233332296 1547612.296886715000088
11098821.771100233332296 1547612.595472652500044
11098821.771100233332296 1547612.894058590000000
11098821.771100233332296 1547613.192644527499956
11098821.771100233332296 1547613.491230464999912
11098821.771100233332296 1547613.789816402499868
11098821.771100233332296 1547614.088402339999824
11098821.771100233332296 1547614.386988277499780
11098821.771100233332296 1547614.685574214999736
11098821.771100233332296 1547614.984160152499692
11098821.771100233332296 1547615.282746089999648
