11099111.692988237501167 1547814.439566402500396
11099111.692988237501167 1547814.738152340000352
11099111.692988237501167 1547815.036738277500308
11099111.692988237501167 1547815.335324215000264
11099111.692988237501167 1547815.633910152500220
11099111.692988237501167 1547815.932496090000176
11099111.692988237501167 1547816.231082027500132
11099111.692988237501167 1547816.529667965000088
11099111.692988237501167 1547816.828253902500044
11099111.692988237501167 1547817.126839840000000
11099111.692988237501167 1547817.425425777499956
11099111.692988237501167 1547817.724011714999912
11099111.692988237501167 1547818.022597652499868
11099111.692988237501167 1547818.321183589999824
11099111.692988237501167 1547818.619769527499780
11099111.692988237501167 1547818.918355464999736
11099111.692988237501167 1547819.216941402499692
11099111.692988237501167 1547819.515527339999648
11099111.991568966667704 1547814.439566402500396
11099111.991568966667704 1547814.738152340000352
11099111.991568966667704 1547815.036738277500308
11099111.991568966667704 1547815.335324215000264
11099111.991568966667704 1547815.633910152500220
11099111.991568966667704 1547815.932496090000176
11099111.991568966667704 1547816.231082027500132
11099111.991568966667704 1547816.529667965000088
11099111.991568966667704 1547816.828253902500044
11099111.991568966667704 1547817.126839840000000
11099111.991568966667704 1547817.425425777499956
11099111.991568966667704 1547817.724011714999912
11099111.991568966667704 1547818.022597652499868
11099111.991568966667704 1547818.321183589999824
11099111.991568966667704 1547818.619769527499780
11099111.991568966667704 1547818.918355464999736
11099111.991568966667704 1547819.216941402499692
11099111.991568966667704 1547819.515527339999648
11099112.290149695834241 1547814.439566402500396
11099112.290149695834241 1547814.738152340000352
11099112.290149695834241 1547815.036738277500308
11099112.290149695834241 1547815.335324215000264
11099112.290149695834241 1547815.633910152500220
11099112.290149695834241 1547815.932496090000176
11099112.290149695834241 1547816.231082027500132
11099112.290149695834241 1547816.529667965000088
11099112.290149695834241 1547816.828253902500044
11099112.290149695834241 1547817.126839840000000
11099112.290149695834241 1547817.425425777499956
11099112.290149695834241 1547817.724011714999912
11099112.290149695834241 1547818.022597652499868
11099112.290149695834241 1547818.321183589999824
11099112.290149695834241 1547818.619769527499780
11099112.290149695834241 1547818.918355464999736
11099112.290149695834241 1547819.216941402499692
11099112.290149695834241 1547819.515527339999648
11099112.588730425000778 1547814.439566402500396
11099112.588730425000778 1547814.738152340000352
11099112.588730425000778 1547815.036738277500308
11099112.588730425000778 1547815.335324215000264
11099112.588730425000778 1547815.633910152500220
11099112.588730425000778 1547815.932496090000176
11099112.588730425000778 1547816.231082027500132
11099112.588730425000778 1547816.529667965000088
11099112.588730425000778 1547816.828253902500044
11099112.588730425000778 1547817.126839840000000
11099112.588730425000778 1547817.425425777499956
11099112.588730425000778 1547817.724011714999912
11099112.588730425000778 1547818.022597652499868
11099112.588730425000778 1547818.321183589999824
11099112.588730425000778 1547818.619769527499780
11099112.588730425000778 1547818.918355464999736
11099112.588730425000778 1547819.216941402499692
11099112.588730425000778 1547819.515527339999648
11099112.887311154167315 1547814.439566402500396
11099112.887311154167315 1547814.738152340000352
11099112.887311154167315 1547815.036738277500308
11099112.887311154167315 1547815.335324215000264
11099112.887311154167315 1547815.633910152500220
11099112.887311154167315 1547815.932496090000176
11099112.887311154167315 1547816.231082027500132
11099112.887311154167315 1547816.529667965000088
11099112.887311154167315 1547816.828253902500044
11099112.887311154167315 1547817.126839840000000
11099112.887311154167315 1547817.425425777499956
11099112.887311154167315 1547817.724011714999912
11099112.887311154167315 1547818.022597652499868
11099112.887311154167315 1547818.321183589999824
11099112.887311154167315 1547818.619769527499780
11099112.887311154167315 1547818.918355464999736
11099112.887311154167315 1547819.216941402499692
11099112.887311154167315 1547819.515527339999648
11099113.185891883333852 1547814.439566402500396
11099113.185891883333852 1547814.738152340000352
11099113.185891883333852 1547815.036738277500308
11099113.185891883333852 1547815.335324215000264
11099113.185891883333852 1547815.633910152500220
11099113.185891883333852 1547815.932496090000176
11099113.185891883333852 1547816.231082027500132
11099113.185891883333852 1547816.529667965000088
11099113.185891883333852 1547816.828253902500044
11099113.185891883333852 1547817.126839840000000
11099113.185891883333852 1547817.425425777499956
11099113.185891883333852 1547817.724011714999912
11099113.185891883333852 1547818.022597652499868
11099113.185891883333852 1547818.321183589999824
11099113.185891883333852 1547818.619769527499780
11099113.185891883333852 1547818.918355464999736
11099113.185891883333852 1547819.216941402499692
11099113.185891883333852 1547819.515527339999648
11099113.484472612500389 1547814.439566402500396
11099113.484472612500389 1547814.738152340000352
11099113.484472612500389 1547815.036738277500308
11099113.484472612500389 1547815.335324215000264
11099113.484472612500389 1547815.633910152500220
11099113.484472612500389 1547815.932496090000176
11099113.484472612500389 1547816.231082027500132
11099113.484472612500389 1547816.529667965000088
11099113.484472612500389 1547816.828253902500044
11099113.484472612500389 1547817.126839840000000
11099113.484472612500389 1547817.425425777499956
11099113.484472612500389 1547817.724011714999912
11099113.484472612500389 1547818.022597652499868
11099113.484472612500389 1547818.321183589999824
11099113.484472612500389 1547818.619769527499780
11099113.484472612500389 1547818.918355464999736
11099113.484472612500389 1547819.216941402499692
11099113.484472612500389 1547819.515527339999648
11099113.783053341666926 1547814.439566402500396
11099113.783053341666926 1547814.738152340000352
11099113.783053341666926 1547815.036738277500308
11099113.783053341666926 1547815.335324215000264
11099113.783053341666926 1547815.633910152500220
11099113.783053341666926 1547815.932496090000176
11099113.783053341666926 1547816.231082027500132
11099113.783053341666926 1547816.529667965000088
11099113.783053341666926 1547816.828253902500044
11099113.783053341666926 1547817.126839840000000
11099113.783053341666926 1547817.425425777499956
11099113.783053341666926 1547817.724011714999912
11099113.783053341666926 1547818.022597652499868
11099113.783053341666926 1547818.321183589999824
11099113.783053341666926 1547818.619769527499780
11099113.783053341666926 1547818.918355464999736
11099113.783053341666926 1547819.216941402499692
11099113.783053341666926 1547819.515527339999648
11099114.081634070833463 1547814.439566402500396
11099114.081634070833463 1547814.738152340000352
11099114.081634070833463 1547815.036738277500308
11099114.081634070833463 1547815.335324215000264
11099114.081634070833463 1547815.633910152500220
11099114.081634070833463 1547815.932496090000176
11099114.081634070833463 1547816.231082027500132
11099114.081634070833463 1547816.529667965000088
11099114.081634070833463 1547816.828253902500044
11099114.081634070833463 1547817.126839840000000
11099114.081634070833463 1547817.425425777499956
11099114.081634070833463 1547817.724011714999912
11099114.081634070833463 1547818.022597652499868
11099114.081634070833463 1547818.321183589999824
11099114.081634070833463 1547818.619769527499780
11099114.081634070833463 1547818.918355464999736
11099114.081634070833463 1547819.216941402499692
11099114.081634070833463 1547819.515527339999648
11099114.380214800000000 1547814.439566402500396
11099114.380214800000000 1547814.738152340000352
11099114.380214800000000 1547815.036738277500308
11099114.380214800000000 1547815.335324215000264
11099114.380214800000000 1547815.633910152500220
11099114.380214800000000 1547815.932496090000176
11099114.380214800000000 1547816.231082027500132
11099114.380214800000000 1547816.529667965000088
11099114.380214800000000 1547816.828253902500044
11099114.380214800000000 1547817.126839840000000
11099114.380214800000000 1547817.425425777499956
11099114.380214800000000 1547817.724011714999912
11099114.380214800000000 1547818.022597652499868
11099114.380214800000000 1547818.321183589999824
11099114.380214800000000 1547818.619769527499780
11099114.380214800000000 1547818.918355464999736
11099114.380214800000000 1547819.216941402499692
11099114.380214800000000 1547819.515527339999648
11099114.678795529166537 1547814.439566402500396
11099114.678795529166537 1547814.738152340000352
11099114.678795529166537 1547815.036738277500308
11099114.678795529166537 1547815.335324215000264
11099114.678795529166537 1547815.633910152500220
11099114.678795529166537 1547815.932496090000176
11099114.678795529166537 1547816.231082027500132
11099114.678795529166537 1547816.529667965000088
11099114.678795529166537 1547816.828253902500044
11099114.678795529166537 1547817.126839840000000
11099114.678795529166537 1547817.425425777499956
11099114.678795529166537 1547817.724011714999912
11099114.678795529166537 1547818.022597652499868
11099114.678795529166537 1547818.321183589999824
11099114.678795529166537 1547818.619769527499780
11099114.678795529166537 1547818.918355464999736
11099114.678795529166537 1547819.216941402499692
11099114.678795529166537 1547819.515527339999648
11099114.977376258333074 1547814.439566402500396
11099114.977376258333074 1547814.738152340000352
11099114.977376258333074 1547815.036738277500308
11099114.977376258333074 1547815.335324215000264
11099114.977376258333074 1547815.633910152500220
11099114.977376258333074 1547815.932496090000176
11099114.977376258333074 1547816.231082027500132
11099114.977376258333074 1547816.529667965000088
11099114.977376258333074 1547816.828253902500044
11099114.977376258333074 1547817.126839840000000
11099114.977376258333074 1547817.425425777499956
11099114.977376258333074 1547817.724011714999912
11099114.977376258333074 1547818.022597652499868
11099114.977376258333074 1547818.321183589999824
11099114.977376258333074 1547818.619769527499780
11099114.977376258333074 1547818.918355464999736
11099114.977376258333074 1547819.216941402499692
11099114.977376258333074 1547819.515527339999648
11099115.275956987499611 1547814.439566402500396
11099115.275956987499611 1547814.738152340000352
11099115.275956987499611 1547815.036738277500308
11099115.275956987499611 1547815.335324215000264
11099115.275956987499611 1547815.633910152500220
11099115.275956987499611 1547815.932496090000176
11099115.275956987499611 1547816.231082027500132
11099115.275956987499611 1547816.529667965000088
11099115.275956987499611 1547816.828253902500044
11099115.275956987499611 1547817.126839840000000
11099115.275956987499611 1547817.425425777499956
11099115.275956987499611 1547817.724011714999912
11099115.275956987499611 1547818.022597652499868
11099115.275956987499611 1547818.321183589999824
11099115.275956987499611 1547818.619769527499780
11099115.275956987499611 1547818.918355464999736
11099115.275956987499611 1547819.216941402499692
11099115.275956987499611 1547819.515527339999648
11099115.574537716666148 1547814.439566402500396
11099115.574537716666148 1547814.738152340000352
11099115.574537716666148 1547815.036738277500308
11099115.574537716666148 1547815.335324215000264
11099115.574537716666148 1547815.633910152500220
11099115.574537716666148 1547815.932496090000176
11099115.574537716666148 1547816.231082027500132
11099115.574537716666148 1547816.529667965000088
11099115.574537716666148 1547816.828253902500044
11099115.574537716666148 1547817.126839840000000
11099115.574537716666148 1547817.425425777499956
11099115.574537716666148 1547817.724011714999912
11099115.574537716666148 1547818.022597652499868
11099115.574537716666148 1547818.321183589999824
11099115.574537716666148 1547818.619769527499780
11099115.574537716666148 1547818.918355464999736
11099115.574537716666148 1547819.216941402499692
11099115.574537716666148 1547819.515527339999648
11099115.873118445832685 1547814.439566402500396
11099115.873118445832685 1547814.738152340000352
11099115.873118445832685 1547815.036738277500308
11099115.873118445832685 1547815.335324215000264
11099115.873118445832685 1547815.633910152500220
11099115.873118445832685 1547815.932496090000176
11099115.873118445832685 1547816.231082027500132
11099115.873118445832685 1547816.529667965000088
11099115.873118445832685 1547816.828253902500044
11099115.873118445832685 1547817.126839840000000
11099115.873118445832685 1547817.425425777499956
11099115.873118445832685 1547817.724011714999912
11099115.873118445832685 1547818.022597652499868
11099115.873118445832685 1547818.321183589999824
11099115.873118445832685 1547818.619769527499780
11099115.873118445832685 1547818.918355464999736
11099115.873118445832685 1547819.216941402499692
11099115.873118445832685 1547819.515527339999648
11099116.171699174999222 1547814.439566402500396
11099116.171699174999222 1547814.738152340000352
11099116.171699174999222 1547815.036738277500308
11099116.171699174999222 1547815.335324215000264
11099116.171699174999222 1547815.633910152500220
11099116.171699174999222 1547815.932496090000176
11099116.171699174999222 1547816.231082027500132
11099116.171699174999222 1547816.529667965000088
11099116.171699174999222 1547816.828253902500044
11099116.171699174999222 1547817.126839840000000
11099116.171699174999222 1547817.425425777499956
11099116.171699174999222 1547817.724011714999912
11099116.171699174999222 1547818.022597652499868
11099116.171699174999222 1547818.321183589999824
11099116.171699174999222 1547818.619769527499780
11099116.171699174999222 1547818.918355464999736
11099116.171699174999222 1547819.216941402499692
11099116.171699174999222 1547819.515527339999648
11099116.470279904165759 1547814.439566402500396
11099116.470279904165759 1547814.738152340000352
11099116.470279904165759 1547815.036738277500308
11099116.470279904165759 1547815.335324215000264
11099116.470279904165759 1547815.633910152500220
11099116.470279904165759 1547815.932496090000176
11099116.470279904165759 1547816.231082027500132
11099116.470279904165759 1547816.529667965000088
11099116.470279904165759 1547816.828253902500044
11099116.470279904165759 1547817.126839840000000
11099116.470279904165759 1547817.425425777499956
11099116.470279904165759 1547817.724011714999912
11099116.470279904165759 1547818.022597652499868
11099116.470279904165759 1547818.321183589999824
11099116.470279904165759 1547818.619769527499780
11099116.470279904165759 1547818.918355464999736
11099116.470279904165759 1547819.216941402499692
11099116.470279904165759 1547819.515527339999648
11099116.768860633332296 1547814.439566402500396
11099116.768860633332296 1547814.738152340000352
11099116.768860633332296 1547815.036738277500308
11099116.768860633332296 1547815.335324215000264
11099116.768860633332296 1547815.633910152500220
11099116.768860633332296 1547815.932496090000176
11099116.768860633332296 1547816.231082027500132
11099116.768860633332296 1547816.529667965000088
11099116.768860633332296 1547816.828253902500044
11099116.768860633332296 1547817.126839840000000
11099116.768860633332296 1547817.425425777499956
11099116.768860633332296 1547817.724011714999912
11099116.768860633332296 1547818.022597652499868
11099116.768860633332296 1547818.321183589999824
11099116.768860633332296 1547818.619769527499780
11099116.768860633332296 1547818.918355464999736
11099116.768860633332296 1547819.216941402499692
11099116.768860633332296 1547819.515527339999648
