11099198.281399737501167 1547555.266972652500396
11099198.281399737501167 1547555.565558590000352
11099198.281399737501167 1547555.864144527500308
11099198.281399737501167 1547556.162730465000264
11099198.281399737501167 1547556.461316402500220
11099198.281399737501167 1547556.759902340000176
11099198.281399737501167 1547557.058488277500132
11099198.281399737501167 1547557.357074215000088
11099198.281399737501167 1547557.655660152500044
11099198.281399737501167 1547557.954246090000000
11099198.281399737501167 1547558.252832027499956
11099198.281399737501167 1547558.551417964999912
11099198.281399737501167 1547558.850003902499868
11099198.281399737501167 1547559.148589839999824
11099198.281399737501167 1547559.447175777499780
11099198.281399737501167 1547559.745761714999736
11099198.281399737501167 1547560.044347652499692
11099198.281399737501167 1547560.342933589999648
11099198.579980466667704 1547555.266972652500396
11099198.579980466667704 1547555.565558590000352
11099198.579980466667704 1547555.864144527500308
11099198.579980466667704 1547556.162730465000264
11099198.579980466667704 1547556.461316402500220
11099198.579980466667704 1547556.759902340000176
11099198.579980466667704 1547557.058488277500132
11099198.579980466667704 1547557.357074215000088
11099198.579980466667704 1547557.655660152500044
11099198.579980466667704 1547557.954246090000000
11099198.579980466667704 1547558.252832027499956
11099198.579980466667704 1547558.551417964999912
11099198.579980466667704 1547558.850003902499868
11099198.579980466667704 1547559.148589839999824
11099198.579980466667704 1547559.447175777499780
11099198.579980466667704 1547559.745761714999736
11099198.579980466667704 1547560.044347652499692
11099198.579980466667704 1547560.342933589999648
11099198.878561195834241 1547555.266972652500396
11099198.878561195834241 1547555.565558590000352
11099198.878561195834241 1547555.864144527500308
11099198.878561195834241 1547556.162730465000264
11099198.878561195834241 1547556.461316402500220
11099198.878561195834241 1547556.759902340000176
11099198.878561195834241 1547557.058488277500132
11099198.878561195834241 1547557.357074215000088
11099198.878561195834241 1547557.655660152500044
11099198.878561195834241 1547557.954246090000000
11099198.878561195834241 1547558.252832027499956
11099198.878561195834241 1547558.551417964999912
11099198.878561195834241 1547558.850003902499868
11099198.878561195834241 1547559.148589839999824
11099198.878561195834241 1547559.447175777499780
11099198.878561195834241 1547559.745761714999736
11099198.878561195834241 1547560.044347652499692
11099198.878561195834241 1547560.342933589999648
11099199.177141925000778 1547555.266972652500396
11099199.177141925000778 1547555.565558590000352
11099199.177141925000778 1547555.864144527500308
11099199.177141925000778 1547556.162730465000264
11099199.177141925000778 1547556.461316402500220
11099199.177141925000778 1547556.759902340000176
11099199.177141925000778 1547557.058488277500132
11099199.177141925000778 1547557.357074215000088
11099199.177141925000778 1547557.655660152500044
11099199.177141925000778 1547557.954246090000000
11099199.177141925000778 1547558.252832027499956
11099199.177141925000778 1547558.551417964999912
11099199.177141925000778 1547558.850003902499868
11099199.177141925000778 1547559.148589839999824
11099199.177141925000778 1547559.447175777499780
11099199.177141925000778 1547559.745761714999736
11099199.177141925000778 1547560.044347652499692
11099199.177141925000778 1547560.342933589999648
11099199.475722654167315 1547555.266972652500396
11099199.475722654167315 1547555.565558590000352
11099199.475722654167315 1547555.864144527500308
11099199.475722654167315 1547556.162730465000264
11099199.475722654167315 1547556.461316402500220
11099199.475722654167315 1547556.759902340000176
11099199.475722654167315 1547557.058488277500132
11099199.475722654167315 1547557.357074215000088
11099199.475722654167315 1547557.655660152500044
11099199.475722654167315 1547557.954246090000000
11099199.475722654167315 1547558.252832027499956
11099199.475722654167315 1547558.551417964999912
11099199.475722654167315 1547558.850003902499868
11099199.475722654167315 1547559.148589839999824
11099199.475722654167315 1547559.447175777499780
11099199.475722654167315 1547559.745761714999736
11099199.475722654167315 1547560.044347652499692
11099199.475722654167315 1547560.342933589999648
11099199.774303383333852 1547555.266972652500396
11099199.774303383333852 1547555.565558590000352
11099199.774303383333852 1547555.864144527500308
11099199.774303383333852 1547556.162730465000264
11099199.774303383333852 1547556.461316402500220
11099199.774303383333852 1547556.759902340000176
11099199.774303383333852 1547557.058488277500132
11099199.774303383333852 1547557.357074215000088
11099199.774303383333852 1547557.655660152500044
11099199.774303383333852 1547557.954246090000000
11099199.774303383333852 1547558.252832027499956
11099199.774303383333852 1547558.551417964999912
11099199.774303383333852 1547558.850003902499868
11099199.774303383333852 1547559.148589839999824
11099199.774303383333852 1547559.447175777499780
11099199.774303383333852 1547559.745761714999736
11099199.774303383333852 1547560.044347652499692
11099199.774303383333852 1547560.342933589999648
11099200.072884112500389 1547555.266972652500396
11099200.072884112500389 1547555.565558590000352
11099200.072884112500389 1547555.864144527500308
11099200.072884112500389 1547556.162730465000264
11099200.072884112500389 1547556.461316402500220
11099200.072884112500389 1547556.759902340000176
11099200.072884112500389 1547557.058488277500132
11099200.072884112500389 1547557.357074215000088
11099200.072884112500389 1547557.655660152500044
11099200.072884112500389 1547557.954246090000000
11099200.072884112500389 1547558.252832027499956
11099200.072884112500389 1547558.551417964999912
11099200.072884112500389 1547558.850003902499868
11099200.072884112500389 1547559.148589839999824
11099200.072884112500389 1547559.447175777499780
11099200.072884112500389 1547559.745761714999736
11099200.072884112500389 1547560.044347652499692
11099200.072884112500389 1547560.342933589999648
11099200.371464841666926 1547555.266972652500396
11099200.371464841666926 1547555.565558590000352
11099200.371464841666926 1547555.864144527500308
11099200.371464841666926 1547556.162730465000264
11099200.371464841666926 1547556.461316402500220
11099200.371464841666926 1547556.759902340000176
11099200.371464841666926 1547557.058488277500132
11099200.371464841666926 1547557.357074215000088
11099200.371464841666926 1547557.655660152500044
11099200.371464841666926 1547557.954246090000000
11099200.371464841666926 1547558.252832027499956
11099200.371464841666926 1547558.551417964999912
11099200.371464841666926 1547558.850003902499868
11099200.371464841666926 1547559.148589839999824
11099200.371464841666926 1547559.447175777499780
11099200.371464841666926 1547559.745761714999736
11099200.371464841666926 1547560.044347652499692
11099200.371464841666926 1547560.342933589999648
11099200.670045570833463 1547555.266972652500396
11099200.670045570833463 1547555.565558590000352
11099200.670045570833463 1547555.864144527500308
11099200.670045570833463 1547556.162730465000264
11099200.670045570833463 1547556.461316402500220
11099200.670045570833463 1547556.759902340000176
11099200.670045570833463 1547557.058488277500132
11099200.670045570833463 1547557.357074215000088
11099200.670045570833463 1547557.655660152500044
11099200.670045570833463 1547557.954246090000000
11099200.670045570833463 1547558.252832027499956
11099200.670045570833463 1547558.551417964999912
11099200.670045570833463 1547558.850003902499868
11099200.670045570833463 1547559.148589839999824
11099200.670045570833463 1547559.447175777499780
11099200.670045570833463 1547559.745761714999736
11099200.670045570833463 1547560.044347652499692
11099200.670045570833463 1547560.342933589999648
11099200.968626300000000 1547555.266972652500396
11099200.968626300000000 1547555.565558590000352
11099200.968626300000000 1547555.864144527500308
11099200.968626300000000 1547556.162730465000264
11099200.968626300000000 1547556.461316402500220
11099200.968626300000000 1547556.759902340000176
11099200.968626300000000 1547557.058488277500132
11099200.968626300000000 1547557.357074215000088
11099200.968626300000000 1547557.655660152500044
11099200.968626300000000 1547557.954246090000000
11099200.968626300000000 1547558.252832027499956
11099200.968626300000000 1547558.551417964999912
11099200.968626300000000 1547558.850003902499868
11099200.968626300000000 1547559.148589839999824
11099200.968626300000000 1547559.447175777499780
11099200.968626300000000 1547559.745761714999736
11099200.968626300000000 1547560.044347652499692
11099200.968626300000000 1547560.342933589999648
11099201.267207029166537 1547555.266972652500396
11099201.267207029166537 1547555.565558590000352
11099201.267207029166537 1547555.864144527500308
11099201.267207029166537 1547556.162730465000264
11099201.267207029166537 1547556.461316402500220
11099201.267207029166537 1547556.759902340000176
11099201.267207029166537 1547557.058488277500132
11099201.267207029166537 1547557.357074215000088
11099201.267207029166537 1547557.655660152500044
11099201.267207029166537 1547557.954246090000000
11099201.267207029166537 1547558.252832027499956
11099201.267207029166537 1547558.551417964999912
11099201.267207029166537 1547558.850003902499868
11099201.267207029166537 1547559.148589839999824
11099201.267207029166537 1547559.447175777499780
11099201.267207029166537 1547559.745761714999736
11099201.267207029166537 1547560.044347652499692
11099201.267207029166537 1547560.342933589999648
11099201.565787758333074 1547555.266972652500396
11099201.565787758333074 1547555.565558590000352
11099201.565787758333074 1547555.864144527500308
11099201.565787758333074 1547556.162730465000264
11099201.565787758333074 1547556.461316402500220
11099201.565787758333074 1547556.759902340000176
11099201.565787758333074 1547557.058488277500132
11099201.565787758333074 1547557.357074215000088
11099201.565787758333074 1547557.655660152500044
11099201.565787758333074 1547557.954246090000000
11099201.565787758333074 1547558.252832027499956
11099201.565787758333074 1547558.551417964999912
11099201.565787758333074 1547558.850003902499868
11099201.565787758333074 1547559.148589839999824
11099201.565787758333074 1547559.447175777499780
11099201.565787758333074 1547559.745761714999736
11099201.565787758333074 1547560.044347652499692
11099201.565787758333074 1547560.342933589999648
11099201.864368487499611 1547555.266972652500396
11099201.864368487499611 1547555.565558590000352
11099201.864368487499611 1547555.864144527500308
11099201.864368487499611 1547556.162730465000264
11099201.864368487499611 1547556.461316402500220
11099201.864368487499611 1547556.759902340000176
11099201.864368487499611 1547557.058488277500132
11099201.864368487499611 1547557.357074215000088
11099201.864368487499611 1547557.655660152500044
11099201.864368487499611 1547557.954246090000000
11099201.864368487499611 1547558.252832027499956
11099201.864368487499611 1547558.551417964999912
11099201.864368487499611 1547558.850003902499868
11099201.864368487499611 1547559.148589839999824
11099201.864368487499611 1547559.447175777499780
11099201.864368487499611 1547559.745761714999736
11099201.864368487499611 1547560.044347652499692
11099201.864368487499611 1547560.342933589999648
11099202.162949216666148 1547555.266972652500396
11099202.162949216666148 1547555.565558590000352
11099202.162949216666148 1547555.864144527500308
11099202.162949216666148 1547556.162730465000264
11099202.162949216666148 1547556.461316402500220
11099202.162949216666148 1547556.759902340000176
11099202.162949216666148 1547557.058488277500132
11099202.162949216666148 1547557.357074215000088
11099202.162949216666148 1547557.655660152500044
11099202.162949216666148 1547557.954246090000000
11099202.162949216666148 1547558.252832027499956
11099202.162949216666148 1547558.551417964999912
11099202.162949216666148 1547558.850003902499868
11099202.162949216666148 1547559.148589839999824
11099202.162949216666148 1547559.447175777499780
11099202.162949216666148 1547559.745761714999736
11099202.162949216666148 1547560.044347652499692
11099202.162949216666148 1547560.342933589999648
11099202.461529945832685 1547555.266972652500396
11099202.461529945832685 1547555.565558590000352
11099202.461529945832685 1547555.864144527500308
11099202.461529945832685 1547556.162730465000264
11099202.461529945832685 1547556.461316402500220
11099202.461529945832685 1547556.759902340000176
11099202.461529945832685 1547557.058488277500132
11099202.461529945832685 1547557.357074215000088
11099202.461529945832685 1547557.655660152500044
11099202.461529945832685 1547557.954246090000000
11099202.461529945832685 1547558.252832027499956
11099202.461529945832685 1547558.551417964999912
11099202.461529945832685 1547558.850003902499868
11099202.461529945832685 1547559.148589839999824
11099202.461529945832685 1547559.447175777499780
11099202.461529945832685 1547559.745761714999736
11099202.461529945832685 1547560.044347652499692
11099202.461529945832685 1547560.342933589999648
11099202.760110674999222 1547555.266972652500396
11099202.760110674999222 1547555.565558590000352
11099202.760110674999222 1547555.864144527500308
11099202.760110674999222 1547556.162730465000264
11099202.760110674999222 1547556.461316402500220
11099202.760110674999222 1547556.759902340000176
11099202.760110674999222 1547557.058488277500132
11099202.760110674999222 1547557.357074215000088
11099202.760110674999222 1547557.655660152500044
11099202.760110674999222 1547557.954246090000000
11099202.760110674999222 1547558.252832027499956
11099202.760110674999222 1547558.551417964999912
11099202.760110674999222 1547558.850003902499868
11099202.760110674999222 1547559.148589839999824
11099202.760110674999222 1547559.447175777499780
11099202.760110674999222 1547559.745761714999736
11099202.760110674999222 1547560.044347652499692
11099202.760110674999222 1547560.342933589999648
11099203.058691404165759 1547555.266972652500396
11099203.058691404165759 1547555.565558590000352
11099203.058691404165759 1547555.864144527500308
11099203.058691404165759 1547556.162730465000264
11099203.058691404165759 1547556.461316402500220
11099203.058691404165759 1547556.759902340000176
11099203.058691404165759 1547557.058488277500132
11099203.058691404165759 1547557.357074215000088
11099203.058691404165759 1547557.655660152500044
11099203.058691404165759 1547557.954246090000000
11099203.058691404165759 1547558.252832027499956
11099203.058691404165759 1547558.551417964999912
11099203.058691404165759 1547558.850003902499868
11099203.058691404165759 1547559.148589839999824
11099203.058691404165759 1547559.447175777499780
11099203.058691404165759 1547559.745761714999736
11099203.058691404165759 1547560.044347652499692
11099203.058691404165759 1547560.342933589999648
11099203.357272133332296 1547555.266972652500396
11099203.357272133332296 1547555.565558590000352
11099203.357272133332296 1547555.864144527500308
11099203.357272133332296 1547556.162730465000264
11099203.357272133332296 1547556.461316402500220
11099203.357272133332296 1547556.759902340000176
11099203.357272133332296 1547557.058488277500132
11099203.357272133332296 1547557.357074215000088
11099203.357272133332296 1547557.655660152500044
11099203.357272133332296 1547557.954246090000000
11099203.357272133332296 1547558.252832027499956
11099203.357272133332296 1547558.551417964999912
11099203.357272133332296 1547558.850003902499868
11099203.357272133332296 1547559.148589839999824
11099203.357272133332296 1547559.447175777499780
11099203.357272133332296 1547559.745761714999736
11099203.357272133332296 1547560.044347652499692
11099203.357272133332296 1547560.342933589999648
