11098828.339876337501167 1547688.734886722500396
11098828.339876337501167 1547689.033472660000352
11098828.339876337501167 1547689.332058597500308
11098828.339876337501167 1547689.630644535000264
11098828.339876337501167 1547689.929230472500220
11098828.339876337501167 1547690.227816410000176
11098828.339876337501167 1547690.526402347500132
11098828.339876337501167 1547690.824988285000088
11098828.339876337501167 1547691.123574222500044
11098828.339876337501167 1547691.422160160000000
11098828.339876337501167 1547691.720746097499956
11098828.339876337501167 1547692.019332034999912
11098828.339876337501167 1547692.317917972499868
11098828.339876337501167 1547692.616503909999824
11098828.339876337501167 1547692.915089847499780
11098828.339876337501167 1547693.213675784999736
11098828.339876337501167 1547693.512261722499692
11098828.339876337501167 1547693.810847659999648
11098828.638457066667704 1547688.734886722500396
11098828.638457066667704 1547689.033472660000352
11098828.638457066667704 1547689.332058597500308
11098828.638457066667704 1547689.630644535000264
11098828.638457066667704 1547689.929230472500220
11098828.638457066667704 1547690.227816410000176
11098828.638457066667704 1547690.526402347500132
11098828.638457066667704 1547690.824988285000088
11098828.638457066667704 1547691.123574222500044
11098828.638457066667704 1547691.422160160000000
11098828.638457066667704 1547691.720746097499956
11098828.638457066667704 1547692.019332034999912
11098828.638457066667704 1547692.317917972499868
11098828.638457066667704 1547692.616503909999824
11098828.638457066667704 1547692.915089847499780
11098828.638457066667704 1547693.213675784999736
11098828.638457066667704 1547693.512261722499692
11098828.638457066667704 1547693.810847659999648
11098828.937037795834241 1547688.734886722500396
11098828.937037795834241 1547689.033472660000352
11098828.937037795834241 1547689.332058597500308
11098828.937037795834241 1547689.630644535000264
11098828.937037795834241 1547689.929230472500220
11098828.937037795834241 1547690.227816410000176
11098828.937037795834241 1547690.526402347500132
11098828.937037795834241 1547690.824988285000088
11098828.937037795834241 1547691.123574222500044
11098828.937037795834241 1547691.422160160000000
11098828.937037795834241 1547691.720746097499956
11098828.937037795834241 1547692.019332034999912
11098828.937037795834241 1547692.317917972499868
11098828.937037795834241 1547692.616503909999824
11098828.937037795834241 1547692.915089847499780
11098828.937037795834241 1547693.213675784999736
11098828.937037795834241 1547693.512261722499692
11098828.937037795834241 1547693.810847659999648
11098829.235618525000778 1547688.734886722500396
11098829.235618525000778 1547689.033472660000352
11098829.235618525000778 1547689.332058597500308
11098829.235618525000778 1547689.630644535000264
11098829.235618525000778 1547689.929230472500220
11098829.235618525000778 1547690.227816410000176
11098829.235618525000778 1547690.526402347500132
11098829.235618525000778 1547690.824988285000088
11098829.235618525000778 1547691.123574222500044
11098829.235618525000778 1547691.422160160000000
11098829.235618525000778 1547691.720746097499956
11098829.235618525000778 1547692.019332034999912
11098829.235618525000778 1547692.317917972499868
11098829.235618525000778 1547692.616503909999824
11098829.235618525000778 1547692.915089847499780
11098829.235618525000778 1547693.213675784999736
11098829.235618525000778 1547693.512261722499692
11098829.235618525000778 1547693.810847659999648
11098829.534199254167315 1547688.734886722500396
11098829.534199254167315 1547689.033472660000352
11098829.534199254167315 1547689.332058597500308
11098829.534199254167315 1547689.630644535000264
11098829.534199254167315 1547689.929230472500220
11098829.534199254167315 1547690.227816410000176
11098829.534199254167315 1547690.526402347500132
11098829.534199254167315 1547690.824988285000088
11098829.534199254167315 1547691.123574222500044
11098829.534199254167315 1547691.422160160000000
11098829.534199254167315 1547691.720746097499956
11098829.534199254167315 1547692.019332034999912
11098829.534199254167315 1547692.317917972499868
11098829.534199254167315 1547692.616503909999824
11098829.534199254167315 1547692.915089847499780
11098829.534199254167315 1547693.213675784999736
11098829.534199254167315 1547693.512261722499692
11098829.534199254167315 1547693.810847659999648
11098829.832779983333852 1547688.734886722500396
11098829.832779983333852 1547689.033472660000352
11098829.832779983333852 1547689.332058597500308
11098829.832779983333852 1547689.630644535000264
11098829.832779983333852 1547689.929230472500220
11098829.832779983333852 1547690.227816410000176
11098829.832779983333852 1547690.526402347500132
11098829.832779983333852 1547690.824988285000088
11098829.832779983333852 1547691.123574222500044
11098829.832779983333852 1547691.422160160000000
11098829.832779983333852 1547691.720746097499956
11098829.832779983333852 1547692.019332034999912
11098829.832779983333852 1547692.317917972499868
11098829.832779983333852 1547692.616503909999824
11098829.832779983333852 1547692.915089847499780
11098829.832779983333852 1547693.213675784999736
11098829.832779983333852 1547693.512261722499692
11098829.832779983333852 1547693.810847659999648
11098830.131360712500389 1547688.734886722500396
11098830.131360712500389 1547689.033472660000352
11098830.131360712500389 1547689.332058597500308
11098830.131360712500389 1547689.630644535000264
11098830.131360712500389 1547689.929230472500220
11098830.131360712500389 1547690.227816410000176
11098830.131360712500389 1547690.526402347500132
11098830.131360712500389 1547690.824988285000088
11098830.131360712500389 1547691.123574222500044
11098830.131360712500389 1547691.422160160000000
11098830.131360712500389 1547691.720746097499956
11098830.131360712500389 1547692.019332034999912
11098830.131360712500389 1547692.317917972499868
11098830.131360712500389 1547692.616503909999824
11098830.131360712500389 1547692.915089847499780
11098830.131360712500389 1547693.213675784999736
11098830.131360712500389 1547693.512261722499692
11098830.131360712500389 1547693.810847659999648
11098830.429941441666926 1547688.734886722500396
11098830.429941441666926 1547689.033472660000352
11098830.429941441666926 1547689.332058597500308
11098830.429941441666926 1547689.630644535000264
11098830.429941441666926 1547689.929230472500220
11098830.429941441666926 1547690.227816410000176
11098830.429941441666926 1547690.526402347500132
11098830.429941441666926 1547690.824988285000088
11098830.429941441666926 1547691.123574222500044
11098830.429941441666926 1547691.422160160000000
11098830.429941441666926 1547691.720746097499956
11098830.429941441666926 1547692.019332034999912
11098830.429941441666926 1547692.317917972499868
11098830.429941441666926 1547692.616503909999824
11098830.429941441666926 1547692.915089847499780
11098830.429941441666926 1547693.213675784999736
11098830.429941441666926 1547693.512261722499692
11098830.429941441666926 1547693.810847659999648
11098830.728522170833463 1547688.734886722500396
11098830.728522170833463 1547689.033472660000352
11098830.728522170833463 1547689.332058597500308
11098830.728522170833463 1547689.630644535000264
11098830.728522170833463 1547689.929230472500220
11098830.728522170833463 1547690.227816410000176
11098830.728522170833463 1547690.526402347500132
11098830.728522170833463 1547690.824988285000088
11098830.728522170833463 1547691.123574222500044
11098830.728522170833463 1547691.422160160000000
11098830.728522170833463 1547691.720746097499956
11098830.728522170833463 1547692.019332034999912
11098830.728522170833463 1547692.317917972499868
11098830.728522170833463 1547692.616503909999824
11098830.728522170833463 1547692.915089847499780
11098830.728522170833463 1547693.213675784999736
11098830.728522170833463 1547693.512261722499692
11098830.728522170833463 1547693.810847659999648
11098831.027102900000000 1547688.734886722500396
11098831.027102900000000 1547689.033472660000352
11098831.027102900000000 1547689.332058597500308
11098831.027102900000000 1547689.630644535000264
11098831.027102900000000 1547689.929230472500220
11098831.027102900000000 1547690.227816410000176
11098831.027102900000000 1547690.526402347500132
11098831.027102900000000 1547690.824988285000088
11098831.027102900000000 1547691.123574222500044
11098831.027102900000000 1547691.422160160000000
11098831.027102900000000 1547691.720746097499956
11098831.027102900000000 1547692.019332034999912
11098831.027102900000000 1547692.317917972499868
11098831.027102900000000 1547692.616503909999824
11098831.027102900000000 1547692.915089847499780
11098831.027102900000000 1547693.213675784999736
11098831.027102900000000 1547693.512261722499692
11098831.027102900000000 1547693.810847659999648
11098831.325683629166537 1547688.734886722500396
11098831.325683629166537 1547689.033472660000352
11098831.325683629166537 1547689.332058597500308
11098831.325683629166537 1547689.630644535000264
11098831.325683629166537 1547689.929230472500220
11098831.325683629166537 1547690.227816410000176
11098831.325683629166537 1547690.526402347500132
11098831.325683629166537 1547690.824988285000088
11098831.325683629166537 1547691.123574222500044
11098831.325683629166537 1547691.422160160000000
11098831.325683629166537 1547691.720746097499956
11098831.325683629166537 1547692.019332034999912
11098831.325683629166537 1547692.317917972499868
11098831.325683629166537 1547692.616503909999824
11098831.325683629166537 1547692.915089847499780
11098831.325683629166537 1547693.213675784999736
11098831.325683629166537 1547693.512261722499692
11098831.325683629166537 1547693.810847659999648
11098831.624264358333074 1547688.734886722500396
11098831.624264358333074 1547689.033472660000352
11098831.624264358333074 1547689.332058597500308
11098831.624264358333074 1547689.630644535000264
11098831.624264358333074 1547689.929230472500220
11098831.624264358333074 1547690.227816410000176
11098831.624264358333074 1547690.526402347500132
11098831.624264358333074 1547690.824988285000088
11098831.624264358333074 1547691.123574222500044
11098831.624264358333074 1547691.422160160000000
11098831.624264358333074 1547691.720746097499956
11098831.624264358333074 1547692.019332034999912
11098831.624264358333074 1547692.317917972499868
11098831.624264358333074 1547692.616503909999824
11098831.624264358333074 1547692.915089847499780
11098831.624264358333074 1547693.213675784999736
11098831.624264358333074 1547693.512261722499692
11098831.624264358333074 1547693.810847659999648
11098831.922845087499611 1547688.734886722500396
11098831.922845087499611 1547689.033472660000352
11098831.922845087499611 1547689.332058597500308
11098831.922845087499611 1547689.630644535000264
11098831.922845087499611 1547689.929230472500220
11098831.922845087499611 1547690.227816410000176
11098831.922845087499611 1547690.526402347500132
11098831.922845087499611 1547690.824988285000088
11098831.922845087499611 1547691.123574222500044
11098831.922845087499611 1547691.422160160000000
11098831.922845087499611 1547691.720746097499956
11098831.922845087499611 1547692.019332034999912
11098831.922845087499611 1547692.317917972499868
11098831.922845087499611 1547692.616503909999824
11098831.922845087499611 1547692.915089847499780
11098831.922845087499611 1547693.213675784999736
11098831.922845087499611 1547693.512261722499692
11098831.922845087499611 1547693.810847659999648
11098832.221425816666148 1547688.734886722500396
11098832.221425816666148 1547689.033472660000352
11098832.221425816666148 1547689.332058597500308
11098832.221425816666148 1547689.630644535000264
11098832.221425816666148 1547689.929230472500220
11098832.221425816666148 1547690.227816410000176
11098832.221425816666148 1547690.526402347500132
11098832.221425816666148 1547690.824988285000088
11098832.221425816666148 1547691.123574222500044
11098832.221425816666148 1547691.422160160000000
11098832.221425816666148 1547691.720746097499956
11098832.221425816666148 1547692.019332034999912
11098832.221425816666148 1547692.317917972499868
11098832.221425816666148 1547692.616503909999824
11098832.221425816666148 1547692.915089847499780
11098832.221425816666148 1547693.213675784999736
11098832.221425816666148 1547693.512261722499692
11098832.221425816666148 1547693.810847659999648
11098832.520006545832685 1547688.734886722500396
11098832.520006545832685 1547689.033472660000352
11098832.520006545832685 1547689.332058597500308
11098832.520006545832685 1547689.630644535000264
11098832.520006545832685 1547689.929230472500220
11098832.520006545832685 1547690.227816410000176
11098832.520006545832685 1547690.526402347500132
11098832.520006545832685 1547690.824988285000088
11098832.520006545832685 1547691.123574222500044
11098832.520006545832685 1547691.422160160000000
11098832.520006545832685 1547691.720746097499956
11098832.520006545832685 1547692.019332034999912
11098832.520006545832685 1547692.317917972499868
11098832.520006545832685 1547692.616503909999824
11098832.520006545832685 1547692.915089847499780
11098832.520006545832685 1547693.213675784999736
11098832.520006545832685 1547693.512261722499692
11098832.520006545832685 1547693.810847659999648
11098832.818587274999222 1547688.734886722500396
11098832.818587274999222 1547689.033472660000352
11098832.818587274999222 1547689.332058597500308
11098832.818587274999222 1547689.630644535000264
11098832.818587274999222 1547689.929230472500220
11098832.818587274999222 1547690.227816410000176
11098832.818587274999222 1547690.526402347500132
11098832.818587274999222 1547690.824988285000088
11098832.818587274999222 1547691.123574222500044
11098832.818587274999222 1547691.422160160000000
11098832.818587274999222 1547691.720746097499956
11098832.818587274999222 1547692.019332034999912
11098832.818587274999222 1547692.317917972499868
11098832.818587274999222 1547692.616503909999824
11098832.818587274999222 1547692.915089847499780
11098832.818587274999222 1547693.213675784999736
11098832.818587274999222 1547693.512261722499692
11098832.818587274999222 1547693.810847659999648
11098833.117168004165759 1547688.734886722500396
11098833.117168004165759 1547689.033472660000352
11098833.117168004165759 1547689.332058597500308
11098833.117168004165759 1547689.630644535000264
11098833.117168004165759 1547689.929230472500220
11098833.117168004165759 1547690.227816410000176
11098833.117168004165759 1547690.526402347500132
11098833.117168004165759 1547690.824988285000088
11098833.117168004165759 1547691.123574222500044
11098833.117168004165759 1547691.422160160000000
11098833.117168004165759 1547691.720746097499956
11098833.117168004165759 1547692.019332034999912
11098833.117168004165759 1547692.317917972499868
11098833.117168004165759 1547692.616503909999824
11098833.117168004165759 1547692.915089847499780
11098833.117168004165759 1547693.213675784999736
11098833.117168004165759 1547693.512261722499692
11098833.117168004165759 1547693.810847659999648
11098833.415748733332296 1547688.734886722500396
11098833.415748733332296 1547689.033472660000352
11098833.415748733332296 1547689.332058597500308
11098833.415748733332296 1547689.630644535000264
11098833.415748733332296 1547689.929230472500220
11098833.415748733332296 1547690.227816410000176
11098833.415748733332296 1547690.526402347500132
11098833.415748733332296 1547690.824988285000088
11098833.415748733332296 1547691.123574222500044
11098833.415748733332296 1547691.422160160000000
11098833.415748733332296 1547691.720746097499956
11098833.415748733332296 1547692.019332034999912
11098833.415748733332296 1547692.317917972499868
11098833.415748733332296 1547692.616503909999824
11098833.415748733332296 1547692.915089847499780
11098833.415748733332296 1547693.213675784999736
11098833.415748733332296 1547693.512261722499692
11098833.415748733332296 1547693.810847659999648
