11099124.233378937501167 1547827.278761722500396
11099124.233378937501167 1547827.577347660000352
11099124.233378937501167 1547827.875933597500308
11099124.233378937501167 1547828.174519535000264
11099124.233378937501167 1547828.473105472500220
11099124.233378937501167 1547828.771691410000176
11099124.233378937501167 1547829.070277347500132
11099124.233378937501167 1547829.368863285000088
11099124.233378937501167 1547829.667449222500044
11099124.233378937501167 1547829.966035160000000
11099124.233378937501167 1547830.264621097499956
11099124.233378937501167 1547830.563207034999912
11099124.233378937501167 1547830.861792972499868
11099124.233378937501167 1547831.160378909999824
11099124.233378937501167 1547831.458964847499780
11099124.233378937501167 1547831.757550784999736
11099124.233378937501167 1547832.056136722499692
11099124.233378937501167 1547832.354722659999648
11099124.531959666667704 1547827.278761722500396
11099124.531959666667704 1547827.577347660000352
11099124.531959666667704 1547827.875933597500308
11099124.531959666667704 1547828.174519535000264
11099124.531959666667704 1547828.473105472500220
11099124.531959666667704 1547828.771691410000176
11099124.531959666667704 1547829.070277347500132
11099124.531959666667704 1547829.368863285000088
11099124.531959666667704 1547829.667449222500044
11099124.531959666667704 1547829.966035160000000
11099124.531959666667704 1547830.264621097499956
11099124.531959666667704 1547830.563207034999912
11099124.531959666667704 1547830.861792972499868
11099124.531959666667704 1547831.160378909999824
11099124.531959666667704 1547831.458964847499780
11099124.531959666667704 1547831.757550784999736
11099124.531959666667704 1547832.056136722499692
11099124.531959666667704 1547832.354722659999648
11099124.830540395834241 1547827.278761722500396
11099124.830540395834241 1547827.577347660000352
11099124.830540395834241 1547827.875933597500308
11099124.830540395834241 1547828.174519535000264
11099124.830540395834241 1547828.473105472500220
11099124.830540395834241 1547828.771691410000176
11099124.830540395834241 1547829.070277347500132
11099124.830540395834241 1547829.368863285000088
11099124.830540395834241 1547829.667449222500044
11099124.830540395834241 1547829.966035160000000
11099124.830540395834241 1547830.264621097499956
11099124.830540395834241 1547830.563207034999912
11099124.830540395834241 1547830.861792972499868
11099124.830540395834241 1547831.160378909999824
11099124.830540395834241 1547831.458964847499780
11099124.830540395834241 1547831.757550784999736
11099124.830540395834241 1547832.056136722499692
11099124.830540395834241 1547832.354722659999648
11099125.129121125000778 1547827.278761722500396
11099125.129121125000778 1547827.577347660000352
11099125.129121125000778 1547827.875933597500308
11099125.129121125000778 1547828.174519535000264
11099125.129121125000778 1547828.473105472500220
11099125.129121125000778 1547828.771691410000176
11099125.129121125000778 1547829.070277347500132
11099125.129121125000778 1547829.368863285000088
11099125.129121125000778 1547829.667449222500044
11099125.129121125000778 1547829.966035160000000
11099125.129121125000778 1547830.264621097499956
11099125.129121125000778 1547830.563207034999912
11099125.129121125000778 1547830.861792972499868
11099125.129121125000778 1547831.160378909999824
11099125.129121125000778 1547831.458964847499780
11099125.129121125000778 1547831.757550784999736
11099125.129121125000778 1547832.056136722499692
11099125.129121125000778 1547832.354722659999648
11099125.427701854167315 1547827.278761722500396
11099125.427701854167315 1547827.577347660000352
11099125.427701854167315 1547827.875933597500308
11099125.427701854167315 1547828.174519535000264
11099125.427701854167315 1547828.473105472500220
11099125.427701854167315 1547828.771691410000176
11099125.427701854167315 1547829.070277347500132
11099125.427701854167315 1547829.368863285000088
11099125.427701854167315 1547829.667449222500044
11099125.427701854167315 1547829.966035160000000
11099125.427701854167315 1547830.264621097499956
11099125.427701854167315 1547830.563207034999912
11099125.427701854167315 1547830.861792972499868
11099125.427701854167315 1547831.160378909999824
11099125.427701854167315 1547831.458964847499780
11099125.427701854167315 1547831.757550784999736
11099125.427701854167315 1547832.056136722499692
11099125.427701854167315 1547832.354722659999648
11099125.726282583333852 1547827.278761722500396
11099125.726282583333852 1547827.577347660000352
11099125.726282583333852 1547827.875933597500308
11099125.726282583333852 1547828.174519535000264
11099125.726282583333852 1547828.473105472500220
11099125.726282583333852 1547828.771691410000176
11099125.726282583333852 1547829.070277347500132
11099125.726282583333852 1547829.368863285000088
11099125.726282583333852 1547829.667449222500044
11099125.726282583333852 1547829.966035160000000
11099125.726282583333852 1547830.264621097499956
11099125.726282583333852 1547830.563207034999912
11099125.726282583333852 1547830.861792972499868
11099125.726282583333852 1547831.160378909999824
11099125.726282583333852 1547831.458964847499780
11099125.726282583333852 1547831.757550784999736
11099125.726282583333852 1547832.056136722499692
11099125.726282583333852 1547832.354722659999648
11099126.024863312500389 1547827.278761722500396
11099126.024863312500389 1547827.577347660000352
11099126.024863312500389 1547827.875933597500308
11099126.024863312500389 1547828.174519535000264
11099126.024863312500389 1547828.473105472500220
11099126.024863312500389 1547828.771691410000176
11099126.024863312500389 1547829.070277347500132
11099126.024863312500389 1547829.368863285000088
11099126.024863312500389 1547829.667449222500044
11099126.024863312500389 1547829.966035160000000
11099126.024863312500389 1547830.264621097499956
11099126.024863312500389 1547830.563207034999912
11099126.024863312500389 1547830.861792972499868
11099126.024863312500389 1547831.160378909999824
11099126.024863312500389 1547831.458964847499780
11099126.024863312500389 1547831.757550784999736
11099126.024863312500389 1547832.056136722499692
11099126.024863312500389 1547832.354722659999648
11099126.323444041666926 1547827.278761722500396
11099126.323444041666926 1547827.577347660000352
11099126.323444041666926 1547827.875933597500308
11099126.323444041666926 1547828.174519535000264
11099126.323444041666926 1547828.473105472500220
11099126.323444041666926 1547828.771691410000176
11099126.323444041666926 1547829.070277347500132
11099126.323444041666926 1547829.368863285000088
11099126.323444041666926 1547829.667449222500044
11099126.323444041666926 1547829.966035160000000
11099126.323444041666926 1547830.264621097499956
11099126.323444041666926 1547830.563207034999912
11099126.323444041666926 1547830.861792972499868
11099126.323444041666926 1547831.160378909999824
11099126.323444041666926 1547831.458964847499780
11099126.323444041666926 1547831.757550784999736
11099126.323444041666926 1547832.056136722499692
11099126.323444041666926 1547832.354722659999648
11099126.622024770833463 1547827.278761722500396
11099126.622024770833463 1547827.577347660000352
11099126.622024770833463 1547827.875933597500308
11099126.622024770833463 1547828.174519535000264
11099126.622024770833463 1547828.473105472500220
11099126.622024770833463 1547828.771691410000176
11099126.622024770833463 1547829.070277347500132
11099126.622024770833463 1547829.368863285000088
11099126.622024770833463 1547829.667449222500044
11099126.622024770833463 1547829.966035160000000
11099126.622024770833463 1547830.264621097499956
11099126.622024770833463 1547830.563207034999912
11099126.622024770833463 1547830.861792972499868
11099126.622024770833463 1547831.160378909999824
11099126.622024770833463 1547831.458964847499780
11099126.622024770833463 1547831.757550784999736
11099126.622024770833463 1547832.056136722499692
11099126.622024770833463 1547832.354722659999648
11099126.920605500000000 1547827.278761722500396
11099126.920605500000000 1547827.577347660000352
11099126.920605500000000 1547827.875933597500308
11099126.920605500000000 1547828.174519535000264
11099126.920605500000000 1547828.473105472500220
11099126.920605500000000 1547828.771691410000176
11099126.920605500000000 1547829.070277347500132
11099126.920605500000000 1547829.368863285000088
11099126.920605500000000 1547829.667449222500044
11099126.920605500000000 1547829.966035160000000
11099126.920605500000000 1547830.264621097499956
11099126.920605500000000 1547830.563207034999912
11099126.920605500000000 1547830.861792972499868
11099126.920605500000000 1547831.160378909999824
11099126.920605500000000 1547831.458964847499780
11099126.920605500000000 1547831.757550784999736
11099126.920605500000000 1547832.056136722499692
11099126.920605500000000 1547832.354722659999648
11099127.219186229166537 1547827.278761722500396
11099127.219186229166537 1547827.577347660000352
11099127.219186229166537 1547827.875933597500308
11099127.219186229166537 1547828.174519535000264
11099127.219186229166537 1547828.473105472500220
11099127.219186229166537 1547828.771691410000176
11099127.219186229166537 1547829.070277347500132
11099127.219186229166537 1547829.368863285000088
11099127.219186229166537 1547829.667449222500044
11099127.219186229166537 1547829.966035160000000
11099127.219186229166537 1547830.264621097499956
11099127.219186229166537 1547830.563207034999912
11099127.219186229166537 1547830.861792972499868
11099127.219186229166537 1547831.160378909999824
11099127.219186229166537 1547831.458964847499780
11099127.219186229166537 1547831.757550784999736
11099127.219186229166537 1547832.056136722499692
11099127.219186229166537 1547832.354722659999648
11099127.517766958333074 1547827.278761722500396
11099127.517766958333074 1547827.577347660000352
11099127.517766958333074 1547827.875933597500308
11099127.517766958333074 1547828.174519535000264
11099127.517766958333074 1547828.473105472500220
11099127.517766958333074 1547828.771691410000176
11099127.517766958333074 1547829.070277347500132
11099127.517766958333074 1547829.368863285000088
11099127.517766958333074 1547829.667449222500044
11099127.517766958333074 1547829.966035160000000
11099127.517766958333074 1547830.264621097499956
11099127.517766958333074 1547830.563207034999912
11099127.517766958333074 1547830.861792972499868
11099127.517766958333074 1547831.160378909999824
11099127.517766958333074 1547831.458964847499780
11099127.517766958333074 1547831.757550784999736
11099127.517766958333074 1547832.056136722499692
11099127.517766958333074 1547832.354722659999648
11099127.816347687499611 1547827.278761722500396
11099127.816347687499611 1547827.577347660000352
11099127.816347687499611 1547827.875933597500308
11099127.816347687499611 1547828.174519535000264
11099127.816347687499611 1547828.473105472500220
11099127.816347687499611 1547828.771691410000176
11099127.816347687499611 1547829.070277347500132
11099127.816347687499611 1547829.368863285000088
11099127.816347687499611 1547829.667449222500044
11099127.816347687499611 1547829.966035160000000
11099127.816347687499611 1547830.264621097499956
11099127.816347687499611 1547830.563207034999912
11099127.816347687499611 1547830.861792972499868
11099127.816347687499611 1547831.160378909999824
11099127.816347687499611 1547831.458964847499780
11099127.816347687499611 1547831.757550784999736
11099127.816347687499611 1547832.056136722499692
11099127.816347687499611 1547832.354722659999648
11099128.114928416666148 1547827.278761722500396
11099128.114928416666148 1547827.577347660000352
11099128.114928416666148 1547827.875933597500308
11099128.114928416666148 1547828.174519535000264
11099128.114928416666148 1547828.473105472500220
11099128.114928416666148 1547828.771691410000176
11099128.114928416666148 1547829.070277347500132
11099128.114928416666148 1547829.368863285000088
11099128.114928416666148 1547829.667449222500044
11099128.114928416666148 1547829.966035160000000
11099128.114928416666148 1547830.264621097499956
11099128.114928416666148 1547830.563207034999912
11099128.114928416666148 1547830.861792972499868
11099128.114928416666148 1547831.160378909999824
11099128.114928416666148 1547831.458964847499780
11099128.114928416666148 1547831.757550784999736
11099128.114928416666148 1547832.056136722499692
11099128.114928416666148 1547832.354722659999648
11099128.413509145832685 1547827.278761722500396
11099128.413509145832685 1547827.577347660000352
11099128.413509145832685 1547827.875933597500308
11099128.413509145832685 1547828.174519535000264
11099128.413509145832685 1547828.473105472500220
11099128.413509145832685 1547828.771691410000176
11099128.413509145832685 1547829.070277347500132
11099128.413509145832685 1547829.368863285000088
11099128.413509145832685 1547829.667449222500044
11099128.413509145832685 1547829.966035160000000
11099128.413509145832685 1547830.264621097499956
11099128.413509145832685 1547830.563207034999912
11099128.413509145832685 1547830.861792972499868
11099128.413509145832685 1547831.160378909999824
11099128.413509145832685 1547831.458964847499780
11099128.413509145832685 1547831.757550784999736
11099128.413509145832685 1547832.056136722499692
11099128.413509145832685 1547832.354722659999648
11099128.712089874999222 1547827.278761722500396
11099128.712089874999222 1547827.577347660000352
11099128.712089874999222 1547827.875933597500308
11099128.712089874999222 1547828.174519535000264
11099128.712089874999222 1547828.473105472500220
11099128.712089874999222 1547828.771691410000176
11099128.712089874999222 1547829.070277347500132
11099128.712089874999222 1547829.368863285000088
11099128.712089874999222 1547829.667449222500044
11099128.712089874999222 1547829.966035160000000
11099128.712089874999222 1547830.264621097499956
11099128.712089874999222 1547830.563207034999912
11099128.712089874999222 1547830.861792972499868
11099128.712089874999222 1547831.160378909999824
11099128.712089874999222 1547831.458964847499780
11099128.712089874999222 1547831.757550784999736
11099128.712089874999222 1547832.056136722499692
11099128.712089874999222 1547832.354722659999648
11099129.010670604165759 1547827.278761722500396
11099129.010670604165759 1547827.577347660000352
11099129.010670604165759 1547827.875933597500308
11099129.010670604165759 1547828.174519535000264
11099129.010670604165759 1547828.473105472500220
11099129.010670604165759 1547828.771691410000176
11099129.010670604165759 1547829.070277347500132
11099129.010670604165759 1547829.368863285000088
11099129.010670604165759 1547829.667449222500044
11099129.010670604165759 1547829.966035160000000
11099129.010670604165759 1547830.264621097499956
11099129.010670604165759 1547830.563207034999912
11099129.010670604165759 1547830.861792972499868
11099129.010670604165759 1547831.160378909999824
11099129.010670604165759 1547831.458964847499780
11099129.010670604165759 1547831.757550784999736
11099129.010670604165759 1547832.056136722499692
11099129.010670604165759 1547832.354722659999648
11099129.309251333332296 1547827.278761722500396
11099129.309251333332296 1547827.577347660000352
11099129.309251333332296 1547827.875933597500308
11099129.309251333332296 1547828.174519535000264
11099129.309251333332296 1547828.473105472500220
11099129.309251333332296 1547828.771691410000176
11099129.309251333332296 1547829.070277347500132
11099129.309251333332296 1547829.368863285000088
11099129.309251333332296 1547829.667449222500044
11099129.309251333332296 1547829.966035160000000
11099129.309251333332296 1547830.264621097499956
11099129.309251333332296 1547830.563207034999912
11099129.309251333332296 1547830.861792972499868
11099129.309251333332296 1547831.160378909999824
11099129.309251333332296 1547831.458964847499780
11099129.309251333332296 1547831.757550784999736
11099129.309251333332296 1547832.056136722499692
11099129.309251333332296 1547832.354722659999648
