11098982.706113237501167 1547826.383003902500396
11098982.706113237501167 1547826.681589840000352
11098982.706113237501167 1547826.980175777500308
11098982.706113237501167 1547827.278761715000264
11098982.706113237501167 1547827.577347652500220
11098982.706113237501167 1547827.875933590000176
11098982.706113237501167 1547828.174519527500132
11098982.706113237501167 1547828.473105465000088
11098982.706113237501167 1547828.771691402500044
11098982.706113237501167 1547829.070277340000000
11098982.706113237501167 1547829.368863277499956
11098982.706113237501167 1547829.667449214999912
11098982.706113237501167 1547829.966035152499868
11098982.706113237501167 1547830.264621089999824
11098982.706113237501167 1547830.563207027499780
11098982.706113237501167 1547830.861792964999736
11098982.706113237501167 1547831.160378902499692
11098982.706113237501167 1547831.458964839999648
11098983.004693966667704 1547826.383003902500396
11098983.004693966667704 1547826.681589840000352
11098983.004693966667704 1547826.980175777500308
11098983.004693966667704 1547827.278761715000264
11098983.004693966667704 1547827.577347652500220
11098983.004693966667704 1547827.875933590000176
11098983.004693966667704 1547828.174519527500132
11098983.004693966667704 1547828.473105465000088
11098983.004693966667704 1547828.771691402500044
11098983.004693966667704 1547829.070277340000000
11098983.004693966667704 1547829.368863277499956
11098983.004693966667704 1547829.667449214999912
11098983.004693966667704 1547829.966035152499868
11098983.004693966667704 1547830.264621089999824
11098983.004693966667704 1547830.563207027499780
11098983.004693966667704 1547830.861792964999736
11098983.004693966667704 1547831.160378902499692
11098983.004693966667704 1547831.458964839999648
11098983.303274695834241 1547826.383003902500396
11098983.303274695834241 1547826.681589840000352
11098983.303274695834241 1547826.980175777500308
11098983.303274695834241 1547827.278761715000264
11098983.303274695834241 1547827.577347652500220
11098983.303274695834241 1547827.875933590000176
11098983.303274695834241 1547828.174519527500132
11098983.303274695834241 1547828.473105465000088
11098983.303274695834241 1547828.771691402500044
11098983.303274695834241 1547829.070277340000000
11098983.303274695834241 1547829.368863277499956
11098983.303274695834241 1547829.667449214999912
11098983.303274695834241 1547829.966035152499868
11098983.303274695834241 1547830.264621089999824
11098983.303274695834241 1547830.563207027499780
11098983.303274695834241 1547830.861792964999736
11098983.303274695834241 1547831.160378902499692
11098983.303274695834241 1547831.458964839999648
11098983.601855425000778 1547826.383003902500396
11098983.601855425000778 1547826.681589840000352
11098983.601855425000778 1547826.980175777500308
11098983.601855425000778 1547827.278761715000264
11098983.601855425000778 1547827.577347652500220
11098983.601855425000778 1547827.875933590000176
11098983.601855425000778 1547828.174519527500132
11098983.601855425000778 1547828.473105465000088
11098983.601855425000778 1547828.771691402500044
11098983.601855425000778 1547829.070277340000000
11098983.601855425000778 1547829.368863277499956
11098983.601855425000778 1547829.667449214999912
11098983.601855425000778 1547829.966035152499868
11098983.601855425000778 1547830.264621089999824
11098983.601855425000778 1547830.563207027499780
11098983.601855425000778 1547830.861792964999736
11098983.601855425000778 1547831.160378902499692
11098983.601855425000778 1547831.458964839999648
11098983.900436154167315 1547826.383003902500396
11098983.900436154167315 1547826.681589840000352
11098983.900436154167315 1547826.980175777500308
11098983.900436154167315 1547827.278761715000264
11098983.900436154167315 1547827.577347652500220
11098983.900436154167315 1547827.875933590000176
11098983.900436154167315 1547828.174519527500132
11098983.900436154167315 1547828.473105465000088
11098983.900436154167315 1547828.771691402500044
11098983.900436154167315 1547829.070277340000000
11098983.900436154167315 1547829.368863277499956
11098983.900436154167315 1547829.667449214999912
11098983.900436154167315 1547829.966035152499868
11098983.900436154167315 1547830.264621089999824
11098983.900436154167315 1547830.563207027499780
11098983.900436154167315 1547830.861792964999736
11098983.900436154167315 1547831.160378902499692
11098983.900436154167315 1547831.458964839999648
11098984.199016883333852 1547826.383003902500396
11098984.199016883333852 1547826.681589840000352
11098984.199016883333852 1547826.980175777500308
11098984.199016883333852 1547827.278761715000264
11098984.199016883333852 1547827.577347652500220
11098984.199016883333852 1547827.875933590000176
11098984.199016883333852 1547828.174519527500132
11098984.199016883333852 1547828.473105465000088
11098984.199016883333852 1547828.771691402500044
11098984.199016883333852 1547829.070277340000000
11098984.199016883333852 1547829.368863277499956
11098984.199016883333852 1547829.667449214999912
11098984.199016883333852 1547829.966035152499868
11098984.199016883333852 1547830.264621089999824
11098984.199016883333852 1547830.563207027499780
11098984.199016883333852 1547830.861792964999736
11098984.199016883333852 1547831.160378902499692
11098984.199016883333852 1547831.458964839999648
11098984.497597612500389 1547826.383003902500396
11098984.497597612500389 1547826.681589840000352
11098984.497597612500389 1547826.980175777500308
11098984.497597612500389 1547827.278761715000264
11098984.497597612500389 1547827.577347652500220
11098984.497597612500389 1547827.875933590000176
11098984.497597612500389 1547828.174519527500132
11098984.497597612500389 1547828.473105465000088
11098984.497597612500389 1547828.771691402500044
11098984.497597612500389 1547829.070277340000000
11098984.497597612500389 1547829.368863277499956
11098984.497597612500389 1547829.667449214999912
11098984.497597612500389 1547829.966035152499868
11098984.497597612500389 1547830.264621089999824
11098984.497597612500389 1547830.563207027499780
11098984.497597612500389 1547830.861792964999736
11098984.497597612500389 1547831.160378902499692
11098984.497597612500389 1547831.458964839999648
11098984.796178341666926 1547826.383003902500396
11098984.796178341666926 1547826.681589840000352
11098984.796178341666926 1547826.980175777500308
11098984.796178341666926 1547827.278761715000264
11098984.796178341666926 1547827.577347652500220
11098984.796178341666926 1547827.875933590000176
11098984.796178341666926 1547828.174519527500132
11098984.796178341666926 1547828.473105465000088
11098984.796178341666926 1547828.771691402500044
11098984.796178341666926 1547829.070277340000000
11098984.796178341666926 1547829.368863277499956
11098984.796178341666926 1547829.667449214999912
11098984.796178341666926 1547829.966035152499868
11098984.796178341666926 1547830.264621089999824
11098984.796178341666926 1547830.563207027499780
11098984.796178341666926 1547830.861792964999736
11098984.796178341666926 1547831.160378902499692
11098984.796178341666926 1547831.458964839999648
11098985.094759070833463 1547826.383003902500396
11098985.094759070833463 1547826.681589840000352
11098985.094759070833463 1547826.980175777500308
11098985.094759070833463 1547827.278761715000264
11098985.094759070833463 1547827.577347652500220
11098985.094759070833463 1547827.875933590000176
11098985.094759070833463 1547828.174519527500132
11098985.094759070833463 1547828.473105465000088
11098985.094759070833463 1547828.771691402500044
11098985.094759070833463 1547829.070277340000000
11098985.094759070833463 1547829.368863277499956
11098985.094759070833463 1547829.667449214999912
11098985.094759070833463 1547829.966035152499868
11098985.094759070833463 1547830.264621089999824
11098985.094759070833463 1547830.563207027499780
11098985.094759070833463 1547830.861792964999736
11098985.094759070833463 1547831.160378902499692
11098985.094759070833463 1547831.458964839999648
11098985.393339800000000 1547826.383003902500396
11098985.393339800000000 1547826.681589840000352
11098985.393339800000000 1547826.980175777500308
11098985.393339800000000 1547827.278761715000264
11098985.393339800000000 1547827.577347652500220
11098985.393339800000000 1547827.875933590000176
11098985.393339800000000 1547828.174519527500132
11098985.393339800000000 1547828.473105465000088
11098985.393339800000000 1547828.771691402500044
11098985.393339800000000 1547829.070277340000000
11098985.393339800000000 1547829.368863277499956
11098985.393339800000000 1547829.667449214999912
11098985.393339800000000 1547829.966035152499868
11098985.393339800000000 1547830.264621089999824
11098985.393339800000000 1547830.563207027499780
11098985.393339800000000 1547830.861792964999736
11098985.393339800000000 1547831.160378902499692
11098985.393339800000000 1547831.458964839999648
11098985.691920529166537 1547826.383003902500396
11098985.691920529166537 1547826.681589840000352
11098985.691920529166537 1547826.980175777500308
11098985.691920529166537 1547827.278761715000264
11098985.691920529166537 1547827.577347652500220
11098985.691920529166537 1547827.875933590000176
11098985.691920529166537 1547828.174519527500132
11098985.691920529166537 1547828.473105465000088
11098985.691920529166537 1547828.771691402500044
11098985.691920529166537 1547829.070277340000000
11098985.691920529166537 1547829.368863277499956
11098985.691920529166537 1547829.667449214999912
11098985.691920529166537 1547829.966035152499868
11098985.691920529166537 1547830.264621089999824
11098985.691920529166537 1547830.563207027499780
11098985.691920529166537 1547830.861792964999736
11098985.691920529166537 1547831.160378902499692
11098985.691920529166537 1547831.458964839999648
11098985.990501258333074 1547826.383003902500396
11098985.990501258333074 1547826.681589840000352
11098985.990501258333074 1547826.980175777500308
11098985.990501258333074 1547827.278761715000264
11098985.990501258333074 1547827.577347652500220
11098985.990501258333074 1547827.875933590000176
11098985.990501258333074 1547828.174519527500132
11098985.990501258333074 1547828.473105465000088
11098985.990501258333074 1547828.771691402500044
11098985.990501258333074 1547829.070277340000000
11098985.990501258333074 1547829.368863277499956
11098985.990501258333074 1547829.667449214999912
11098985.990501258333074 1547829.966035152499868
11098985.990501258333074 1547830.264621089999824
11098985.990501258333074 1547830.563207027499780
11098985.990501258333074 1547830.861792964999736
11098985.990501258333074 1547831.160378902499692
11098985.990501258333074 1547831.458964839999648
11098986.289081987499611 1547826.383003902500396
11098986.289081987499611 1547826.681589840000352
11098986.289081987499611 1547826.980175777500308
11098986.289081987499611 1547827.278761715000264
11098986.289081987499611 1547827.577347652500220
11098986.289081987499611 1547827.875933590000176
11098986.289081987499611 1547828.174519527500132
11098986.289081987499611 1547828.473105465000088
11098986.289081987499611 1547828.771691402500044
11098986.289081987499611 1547829.070277340000000
11098986.289081987499611 1547829.368863277499956
11098986.289081987499611 1547829.667449214999912
11098986.289081987499611 1547829.966035152499868
11098986.289081987499611 1547830.264621089999824
11098986.289081987499611 1547830.563207027499780
11098986.289081987499611 1547830.861792964999736
11098986.289081987499611 1547831.160378902499692
11098986.289081987499611 1547831.458964839999648
11098986.587662716666148 1547826.383003902500396
11098986.587662716666148 1547826.681589840000352
11098986.587662716666148 1547826.980175777500308
11098986.587662716666148 1547827.278761715000264
11098986.587662716666148 1547827.577347652500220
11098986.587662716666148 1547827.875933590000176
11098986.587662716666148 1547828.174519527500132
11098986.587662716666148 1547828.473105465000088
11098986.587662716666148 1547828.771691402500044
11098986.587662716666148 1547829.070277340000000
11098986.587662716666148 1547829.368863277499956
11098986.587662716666148 1547829.667449214999912
11098986.587662716666148 1547829.966035152499868
11098986.587662716666148 1547830.264621089999824
11098986.587662716666148 1547830.563207027499780
11098986.587662716666148 1547830.861792964999736
11098986.587662716666148 1547831.160378902499692
11098986.587662716666148 1547831.458964839999648
11098986.886243445832685 1547826.383003902500396
11098986.886243445832685 1547826.681589840000352
11098986.886243445832685 1547826.980175777500308
11098986.886243445832685 1547827.278761715000264
11098986.886243445832685 1547827.577347652500220
11098986.886243445832685 1547827.875933590000176
11098986.886243445832685 1547828.174519527500132
11098986.886243445832685 1547828.473105465000088
11098986.886243445832685 1547828.771691402500044
11098986.886243445832685 1547829.070277340000000
11098986.886243445832685 1547829.368863277499956
11098986.886243445832685 1547829.667449214999912
11098986.886243445832685 1547829.966035152499868
11098986.886243445832685 1547830.264621089999824
11098986.886243445832685 1547830.563207027499780
11098986.886243445832685 1547830.861792964999736
11098986.886243445832685 1547831.160378902499692
11098986.886243445832685 1547831.458964839999648
11098987.184824174999222 1547826.383003902500396
11098987.184824174999222 1547826.681589840000352
11098987.184824174999222 1547826.980175777500308
11098987.184824174999222 1547827.278761715000264
11098987.184824174999222 1547827.577347652500220
11098987.184824174999222 1547827.875933590000176
11098987.184824174999222 1547828.174519527500132
11098987.184824174999222 1547828.473105465000088
11098987.184824174999222 1547828.771691402500044
11098987.184824174999222 1547829.070277340000000
11098987.184824174999222 1547829.368863277499956
11098987.184824174999222 1547829.667449214999912
11098987.184824174999222 1547829.966035152499868
11098987.184824174999222 1547830.264621089999824
11098987.184824174999222 1547830.563207027499780
11098987.184824174999222 1547830.861792964999736
11098987.184824174999222 1547831.160378902499692
11098987.184824174999222 1547831.458964839999648
11098987.483404904165759 1547826.383003902500396
11098987.483404904165759 1547826.681589840000352
11098987.483404904165759 1547826.980175777500308
11098987.483404904165759 1547827.278761715000264
11098987.483404904165759 1547827.577347652500220
11098987.483404904165759 1547827.875933590000176
11098987.483404904165759 1547828.174519527500132
11098987.483404904165759 1547828.473105465000088
11098987.483404904165759 1547828.771691402500044
11098987.483404904165759 1547829.070277340000000
11098987.483404904165759 1547829.368863277499956
11098987.483404904165759 1547829.667449214999912
11098987.483404904165759 1547829.966035152499868
11098987.483404904165759 1547830.264621089999824
11098987.483404904165759 1547830.563207027499780
11098987.483404904165759 1547830.861792964999736
11098987.483404904165759 1547831.160378902499692
11098987.483404904165759 1547831.458964839999648
11098987.781985633332296 1547826.383003902500396
11098987.781985633332296 1547826.681589840000352
11098987.781985633332296 1547826.980175777500308
11098987.781985633332296 1547827.278761715000264
11098987.781985633332296 1547827.577347652500220
11098987.781985633332296 1547827.875933590000176
11098987.781985633332296 1547828.174519527500132
11098987.781985633332296 1547828.473105465000088
11098987.781985633332296 1547828.771691402500044
11098987.781985633332296 1547829.070277340000000
11098987.781985633332296 1547829.368863277499956
11098987.781985633332296 1547829.667449214999912
11098987.781985633332296 1547829.966035152499868
11098987.781985633332296 1547830.264621089999824
11098987.781985633332296 1547830.563207027499780
11098987.781985633332296 1547830.861792964999736
11098987.781985633332296 1547831.160378902499692
11098987.781985633332296 1547831.458964839999648
