11099106.617115837501167 1547810.856535152500396
11099106.617115837501167 1547811.155121090000352
11099106.617115837501167 1547811.453707027500308
11099106.617115837501167 1547811.752292965000264
11099106.617115837501167 1547812.050878902500220
11099106.617115837501167 1547812.349464840000176
11099106.617115837501167 1547812.648050777500132
11099106.617115837501167 1547812.946636715000088
11099106.617115837501167 1547813.245222652500044
11099106.617115837501167 1547813.543808590000000
11099106.617115837501167 1547813.842394527499956
11099106.617115837501167 1547814.140980464999912
11099106.617115837501167 1547814.439566402499868
11099106.617115837501167 1547814.738152339999824
11099106.617115837501167 1547815.036738277499780
11099106.617115837501167 1547815.335324214999736
11099106.617115837501167 1547815.633910152499692
11099106.617115837501167 1547815.932496089999648
11099106.915696566667704 1547810.856535152500396
11099106.915696566667704 1547811.155121090000352
11099106.915696566667704 1547811.453707027500308
11099106.915696566667704 1547811.752292965000264
11099106.915696566667704 1547812.050878902500220
11099106.915696566667704 1547812.349464840000176
11099106.915696566667704 1547812.648050777500132
11099106.915696566667704 1547812.946636715000088
11099106.915696566667704 1547813.245222652500044
11099106.915696566667704 1547813.543808590000000
11099106.915696566667704 1547813.842394527499956
11099106.915696566667704 1547814.140980464999912
11099106.915696566667704 1547814.439566402499868
11099106.915696566667704 1547814.738152339999824
11099106.915696566667704 1547815.036738277499780
11099106.915696566667704 1547815.335324214999736
11099106.915696566667704 1547815.633910152499692
11099106.915696566667704 1547815.932496089999648
11099107.214277295834241 1547810.856535152500396
11099107.214277295834241 1547811.155121090000352
11099107.214277295834241 1547811.453707027500308
11099107.214277295834241 1547811.752292965000264
11099107.214277295834241 1547812.050878902500220
11099107.214277295834241 1547812.349464840000176
11099107.214277295834241 1547812.648050777500132
11099107.214277295834241 1547812.946636715000088
11099107.214277295834241 1547813.245222652500044
11099107.214277295834241 1547813.543808590000000
11099107.214277295834241 1547813.842394527499956
11099107.214277295834241 1547814.140980464999912
11099107.214277295834241 1547814.439566402499868
11099107.214277295834241 1547814.738152339999824
11099107.214277295834241 1547815.036738277499780
11099107.214277295834241 1547815.335324214999736
11099107.214277295834241 1547815.633910152499692
11099107.214277295834241 1547815.932496089999648
11099107.512858025000778 1547810.856535152500396
11099107.512858025000778 1547811.155121090000352
11099107.512858025000778 1547811.453707027500308
11099107.512858025000778 1547811.752292965000264
11099107.512858025000778 1547812.050878902500220
11099107.512858025000778 1547812.349464840000176
11099107.512858025000778 1547812.648050777500132
11099107.512858025000778 1547812.946636715000088
11099107.512858025000778 1547813.245222652500044
11099107.512858025000778 1547813.543808590000000
11099107.512858025000778 1547813.842394527499956
11099107.512858025000778 1547814.140980464999912
11099107.512858025000778 1547814.439566402499868
11099107.512858025000778 1547814.738152339999824
11099107.512858025000778 1547815.036738277499780
11099107.512858025000778 1547815.335324214999736
11099107.512858025000778 1547815.633910152499692
11099107.512858025000778 1547815.932496089999648
11099107.811438754167315 1547810.856535152500396
11099107.811438754167315 1547811.155121090000352
11099107.811438754167315 1547811.453707027500308
11099107.811438754167315 1547811.752292965000264
11099107.811438754167315 1547812.050878902500220
11099107.811438754167315 1547812.349464840000176
11099107.811438754167315 1547812.648050777500132
11099107.811438754167315 1547812.946636715000088
11099107.811438754167315 1547813.245222652500044
11099107.811438754167315 1547813.543808590000000
11099107.811438754167315 1547813.842394527499956
11099107.811438754167315 1547814.140980464999912
11099107.811438754167315 1547814.439566402499868
11099107.811438754167315 1547814.738152339999824
11099107.811438754167315 1547815.036738277499780
11099107.811438754167315 1547815.335324214999736
11099107.811438754167315 1547815.633910152499692
11099107.811438754167315 1547815.932496089999648
11099108.110019483333852 1547810.856535152500396
11099108.110019483333852 1547811.155121090000352
11099108.110019483333852 1547811.453707027500308
11099108.110019483333852 1547811.752292965000264
11099108.110019483333852 1547812.050878902500220
11099108.110019483333852 1547812.349464840000176
11099108.110019483333852 1547812.648050777500132
11099108.110019483333852 1547812.946636715000088
11099108.110019483333852 1547813.245222652500044
11099108.110019483333852 1547813.543808590000000
11099108.110019483333852 1547813.842394527499956
11099108.110019483333852 1547814.140980464999912
11099108.110019483333852 1547814.439566402499868
11099108.110019483333852 1547814.738152339999824
11099108.110019483333852 1547815.036738277499780
11099108.110019483333852 1547815.335324214999736
11099108.110019483333852 1547815.633910152499692
11099108.110019483333852 1547815.932496089999648
11099108.408600212500389 1547810.856535152500396
11099108.408600212500389 1547811.155121090000352
11099108.408600212500389 1547811.453707027500308
11099108.408600212500389 1547811.752292965000264
11099108.408600212500389 1547812.050878902500220
11099108.408600212500389 1547812.349464840000176
11099108.408600212500389 1547812.648050777500132
11099108.408600212500389 1547812.946636715000088
11099108.408600212500389 1547813.245222652500044
11099108.408600212500389 1547813.543808590000000
11099108.408600212500389 1547813.842394527499956
11099108.408600212500389 1547814.140980464999912
11099108.408600212500389 1547814.439566402499868
11099108.408600212500389 1547814.738152339999824
11099108.408600212500389 1547815.036738277499780
11099108.408600212500389 1547815.335324214999736
11099108.408600212500389 1547815.633910152499692
11099108.408600212500389 1547815.932496089999648
11099108.707180941666926 1547810.856535152500396
11099108.707180941666926 1547811.155121090000352
11099108.707180941666926 1547811.453707027500308
11099108.707180941666926 1547811.752292965000264
11099108.707180941666926 1547812.050878902500220
11099108.707180941666926 1547812.349464840000176
11099108.707180941666926 1547812.648050777500132
11099108.707180941666926 1547812.946636715000088
11099108.707180941666926 1547813.245222652500044
11099108.707180941666926 1547813.543808590000000
11099108.707180941666926 1547813.842394527499956
11099108.707180941666926 1547814.140980464999912
11099108.707180941666926 1547814.439566402499868
11099108.707180941666926 1547814.738152339999824
11099108.707180941666926 1547815.036738277499780
11099108.707180941666926 1547815.335324214999736
11099108.707180941666926 1547815.633910152499692
11099108.707180941666926 1547815.932496089999648
11099109.005761670833463 1547810.856535152500396
11099109.005761670833463 1547811.155121090000352
11099109.005761670833463 1547811.453707027500308
11099109.005761670833463 1547811.752292965000264
11099109.005761670833463 1547812.050878902500220
11099109.005761670833463 1547812.349464840000176
11099109.005761670833463 1547812.648050777500132
11099109.005761670833463 1547812.946636715000088
11099109.005761670833463 1547813.245222652500044
11099109.005761670833463 1547813.543808590000000
11099109.005761670833463 1547813.842394527499956
11099109.005761670833463 1547814.140980464999912
11099109.005761670833463 1547814.439566402499868
11099109.005761670833463 1547814.738152339999824
11099109.005761670833463 1547815.036738277499780
11099109.005761670833463 1547815.335324214999736
11099109.005761670833463 1547815.633910152499692
11099109.005761670833463 1547815.932496089999648
11099109.304342400000000 1547810.856535152500396
11099109.304342400000000 1547811.155121090000352
11099109.304342400000000 1547811.453707027500308
11099109.304342400000000 1547811.752292965000264
11099109.304342400000000 1547812.050878902500220
11099109.304342400000000 1547812.349464840000176
11099109.304342400000000 1547812.648050777500132
11099109.304342400000000 1547812.946636715000088
11099109.304342400000000 1547813.245222652500044
11099109.304342400000000 1547813.543808590000000
11099109.304342400000000 1547813.842394527499956
11099109.304342400000000 1547814.140980464999912
11099109.304342400000000 1547814.439566402499868
11099109.304342400000000 1547814.738152339999824
11099109.304342400000000 1547815.036738277499780
11099109.304342400000000 1547815.335324214999736
11099109.304342400000000 1547815.633910152499692
11099109.304342400000000 1547815.932496089999648
11099109.602923129166537 1547810.856535152500396
11099109.602923129166537 1547811.155121090000352
11099109.602923129166537 1547811.453707027500308
11099109.602923129166537 1547811.752292965000264
11099109.602923129166537 1547812.050878902500220
11099109.602923129166537 1547812.349464840000176
11099109.602923129166537 1547812.648050777500132
11099109.602923129166537 1547812.946636715000088
11099109.602923129166537 1547813.245222652500044
11099109.602923129166537 1547813.543808590000000
11099109.602923129166537 1547813.842394527499956
11099109.602923129166537 1547814.140980464999912
11099109.602923129166537 1547814.439566402499868
11099109.602923129166537 1547814.738152339999824
11099109.602923129166537 1547815.036738277499780
11099109.602923129166537 1547815.335324214999736
11099109.602923129166537 1547815.633910152499692
11099109.602923129166537 1547815.932496089999648
11099109.901503858333074 1547810.856535152500396
11099109.901503858333074 1547811.155121090000352
11099109.901503858333074 1547811.453707027500308
11099109.901503858333074 1547811.752292965000264
11099109.901503858333074 1547812.050878902500220
11099109.901503858333074 1547812.349464840000176
11099109.901503858333074 1547812.648050777500132
11099109.901503858333074 1547812.946636715000088
11099109.901503858333074 1547813.245222652500044
11099109.901503858333074 1547813.543808590000000
11099109.901503858333074 1547813.842394527499956
11099109.901503858333074 1547814.140980464999912
11099109.901503858333074 1547814.439566402499868
11099109.901503858333074 1547814.738152339999824
11099109.901503858333074 1547815.036738277499780
11099109.901503858333074 1547815.335324214999736
11099109.901503858333074 1547815.633910152499692
11099109.901503858333074 1547815.932496089999648
11099110.200084587499611 1547810.856535152500396
11099110.200084587499611 1547811.155121090000352
11099110.200084587499611 1547811.453707027500308
11099110.200084587499611 1547811.752292965000264
11099110.200084587499611 1547812.050878902500220
11099110.200084587499611 1547812.349464840000176
11099110.200084587499611 1547812.648050777500132
11099110.200084587499611 1547812.946636715000088
11099110.200084587499611 1547813.245222652500044
11099110.200084587499611 1547813.543808590000000
11099110.200084587499611 1547813.842394527499956
11099110.200084587499611 1547814.140980464999912
11099110.200084587499611 1547814.439566402499868
11099110.200084587499611 1547814.738152339999824
11099110.200084587499611 1547815.036738277499780
11099110.200084587499611 1547815.335324214999736
11099110.200084587499611 1547815.633910152499692
11099110.200084587499611 1547815.932496089999648
11099110.498665316666148 1547810.856535152500396
11099110.498665316666148 1547811.155121090000352
11099110.498665316666148 1547811.453707027500308
11099110.498665316666148 1547811.752292965000264
11099110.498665316666148 1547812.050878902500220
11099110.498665316666148 1547812.349464840000176
11099110.498665316666148 1547812.648050777500132
11099110.498665316666148 1547812.946636715000088
11099110.498665316666148 1547813.245222652500044
11099110.498665316666148 1547813.543808590000000
11099110.498665316666148 1547813.842394527499956
11099110.498665316666148 1547814.140980464999912
11099110.498665316666148 1547814.439566402499868
11099110.498665316666148 1547814.738152339999824
11099110.498665316666148 1547815.036738277499780
11099110.498665316666148 1547815.335324214999736
11099110.498665316666148 1547815.633910152499692
11099110.498665316666148 1547815.932496089999648
11099110.797246045832685 1547810.856535152500396
11099110.797246045832685 1547811.155121090000352
11099110.797246045832685 1547811.453707027500308
11099110.797246045832685 1547811.752292965000264
11099110.797246045832685 1547812.050878902500220
11099110.797246045832685 1547812.349464840000176
11099110.797246045832685 1547812.648050777500132
11099110.797246045832685 1547812.946636715000088
11099110.797246045832685 1547813.245222652500044
11099110.797246045832685 1547813.543808590000000
11099110.797246045832685 1547813.842394527499956
11099110.797246045832685 1547814.140980464999912
11099110.797246045832685 1547814.439566402499868
11099110.797246045832685 1547814.738152339999824
11099110.797246045832685 1547815.036738277499780
11099110.797246045832685 1547815.335324214999736
11099110.797246045832685 1547815.633910152499692
11099110.797246045832685 1547815.932496089999648
11099111.095826774999222 1547810.856535152500396
11099111.095826774999222 1547811.155121090000352
11099111.095826774999222 1547811.453707027500308
11099111.095826774999222 1547811.752292965000264
11099111.095826774999222 1547812.050878902500220
11099111.095826774999222 1547812.349464840000176
11099111.095826774999222 1547812.648050777500132
11099111.095826774999222 1547812.946636715000088
11099111.095826774999222 1547813.245222652500044
11099111.095826774999222 1547813.543808590000000
11099111.095826774999222 1547813.842394527499956
11099111.095826774999222 1547814.140980464999912
11099111.095826774999222 1547814.439566402499868
11099111.095826774999222 1547814.738152339999824
11099111.095826774999222 1547815.036738277499780
11099111.095826774999222 1547815.335324214999736
11099111.095826774999222 1547815.633910152499692
11099111.095826774999222 1547815.932496089999648
11099111.394407504165759 1547810.856535152500396
11099111.394407504165759 1547811.155121090000352
11099111.394407504165759 1547811.453707027500308
11099111.394407504165759 1547811.752292965000264
11099111.394407504165759 1547812.050878902500220
11099111.394407504165759 1547812.349464840000176
11099111.394407504165759 1547812.648050777500132
11099111.394407504165759 1547812.946636715000088
11099111.394407504165759 1547813.245222652500044
11099111.394407504165759 1547813.543808590000000
11099111.394407504165759 1547813.842394527499956
11099111.394407504165759 1547814.140980464999912
11099111.394407504165759 1547814.439566402499868
11099111.394407504165759 1547814.738152339999824
11099111.394407504165759 1547815.036738277499780
11099111.394407504165759 1547815.335324214999736
11099111.394407504165759 1547815.633910152499692
11099111.394407504165759 1547815.932496089999648
11099111.692988233332296 1547810.856535152500396
11099111.692988233332296 1547811.155121090000352
11099111.692988233332296 1547811.453707027500308
11099111.692988233332296 1547811.752292965000264
11099111.692988233332296 1547812.050878902500220
11099111.692988233332296 1547812.349464840000176
11099111.692988233332296 1547812.648050777500132
11099111.692988233332296 1547812.946636715000088
11099111.692988233332296 1547813.245222652500044
11099111.692988233332296 1547813.543808590000000
11099111.692988233332296 1547813.842394527499956
11099111.692988233332296 1547814.140980464999912
11099111.692988233332296 1547814.439566402499868
11099111.692988233332296 1547814.738152339999824
11099111.692988233332296 1547815.036738277499780
11099111.692988233332296 1547815.335324214999736
11099111.692988233332296 1547815.633910152499692
11099111.692988233332296 1547815.932496089999648
