11099227.542311237501167 1547852.957152342500396
11099227.542311237501167 1547853.255738280000352
11099227.542311237501167 1547853.554324217500308
11099227.542311237501167 1547853.852910155000264
11099227.542311237501167 1547854.151496092500220
11099227.542311237501167 1547854.450082030000176
11099227.542311237501167 1547854.748667967500132
11099227.542311237501167 1547855.047253905000088
11099227.542311237501167 1547855.345839842500044
11099227.542311237501167 1547855.644425780000000
11099227.542311237501167 1547855.943011717499956
11099227.542311237501167 1547856.241597654999912
11099227.542311237501167 1547856.540183592499868
11099227.542311237501167 1547856.838769529999824
11099227.542311237501167 1547857.137355467499780
11099227.542311237501167 1547857.435941404999736
11099227.542311237501167 1547857.734527342499692
11099227.542311237501167 1547858.033113279999648
11099227.840891966667704 1547852.957152342500396
11099227.840891966667704 1547853.255738280000352
11099227.840891966667704 1547853.554324217500308
11099227.840891966667704 1547853.852910155000264
11099227.840891966667704 1547854.151496092500220
11099227.840891966667704 1547854.450082030000176
11099227.840891966667704 1547854.748667967500132
11099227.840891966667704 1547855.047253905000088
11099227.840891966667704 1547855.345839842500044
11099227.840891966667704 1547855.644425780000000
11099227.840891966667704 1547855.943011717499956
11099227.840891966667704 1547856.241597654999912
11099227.840891966667704 1547856.540183592499868
11099227.840891966667704 1547856.838769529999824
11099227.840891966667704 1547857.137355467499780
11099227.840891966667704 1547857.435941404999736
11099227.840891966667704 1547857.734527342499692
11099227.840891966667704 1547858.033113279999648
11099228.139472695834241 1547852.957152342500396
11099228.139472695834241 1547853.255738280000352
11099228.139472695834241 1547853.554324217500308
11099228.139472695834241 1547853.852910155000264
11099228.139472695834241 1547854.151496092500220
11099228.139472695834241 1547854.450082030000176
11099228.139472695834241 1547854.748667967500132
11099228.139472695834241 1547855.047253905000088
11099228.139472695834241 1547855.345839842500044
11099228.139472695834241 1547855.644425780000000
11099228.139472695834241 1547855.943011717499956
11099228.139472695834241 1547856.241597654999912
11099228.139472695834241 1547856.540183592499868
11099228.139472695834241 1547856.838769529999824
11099228.139472695834241 1547857.137355467499780
11099228.139472695834241 1547857.435941404999736
11099228.139472695834241 1547857.734527342499692
11099228.139472695834241 1547858.033113279999648
11099228.438053425000778 1547852.957152342500396
11099228.438053425000778 1547853.255738280000352
11099228.438053425000778 1547853.554324217500308
11099228.438053425000778 1547853.852910155000264
11099228.438053425000778 1547854.151496092500220
11099228.438053425000778 1547854.450082030000176
11099228.438053425000778 1547854.748667967500132
11099228.438053425000778 1547855.047253905000088
11099228.438053425000778 1547855.345839842500044
11099228.438053425000778 1547855.644425780000000
11099228.438053425000778 1547855.943011717499956
11099228.438053425000778 1547856.241597654999912
11099228.438053425000778 1547856.540183592499868
11099228.438053425000778 1547856.838769529999824
11099228.438053425000778 1547857.137355467499780
11099228.438053425000778 1547857.435941404999736
11099228.438053425000778 1547857.734527342499692
11099228.438053425000778 1547858.033113279999648
11099228.736634154167315 1547852.957152342500396
11099228.736634154167315 1547853.255738280000352
11099228.736634154167315 1547853.554324217500308
11099228.736634154167315 1547853.852910155000264
11099228.736634154167315 1547854.151496092500220
11099228.736634154167315 1547854.450082030000176
11099228.736634154167315 1547854.748667967500132
11099228.736634154167315 1547855.047253905000088
11099228.736634154167315 1547855.345839842500044
11099228.736634154167315 1547855.644425780000000
11099228.736634154167315 1547855.943011717499956
11099228.736634154167315 1547856.241597654999912
11099228.736634154167315 1547856.540183592499868
11099228.736634154167315 1547856.838769529999824
11099228.736634154167315 1547857.137355467499780
11099228.736634154167315 1547857.435941404999736
11099228.736634154167315 1547857.734527342499692
11099228.736634154167315 1547858.033113279999648
11099229.035214883333852 1547852.957152342500396
11099229.035214883333852 1547853.255738280000352
11099229.035214883333852 1547853.554324217500308
11099229.035214883333852 1547853.852910155000264
11099229.035214883333852 1547854.151496092500220
11099229.035214883333852 1547854.450082030000176
11099229.035214883333852 1547854.748667967500132
11099229.035214883333852 1547855.047253905000088
11099229.035214883333852 1547855.345839842500044
11099229.035214883333852 1547855.644425780000000
11099229.035214883333852 1547855.943011717499956
11099229.035214883333852 1547856.241597654999912
11099229.035214883333852 1547856.540183592499868
11099229.035214883333852 1547856.838769529999824
11099229.035214883333852 1547857.137355467499780
11099229.035214883333852 1547857.435941404999736
11099229.035214883333852 1547857.734527342499692
11099229.035214883333852 1547858.033113279999648
11099229.333795612500389 1547852.957152342500396
11099229.333795612500389 1547853.255738280000352
11099229.333795612500389 1547853.554324217500308
11099229.333795612500389 1547853.852910155000264
11099229.333795612500389 1547854.151496092500220
11099229.333795612500389 1547854.450082030000176
11099229.333795612500389 1547854.748667967500132
11099229.333795612500389 1547855.047253905000088
11099229.333795612500389 1547855.345839842500044
11099229.333795612500389 1547855.644425780000000
11099229.333795612500389 1547855.943011717499956
11099229.333795612500389 1547856.241597654999912
11099229.333795612500389 1547856.540183592499868
11099229.333795612500389 1547856.838769529999824
11099229.333795612500389 1547857.137355467499780
11099229.333795612500389 1547857.435941404999736
11099229.333795612500389 1547857.734527342499692
11099229.333795612500389 1547858.033113279999648
11099229.632376341666926 1547852.957152342500396
11099229.632376341666926 1547853.255738280000352
11099229.632376341666926 1547853.554324217500308
11099229.632376341666926 1547853.852910155000264
11099229.632376341666926 1547854.151496092500220
11099229.632376341666926 1547854.450082030000176
11099229.632376341666926 1547854.748667967500132
11099229.632376341666926 1547855.047253905000088
11099229.632376341666926 1547855.345839842500044
11099229.632376341666926 1547855.644425780000000
11099229.632376341666926 1547855.943011717499956
11099229.632376341666926 1547856.241597654999912
11099229.632376341666926 1547856.540183592499868
11099229.632376341666926 1547856.838769529999824
11099229.632376341666926 1547857.137355467499780
11099229.632376341666926 1547857.435941404999736
11099229.632376341666926 1547857.734527342499692
11099229.632376341666926 1547858.033113279999648
11099229.930957070833463 1547852.957152342500396
11099229.930957070833463 1547853.255738280000352
11099229.930957070833463 1547853.554324217500308
11099229.930957070833463 1547853.852910155000264
11099229.930957070833463 1547854.151496092500220
11099229.930957070833463 1547854.450082030000176
11099229.930957070833463 1547854.748667967500132
11099229.930957070833463 1547855.047253905000088
11099229.930957070833463 1547855.345839842500044
11099229.930957070833463 1547855.644425780000000
11099229.930957070833463 1547855.943011717499956
11099229.930957070833463 1547856.241597654999912
11099229.930957070833463 1547856.540183592499868
11099229.930957070833463 1547856.838769529999824
11099229.930957070833463 1547857.137355467499780
11099229.930957070833463 1547857.435941404999736
11099229.930957070833463 1547857.734527342499692
11099229.930957070833463 1547858.033113279999648
11099230.229537800000000 1547852.957152342500396
11099230.229537800000000 1547853.255738280000352
11099230.229537800000000 1547853.554324217500308
11099230.229537800000000 1547853.852910155000264
11099230.229537800000000 1547854.151496092500220
11099230.229537800000000 1547854.450082030000176
11099230.229537800000000 1547854.748667967500132
11099230.229537800000000 1547855.047253905000088
11099230.229537800000000 1547855.345839842500044
11099230.229537800000000 1547855.644425780000000
11099230.229537800000000 1547855.943011717499956
11099230.229537800000000 1547856.241597654999912
11099230.229537800000000 1547856.540183592499868
11099230.229537800000000 1547856.838769529999824
11099230.229537800000000 1547857.137355467499780
11099230.229537800000000 1547857.435941404999736
11099230.229537800000000 1547857.734527342499692
11099230.229537800000000 1547858.033113279999648
11099230.528118529166537 1547852.957152342500396
11099230.528118529166537 1547853.255738280000352
11099230.528118529166537 1547853.554324217500308
11099230.528118529166537 1547853.852910155000264
11099230.528118529166537 1547854.151496092500220
11099230.528118529166537 1547854.450082030000176
11099230.528118529166537 1547854.748667967500132
11099230.528118529166537 1547855.047253905000088
11099230.528118529166537 1547855.345839842500044
11099230.528118529166537 1547855.644425780000000
11099230.528118529166537 1547855.943011717499956
11099230.528118529166537 1547856.241597654999912
11099230.528118529166537 1547856.540183592499868
11099230.528118529166537 1547856.838769529999824
11099230.528118529166537 1547857.137355467499780
11099230.528118529166537 1547857.435941404999736
11099230.528118529166537 1547857.734527342499692
11099230.528118529166537 1547858.033113279999648
11099230.826699258333074 1547852.957152342500396
11099230.826699258333074 1547853.255738280000352
11099230.826699258333074 1547853.554324217500308
11099230.826699258333074 1547853.852910155000264
11099230.826699258333074 1547854.151496092500220
11099230.826699258333074 1547854.450082030000176
11099230.826699258333074 1547854.748667967500132
11099230.826699258333074 1547855.047253905000088
11099230.826699258333074 1547855.345839842500044
11099230.826699258333074 1547855.644425780000000
11099230.826699258333074 1547855.943011717499956
11099230.826699258333074 1547856.241597654999912
11099230.826699258333074 1547856.540183592499868
11099230.826699258333074 1547856.838769529999824
11099230.826699258333074 1547857.137355467499780
11099230.826699258333074 1547857.435941404999736
11099230.826699258333074 1547857.734527342499692
11099230.826699258333074 1547858.033113279999648
11099231.125279987499611 1547852.957152342500396
11099231.125279987499611 1547853.255738280000352
11099231.125279987499611 1547853.554324217500308
11099231.125279987499611 1547853.852910155000264
11099231.125279987499611 1547854.151496092500220
11099231.125279987499611 1547854.450082030000176
11099231.125279987499611 1547854.748667967500132
11099231.125279987499611 1547855.047253905000088
11099231.125279987499611 1547855.345839842500044
11099231.125279987499611 1547855.644425780000000
11099231.125279987499611 1547855.943011717499956
11099231.125279987499611 1547856.241597654999912
11099231.125279987499611 1547856.540183592499868
11099231.125279987499611 1547856.838769529999824
11099231.125279987499611 1547857.137355467499780
11099231.125279987499611 1547857.435941404999736
11099231.125279987499611 1547857.734527342499692
11099231.125279987499611 1547858.033113279999648
11099231.423860716666148 1547852.957152342500396
11099231.423860716666148 1547853.255738280000352
11099231.423860716666148 1547853.554324217500308
11099231.423860716666148 1547853.852910155000264
11099231.423860716666148 1547854.151496092500220
11099231.423860716666148 1547854.450082030000176
11099231.423860716666148 1547854.748667967500132
11099231.423860716666148 1547855.047253905000088
11099231.423860716666148 1547855.345839842500044
11099231.423860716666148 1547855.644425780000000
11099231.423860716666148 1547855.943011717499956
11099231.423860716666148 1547856.241597654999912
11099231.423860716666148 1547856.540183592499868
11099231.423860716666148 1547856.838769529999824
11099231.423860716666148 1547857.137355467499780
11099231.423860716666148 1547857.435941404999736
11099231.423860716666148 1547857.734527342499692
11099231.423860716666148 1547858.033113279999648
11099231.722441445832685 1547852.957152342500396
11099231.722441445832685 1547853.255738280000352
11099231.722441445832685 1547853.554324217500308
11099231.722441445832685 1547853.852910155000264
11099231.722441445832685 1547854.151496092500220
11099231.722441445832685 1547854.450082030000176
11099231.722441445832685 1547854.748667967500132
11099231.722441445832685 1547855.047253905000088
11099231.722441445832685 1547855.345839842500044
11099231.722441445832685 1547855.644425780000000
11099231.722441445832685 1547855.943011717499956
11099231.722441445832685 1547856.241597654999912
11099231.722441445832685 1547856.540183592499868
11099231.722441445832685 1547856.838769529999824
11099231.722441445832685 1547857.137355467499780
11099231.722441445832685 1547857.435941404999736
11099231.722441445832685 1547857.734527342499692
11099231.722441445832685 1547858.033113279999648
11099232.021022174999222 1547852.957152342500396
11099232.021022174999222 1547853.255738280000352
11099232.021022174999222 1547853.554324217500308
11099232.021022174999222 1547853.852910155000264
11099232.021022174999222 1547854.151496092500220
11099232.021022174999222 1547854.450082030000176
11099232.021022174999222 1547854.748667967500132
11099232.021022174999222 1547855.047253905000088
11099232.021022174999222 1547855.345839842500044
11099232.021022174999222 1547855.644425780000000
11099232.021022174999222 1547855.943011717499956
11099232.021022174999222 1547856.241597654999912
11099232.021022174999222 1547856.540183592499868
11099232.021022174999222 1547856.838769529999824
11099232.021022174999222 1547857.137355467499780
11099232.021022174999222 1547857.435941404999736
11099232.021022174999222 1547857.734527342499692
11099232.021022174999222 1547858.033113279999648
11099232.319602904165759 1547852.957152342500396
11099232.319602904165759 1547853.255738280000352
11099232.319602904165759 1547853.554324217500308
11099232.319602904165759 1547853.852910155000264
11099232.319602904165759 1547854.151496092500220
11099232.319602904165759 1547854.450082030000176
11099232.319602904165759 1547854.748667967500132
11099232.319602904165759 1547855.047253905000088
11099232.319602904165759 1547855.345839842500044
11099232.319602904165759 1547855.644425780000000
11099232.319602904165759 1547855.943011717499956
11099232.319602904165759 1547856.241597654999912
11099232.319602904165759 1547856.540183592499868
11099232.319602904165759 1547856.838769529999824
11099232.319602904165759 1547857.137355467499780
11099232.319602904165759 1547857.435941404999736
11099232.319602904165759 1547857.734527342499692
11099232.319602904165759 1547858.033113279999648
11099232.618183633332296 1547852.957152342500396
11099232.618183633332296 1547853.255738280000352
11099232.618183633332296 1547853.554324217500308
11099232.618183633332296 1547853.852910155000264
11099232.618183633332296 1547854.151496092500220
11099232.618183633332296 1547854.450082030000176
11099232.618183633332296 1547854.748667967500132
11099232.618183633332296 1547855.047253905000088
11099232.618183633332296 1547855.345839842500044
11099232.618183633332296 1547855.644425780000000
11099232.618183633332296 1547855.943011717499956
11099232.618183633332296 1547856.241597654999912
11099232.618183633332296 1547856.540183592499868
11099232.618183633332296 1547856.838769529999824
11099232.618183633332296 1547857.137355467499780
11099232.618183633332296 1547857.435941404999736
11099232.618183633332296 1547857.734527342499692
11099232.618183633332296 1547858.033113279999648
