11099494.174902337501167 1547909.091308592500396
11099494.174902337501167 1547909.389894530000352
11099494.174902337501167 1547909.688480467500308
11099494.174902337501167 1547909.987066405000264
11099494.174902337501167 1547910.285652342500220
11099494.174902337501167 1547910.584238280000176
11099494.174902337501167 1547910.882824217500132
11099494.174902337501167 1547911.181410155000088
11099494.174902337501167 1547911.479996092500044
11099494.174902337501167 1547911.778582030000000
11099494.174902337501167 1547912.077167967499956
11099494.174902337501167 1547912.375753904999912
11099494.174902337501167 1547912.674339842499868
11099494.174902337501167 1547912.972925779999824
11099494.174902337501167 1547913.271511717499780
11099494.174902337501167 1547913.570097654999736
11099494.174902337501167 1547913.868683592499692
11099494.174902337501167 1547914.167269529999648
11099494.473483066667704 1547909.091308592500396
11099494.473483066667704 1547909.389894530000352
11099494.473483066667704 1547909.688480467500308
11099494.473483066667704 1547909.987066405000264
11099494.473483066667704 1547910.285652342500220
11099494.473483066667704 1547910.584238280000176
11099494.473483066667704 1547910.882824217500132
11099494.473483066667704 1547911.181410155000088
11099494.473483066667704 1547911.479996092500044
11099494.473483066667704 1547911.778582030000000
11099494.473483066667704 1547912.077167967499956
11099494.473483066667704 1547912.375753904999912
11099494.473483066667704 1547912.674339842499868
11099494.473483066667704 1547912.972925779999824
11099494.473483066667704 1547913.271511717499780
11099494.473483066667704 1547913.570097654999736
11099494.473483066667704 1547913.868683592499692
11099494.473483066667704 1547914.167269529999648
11099494.772063795834241 1547909.091308592500396
11099494.772063795834241 1547909.389894530000352
11099494.772063795834241 1547909.688480467500308
11099494.772063795834241 1547909.987066405000264
11099494.772063795834241 1547910.285652342500220
11099494.772063795834241 1547910.584238280000176
11099494.772063795834241 1547910.882824217500132
11099494.772063795834241 1547911.181410155000088
11099494.772063795834241 1547911.479996092500044
11099494.772063795834241 1547911.778582030000000
11099494.772063795834241 1547912.077167967499956
11099494.772063795834241 1547912.375753904999912
11099494.772063795834241 1547912.674339842499868
11099494.772063795834241 1547912.972925779999824
11099494.772063795834241 1547913.271511717499780
11099494.772063795834241 1547913.570097654999736
11099494.772063795834241 1547913.868683592499692
11099494.772063795834241 1547914.167269529999648
11099495.070644525000778 1547909.091308592500396
11099495.070644525000778 1547909.389894530000352
11099495.070644525000778 1547909.688480467500308
11099495.070644525000778 1547909.987066405000264
11099495.070644525000778 1547910.285652342500220
11099495.070644525000778 1547910.584238280000176
11099495.070644525000778 1547910.882824217500132
11099495.070644525000778 1547911.181410155000088
11099495.070644525000778 1547911.479996092500044
11099495.070644525000778 1547911.778582030000000
11099495.070644525000778 1547912.077167967499956
11099495.070644525000778 1547912.375753904999912
11099495.070644525000778 1547912.674339842499868
11099495.070644525000778 1547912.972925779999824
11099495.070644525000778 1547913.271511717499780
11099495.070644525000778 1547913.570097654999736
11099495.070644525000778 1547913.868683592499692
11099495.070644525000778 1547914.167269529999648
11099495.369225254167315 1547909.091308592500396
11099495.369225254167315 1547909.389894530000352
11099495.369225254167315 1547909.688480467500308
11099495.369225254167315 1547909.987066405000264
11099495.369225254167315 1547910.285652342500220
11099495.369225254167315 1547910.584238280000176
11099495.369225254167315 1547910.882824217500132
11099495.369225254167315 1547911.181410155000088
11099495.369225254167315 1547911.479996092500044
11099495.369225254167315 1547911.778582030000000
11099495.369225254167315 1547912.077167967499956
11099495.369225254167315 1547912.375753904999912
11099495.369225254167315 1547912.674339842499868
11099495.369225254167315 1547912.972925779999824
11099495.369225254167315 1547913.271511717499780
11099495.369225254167315 1547913.570097654999736
11099495.369225254167315 1547913.868683592499692
11099495.369225254167315 1547914.167269529999648
11099495.667805983333852 1547909.091308592500396
11099495.667805983333852 1547909.389894530000352
11099495.667805983333852 1547909.688480467500308
11099495.667805983333852 1547909.987066405000264
11099495.667805983333852 1547910.285652342500220
11099495.667805983333852 1547910.584238280000176
11099495.667805983333852 1547910.882824217500132
11099495.667805983333852 1547911.181410155000088
11099495.667805983333852 1547911.479996092500044
11099495.667805983333852 1547911.778582030000000
11099495.667805983333852 1547912.077167967499956
11099495.667805983333852 1547912.375753904999912
11099495.667805983333852 1547912.674339842499868
11099495.667805983333852 1547912.972925779999824
11099495.667805983333852 1547913.271511717499780
11099495.667805983333852 1547913.570097654999736
11099495.667805983333852 1547913.868683592499692
11099495.667805983333852 1547914.167269529999648
11099495.966386712500389 1547909.091308592500396
11099495.966386712500389 1547909.389894530000352
11099495.966386712500389 1547909.688480467500308
11099495.966386712500389 1547909.987066405000264
11099495.966386712500389 1547910.285652342500220
11099495.966386712500389 1547910.584238280000176
11099495.966386712500389 1547910.882824217500132
11099495.966386712500389 1547911.181410155000088
11099495.966386712500389 1547911.479996092500044
11099495.966386712500389 1547911.778582030000000
11099495.966386712500389 1547912.077167967499956
11099495.966386712500389 1547912.375753904999912
11099495.966386712500389 1547912.674339842499868
11099495.966386712500389 1547912.972925779999824
11099495.966386712500389 1547913.271511717499780
11099495.966386712500389 1547913.570097654999736
11099495.966386712500389 1547913.868683592499692
11099495.966386712500389 1547914.167269529999648
11099496.264967441666926 1547909.091308592500396
11099496.264967441666926 1547909.389894530000352
11099496.264967441666926 1547909.688480467500308
11099496.264967441666926 1547909.987066405000264
11099496.264967441666926 1547910.285652342500220
11099496.264967441666926 1547910.584238280000176
11099496.264967441666926 1547910.882824217500132
11099496.264967441666926 1547911.181410155000088
11099496.264967441666926 1547911.479996092500044
11099496.264967441666926 1547911.778582030000000
11099496.264967441666926 1547912.077167967499956
11099496.264967441666926 1547912.375753904999912
11099496.264967441666926 1547912.674339842499868
11099496.264967441666926 1547912.972925779999824
11099496.264967441666926 1547913.271511717499780
11099496.264967441666926 1547913.570097654999736
11099496.264967441666926 1547913.868683592499692
11099496.264967441666926 1547914.167269529999648
11099496.563548170833463 1547909.091308592500396
11099496.563548170833463 1547909.389894530000352
11099496.563548170833463 1547909.688480467500308
11099496.563548170833463 1547909.987066405000264
11099496.563548170833463 1547910.285652342500220
11099496.563548170833463 1547910.584238280000176
11099496.563548170833463 1547910.882824217500132
11099496.563548170833463 1547911.181410155000088
11099496.563548170833463 1547911.479996092500044
11099496.563548170833463 1547911.778582030000000
11099496.563548170833463 1547912.077167967499956
11099496.563548170833463 1547912.375753904999912
11099496.563548170833463 1547912.674339842499868
11099496.563548170833463 1547912.972925779999824
11099496.563548170833463 1547913.271511717499780
11099496.563548170833463 1547913.570097654999736
11099496.563548170833463 1547913.868683592499692
11099496.563548170833463 1547914.167269529999648
11099496.862128900000000 1547909.091308592500396
11099496.862128900000000 1547909.389894530000352
11099496.862128900000000 1547909.688480467500308
11099496.862128900000000 1547909.987066405000264
11099496.862128900000000 1547910.285652342500220
11099496.862128900000000 1547910.584238280000176
11099496.862128900000000 1547910.882824217500132
11099496.862128900000000 1547911.181410155000088
11099496.862128900000000 1547911.479996092500044
11099496.862128900000000 1547911.778582030000000
11099496.862128900000000 1547912.077167967499956
11099496.862128900000000 1547912.375753904999912
11099496.862128900000000 1547912.674339842499868
11099496.862128900000000 1547912.972925779999824
11099496.862128900000000 1547913.271511717499780
11099496.862128900000000 1547913.570097654999736
11099496.862128900000000 1547913.868683592499692
11099496.862128900000000 1547914.167269529999648
11099497.160709629166537 1547909.091308592500396
11099497.160709629166537 1547909.389894530000352
11099497.160709629166537 1547909.688480467500308
11099497.160709629166537 1547909.987066405000264
11099497.160709629166537 1547910.285652342500220
11099497.160709629166537 1547910.584238280000176
11099497.160709629166537 1547910.882824217500132
11099497.160709629166537 1547911.181410155000088
11099497.160709629166537 1547911.479996092500044
11099497.160709629166537 1547911.778582030000000
11099497.160709629166537 1547912.077167967499956
11099497.160709629166537 1547912.375753904999912
11099497.160709629166537 1547912.674339842499868
11099497.160709629166537 1547912.972925779999824
11099497.160709629166537 1547913.271511717499780
11099497.160709629166537 1547913.570097654999736
11099497.160709629166537 1547913.868683592499692
11099497.160709629166537 1547914.167269529999648
11099497.459290358333074 1547909.091308592500396
11099497.459290358333074 1547909.389894530000352
11099497.459290358333074 1547909.688480467500308
11099497.459290358333074 1547909.987066405000264
11099497.459290358333074 1547910.285652342500220
11099497.459290358333074 1547910.584238280000176
11099497.459290358333074 1547910.882824217500132
11099497.459290358333074 1547911.181410155000088
11099497.459290358333074 1547911.479996092500044
11099497.459290358333074 1547911.778582030000000
11099497.459290358333074 1547912.077167967499956
11099497.459290358333074 1547912.375753904999912
11099497.459290358333074 1547912.674339842499868
11099497.459290358333074 1547912.972925779999824
11099497.459290358333074 1547913.271511717499780
11099497.459290358333074 1547913.570097654999736
11099497.459290358333074 1547913.868683592499692
11099497.459290358333074 1547914.167269529999648
11099497.757871087499611 1547909.091308592500396
11099497.757871087499611 1547909.389894530000352
11099497.757871087499611 1547909.688480467500308
11099497.757871087499611 1547909.987066405000264
11099497.757871087499611 1547910.285652342500220
11099497.757871087499611 1547910.584238280000176
11099497.757871087499611 1547910.882824217500132
11099497.757871087499611 1547911.181410155000088
11099497.757871087499611 1547911.479996092500044
11099497.757871087499611 1547911.778582030000000
11099497.757871087499611 1547912.077167967499956
11099497.757871087499611 1547912.375753904999912
11099497.757871087499611 1547912.674339842499868
11099497.757871087499611 1547912.972925779999824
11099497.757871087499611 1547913.271511717499780
11099497.757871087499611 1547913.570097654999736
11099497.757871087499611 1547913.868683592499692
11099497.757871087499611 1547914.167269529999648
11099498.056451816666148 1547909.091308592500396
11099498.056451816666148 1547909.389894530000352
11099498.056451816666148 1547909.688480467500308
11099498.056451816666148 1547909.987066405000264
11099498.056451816666148 1547910.285652342500220
11099498.056451816666148 1547910.584238280000176
11099498.056451816666148 1547910.882824217500132
11099498.056451816666148 1547911.181410155000088
11099498.056451816666148 1547911.479996092500044
11099498.056451816666148 1547911.778582030000000
11099498.056451816666148 1547912.077167967499956
11099498.056451816666148 1547912.375753904999912
11099498.056451816666148 1547912.674339842499868
11099498.056451816666148 1547912.972925779999824
11099498.056451816666148 1547913.271511717499780
11099498.056451816666148 1547913.570097654999736
11099498.056451816666148 1547913.868683592499692
11099498.056451816666148 1547914.167269529999648
11099498.355032545832685 1547909.091308592500396
11099498.355032545832685 1547909.389894530000352
11099498.355032545832685 1547909.688480467500308
11099498.355032545832685 1547909.987066405000264
11099498.355032545832685 1547910.285652342500220
11099498.355032545832685 1547910.584238280000176
11099498.355032545832685 1547910.882824217500132
11099498.355032545832685 1547911.181410155000088
11099498.355032545832685 1547911.479996092500044
11099498.355032545832685 1547911.778582030000000
11099498.355032545832685 1547912.077167967499956
11099498.355032545832685 1547912.375753904999912
11099498.355032545832685 1547912.674339842499868
11099498.355032545832685 1547912.972925779999824
11099498.355032545832685 1547913.271511717499780
11099498.355032545832685 1547913.570097654999736
11099498.355032545832685 1547913.868683592499692
11099498.355032545832685 1547914.167269529999648
11099498.653613274999222 1547909.091308592500396
11099498.653613274999222 1547909.389894530000352
11099498.653613274999222 1547909.688480467500308
11099498.653613274999222 1547909.987066405000264
11099498.653613274999222 1547910.285652342500220
11099498.653613274999222 1547910.584238280000176
11099498.653613274999222 1547910.882824217500132
11099498.653613274999222 1547911.181410155000088
11099498.653613274999222 1547911.479996092500044
11099498.653613274999222 1547911.778582030000000
11099498.653613274999222 1547912.077167967499956
11099498.653613274999222 1547912.375753904999912
11099498.653613274999222 1547912.674339842499868
11099498.653613274999222 1547912.972925779999824
11099498.653613274999222 1547913.271511717499780
11099498.653613274999222 1547913.570097654999736
11099498.653613274999222 1547913.868683592499692
11099498.653613274999222 1547914.167269529999648
11099498.952194004165759 1547909.091308592500396
11099498.952194004165759 1547909.389894530000352
11099498.952194004165759 1547909.688480467500308
11099498.952194004165759 1547909.987066405000264
11099498.952194004165759 1547910.285652342500220
11099498.952194004165759 1547910.584238280000176
11099498.952194004165759 1547910.882824217500132
11099498.952194004165759 1547911.181410155000088
11099498.952194004165759 1547911.479996092500044
11099498.952194004165759 1547911.778582030000000
11099498.952194004165759 1547912.077167967499956
11099498.952194004165759 1547912.375753904999912
11099498.952194004165759 1547912.674339842499868
11099498.952194004165759 1547912.972925779999824
11099498.952194004165759 1547913.271511717499780
11099498.952194004165759 1547913.570097654999736
11099498.952194004165759 1547913.868683592499692
11099498.952194004165759 1547914.167269529999648
11099499.250774733332296 1547909.091308592500396
11099499.250774733332296 1547909.389894530000352
11099499.250774733332296 1547909.688480467500308
11099499.250774733332296 1547909.987066405000264
11099499.250774733332296 1547910.285652342500220
11099499.250774733332296 1547910.584238280000176
11099499.250774733332296 1547910.882824217500132
11099499.250774733332296 1547911.181410155000088
11099499.250774733332296 1547911.479996092500044
11099499.250774733332296 1547911.778582030000000
11099499.250774733332296 1547912.077167967499956
11099499.250774733332296 1547912.375753904999912
11099499.250774733332296 1547912.674339842499868
11099499.250774733332296 1547912.972925779999824
11099499.250774733332296 1547913.271511717499780
11099499.250774733332296 1547913.570097654999736
11099499.250774733332296 1547913.868683592499692
11099499.250774733332296 1547914.167269529999648
