11099110.498665337501167 1547835.340582032500396
11099110.498665337501167 1547835.639167970000352
11099110.498665337501167 1547835.937753907500308
11099110.498665337501167 1547836.236339845000264
11099110.498665337501167 1547836.534925782500220
11099110.498665337501167 1547836.833511720000176
11099110.498665337501167 1547837.132097657500132
11099110.498665337501167 1547837.430683595000088
11099110.498665337501167 1547837.729269532500044
11099110.498665337501167 1547838.027855470000000
11099110.498665337501167 1547838.326441407499956
11099110.498665337501167 1547838.625027344999912
11099110.498665337501167 1547838.923613282499868
11099110.498665337501167 1547839.222199219999824
11099110.498665337501167 1547839.520785157499780
11099110.498665337501167 1547839.819371094999736
11099110.498665337501167 1547840.117957032499692
11099110.498665337501167 1547840.416542969999648
11099110.797246066667704 1547835.340582032500396
11099110.797246066667704 1547835.639167970000352
11099110.797246066667704 1547835.937753907500308
11099110.797246066667704 1547836.236339845000264
11099110.797246066667704 1547836.534925782500220
11099110.797246066667704 1547836.833511720000176
11099110.797246066667704 1547837.132097657500132
11099110.797246066667704 1547837.430683595000088
11099110.797246066667704 1547837.729269532500044
11099110.797246066667704 1547838.027855470000000
11099110.797246066667704 1547838.326441407499956
11099110.797246066667704 1547838.625027344999912
11099110.797246066667704 1547838.923613282499868
11099110.797246066667704 1547839.222199219999824
11099110.797246066667704 1547839.520785157499780
11099110.797246066667704 1547839.819371094999736
11099110.797246066667704 1547840.117957032499692
11099110.797246066667704 1547840.416542969999648
11099111.095826795834241 1547835.340582032500396
11099111.095826795834241 1547835.639167970000352
11099111.095826795834241 1547835.937753907500308
11099111.095826795834241 1547836.236339845000264
11099111.095826795834241 1547836.534925782500220
11099111.095826795834241 1547836.833511720000176
11099111.095826795834241 1547837.132097657500132
11099111.095826795834241 1547837.430683595000088
11099111.095826795834241 1547837.729269532500044
11099111.095826795834241 1547838.027855470000000
11099111.095826795834241 1547838.326441407499956
11099111.095826795834241 1547838.625027344999912
11099111.095826795834241 1547838.923613282499868
11099111.095826795834241 1547839.222199219999824
11099111.095826795834241 1547839.520785157499780
11099111.095826795834241 1547839.819371094999736
11099111.095826795834241 1547840.117957032499692
11099111.095826795834241 1547840.416542969999648
11099111.394407525000778 1547835.340582032500396
11099111.394407525000778 1547835.639167970000352
11099111.394407525000778 1547835.937753907500308
11099111.394407525000778 1547836.236339845000264
11099111.394407525000778 1547836.534925782500220
11099111.394407525000778 1547836.833511720000176
11099111.394407525000778 1547837.132097657500132
11099111.394407525000778 1547837.430683595000088
11099111.394407525000778 1547837.729269532500044
11099111.394407525000778 1547838.027855470000000
11099111.394407525000778 1547838.326441407499956
11099111.394407525000778 1547838.625027344999912
11099111.394407525000778 1547838.923613282499868
11099111.394407525000778 1547839.222199219999824
11099111.394407525000778 1547839.520785157499780
11099111.394407525000778 1547839.819371094999736
11099111.394407525000778 1547840.117957032499692
11099111.394407525000778 1547840.416542969999648
11099111.692988254167315 1547835.340582032500396
11099111.692988254167315 1547835.639167970000352
11099111.692988254167315 1547835.937753907500308
11099111.692988254167315 1547836.236339845000264
11099111.692988254167315 1547836.534925782500220
11099111.692988254167315 1547836.833511720000176
11099111.692988254167315 1547837.132097657500132
11099111.692988254167315 1547837.430683595000088
11099111.692988254167315 1547837.729269532500044
11099111.692988254167315 1547838.027855470000000
11099111.692988254167315 1547838.326441407499956
11099111.692988254167315 1547838.625027344999912
11099111.692988254167315 1547838.923613282499868
11099111.692988254167315 1547839.222199219999824
11099111.692988254167315 1547839.520785157499780
11099111.692988254167315 1547839.819371094999736
11099111.692988254167315 1547840.117957032499692
11099111.692988254167315 1547840.416542969999648
11099111.991568983333852 1547835.340582032500396
11099111.991568983333852 1547835.639167970000352
11099111.991568983333852 1547835.937753907500308
11099111.991568983333852 1547836.236339845000264
11099111.991568983333852 1547836.534925782500220
11099111.991568983333852 1547836.833511720000176
11099111.991568983333852 1547837.132097657500132
11099111.991568983333852 1547837.430683595000088
11099111.991568983333852 1547837.729269532500044
11099111.991568983333852 1547838.027855470000000
11099111.991568983333852 1547838.326441407499956
11099111.991568983333852 1547838.625027344999912
11099111.991568983333852 1547838.923613282499868
11099111.991568983333852 1547839.222199219999824
11099111.991568983333852 1547839.520785157499780
11099111.991568983333852 1547839.819371094999736
11099111.991568983333852 1547840.117957032499692
11099111.991568983333852 1547840.416542969999648
11099112.290149712500389 1547835.340582032500396
11099112.290149712500389 1547835.639167970000352
11099112.290149712500389 1547835.937753907500308
11099112.290149712500389 1547836.236339845000264
11099112.290149712500389 1547836.534925782500220
11099112.290149712500389 1547836.833511720000176
11099112.290149712500389 1547837.132097657500132
11099112.290149712500389 1547837.430683595000088
11099112.290149712500389 1547837.729269532500044
11099112.290149712500389 1547838.027855470000000
11099112.290149712500389 1547838.326441407499956
11099112.290149712500389 1547838.625027344999912
11099112.290149712500389 1547838.923613282499868
11099112.290149712500389 1547839.222199219999824
11099112.290149712500389 1547839.520785157499780
11099112.290149712500389 1547839.819371094999736
11099112.290149712500389 1547840.117957032499692
11099112.290149712500389 1547840.416542969999648
11099112.588730441666926 1547835.340582032500396
11099112.588730441666926 1547835.639167970000352
11099112.588730441666926 1547835.937753907500308
11099112.588730441666926 1547836.236339845000264
11099112.588730441666926 1547836.534925782500220
11099112.588730441666926 1547836.833511720000176
11099112.588730441666926 1547837.132097657500132
11099112.588730441666926 1547837.430683595000088
11099112.588730441666926 1547837.729269532500044
11099112.588730441666926 1547838.027855470000000
11099112.588730441666926 1547838.326441407499956
11099112.588730441666926 1547838.625027344999912
11099112.588730441666926 1547838.923613282499868
11099112.588730441666926 1547839.222199219999824
11099112.588730441666926 1547839.520785157499780
11099112.588730441666926 1547839.819371094999736
11099112.588730441666926 1547840.117957032499692
11099112.588730441666926 1547840.416542969999648
11099112.887311170833463 1547835.340582032500396
11099112.887311170833463 1547835.639167970000352
11099112.887311170833463 1547835.937753907500308
11099112.887311170833463 1547836.236339845000264
11099112.887311170833463 1547836.534925782500220
11099112.887311170833463 1547836.833511720000176
11099112.887311170833463 1547837.132097657500132
11099112.887311170833463 1547837.430683595000088
11099112.887311170833463 1547837.729269532500044
11099112.887311170833463 1547838.027855470000000
11099112.887311170833463 1547838.326441407499956
11099112.887311170833463 1547838.625027344999912
11099112.887311170833463 1547838.923613282499868
11099112.887311170833463 1547839.222199219999824
11099112.887311170833463 1547839.520785157499780
11099112.887311170833463 1547839.819371094999736
11099112.887311170833463 1547840.117957032499692
11099112.887311170833463 1547840.416542969999648
11099113.185891900000000 1547835.340582032500396
11099113.185891900000000 1547835.639167970000352
11099113.185891900000000 1547835.937753907500308
11099113.185891900000000 1547836.236339845000264
11099113.185891900000000 1547836.534925782500220
11099113.185891900000000 1547836.833511720000176
11099113.185891900000000 1547837.132097657500132
11099113.185891900000000 1547837.430683595000088
11099113.185891900000000 1547837.729269532500044
11099113.185891900000000 1547838.027855470000000
11099113.185891900000000 1547838.326441407499956
11099113.185891900000000 1547838.625027344999912
11099113.185891900000000 1547838.923613282499868
11099113.185891900000000 1547839.222199219999824
11099113.185891900000000 1547839.520785157499780
11099113.185891900000000 1547839.819371094999736
11099113.185891900000000 1547840.117957032499692
11099113.185891900000000 1547840.416542969999648
11099113.484472629166537 1547835.340582032500396
11099113.484472629166537 1547835.639167970000352
11099113.484472629166537 1547835.937753907500308
11099113.484472629166537 1547836.236339845000264
11099113.484472629166537 1547836.534925782500220
11099113.484472629166537 1547836.833511720000176
11099113.484472629166537 1547837.132097657500132
11099113.484472629166537 1547837.430683595000088
11099113.484472629166537 1547837.729269532500044
11099113.484472629166537 1547838.027855470000000
11099113.484472629166537 1547838.326441407499956
11099113.484472629166537 1547838.625027344999912
11099113.484472629166537 1547838.923613282499868
11099113.484472629166537 1547839.222199219999824
11099113.484472629166537 1547839.520785157499780
11099113.484472629166537 1547839.819371094999736
11099113.484472629166537 1547840.117957032499692
11099113.484472629166537 1547840.416542969999648
11099113.783053358333074 1547835.340582032500396
11099113.783053358333074 1547835.639167970000352
11099113.783053358333074 1547835.937753907500308
11099113.783053358333074 1547836.236339845000264
11099113.783053358333074 1547836.534925782500220
11099113.783053358333074 1547836.833511720000176
11099113.783053358333074 1547837.132097657500132
11099113.783053358333074 1547837.430683595000088
11099113.783053358333074 1547837.729269532500044
11099113.783053358333074 1547838.027855470000000
11099113.783053358333074 1547838.326441407499956
11099113.783053358333074 1547838.625027344999912
11099113.783053358333074 1547838.923613282499868
11099113.783053358333074 1547839.222199219999824
11099113.783053358333074 1547839.520785157499780
11099113.783053358333074 1547839.819371094999736
11099113.783053358333074 1547840.117957032499692
11099113.783053358333074 1547840.416542969999648
11099114.081634087499611 1547835.340582032500396
11099114.081634087499611 1547835.639167970000352
11099114.081634087499611 1547835.937753907500308
11099114.081634087499611 1547836.236339845000264
11099114.081634087499611 1547836.534925782500220
11099114.081634087499611 1547836.833511720000176
11099114.081634087499611 1547837.132097657500132
11099114.081634087499611 1547837.430683595000088
11099114.081634087499611 1547837.729269532500044
11099114.081634087499611 1547838.027855470000000
11099114.081634087499611 1547838.326441407499956
11099114.081634087499611 1547838.625027344999912
11099114.081634087499611 1547838.923613282499868
11099114.081634087499611 1547839.222199219999824
11099114.081634087499611 1547839.520785157499780
11099114.081634087499611 1547839.819371094999736
11099114.081634087499611 1547840.117957032499692
11099114.081634087499611 1547840.416542969999648
11099114.380214816666148 1547835.340582032500396
11099114.380214816666148 1547835.639167970000352
11099114.380214816666148 1547835.937753907500308
11099114.380214816666148 1547836.236339845000264
11099114.380214816666148 1547836.534925782500220
11099114.380214816666148 1547836.833511720000176
11099114.380214816666148 1547837.132097657500132
11099114.380214816666148 1547837.430683595000088
11099114.380214816666148 1547837.729269532500044
11099114.380214816666148 1547838.027855470000000
11099114.380214816666148 1547838.326441407499956
11099114.380214816666148 1547838.625027344999912
11099114.380214816666148 1547838.923613282499868
11099114.380214816666148 1547839.222199219999824
11099114.380214816666148 1547839.520785157499780
11099114.380214816666148 1547839.819371094999736
11099114.380214816666148 1547840.117957032499692
11099114.380214816666148 1547840.416542969999648
11099114.678795545832685 1547835.340582032500396
11099114.678795545832685 1547835.639167970000352
11099114.678795545832685 1547835.937753907500308
11099114.678795545832685 1547836.236339845000264
11099114.678795545832685 1547836.534925782500220
11099114.678795545832685 1547836.833511720000176
11099114.678795545832685 1547837.132097657500132
11099114.678795545832685 1547837.430683595000088
11099114.678795545832685 1547837.729269532500044
11099114.678795545832685 1547838.027855470000000
11099114.678795545832685 1547838.326441407499956
11099114.678795545832685 1547838.625027344999912
11099114.678795545832685 1547838.923613282499868
11099114.678795545832685 1547839.222199219999824
11099114.678795545832685 1547839.520785157499780
11099114.678795545832685 1547839.819371094999736
11099114.678795545832685 1547840.117957032499692
11099114.678795545832685 1547840.416542969999648
11099114.977376274999222 1547835.340582032500396
11099114.977376274999222 1547835.639167970000352
11099114.977376274999222 1547835.937753907500308
11099114.977376274999222 1547836.236339845000264
11099114.977376274999222 1547836.534925782500220
11099114.977376274999222 1547836.833511720000176
11099114.977376274999222 1547837.132097657500132
11099114.977376274999222 1547837.430683595000088
11099114.977376274999222 1547837.729269532500044
11099114.977376274999222 1547838.027855470000000
11099114.977376274999222 1547838.326441407499956
11099114.977376274999222 1547838.625027344999912
11099114.977376274999222 1547838.923613282499868
11099114.977376274999222 1547839.222199219999824
11099114.977376274999222 1547839.520785157499780
11099114.977376274999222 1547839.819371094999736
11099114.977376274999222 1547840.117957032499692
11099114.977376274999222 1547840.416542969999648
11099115.275957004165759 1547835.340582032500396
11099115.275957004165759 1547835.639167970000352
11099115.275957004165759 1547835.937753907500308
11099115.275957004165759 1547836.236339845000264
11099115.275957004165759 1547836.534925782500220
11099115.275957004165759 1547836.833511720000176
11099115.275957004165759 1547837.132097657500132
11099115.275957004165759 1547837.430683595000088
11099115.275957004165759 1547837.729269532500044
11099115.275957004165759 1547838.027855470000000
11099115.275957004165759 1547838.326441407499956
11099115.275957004165759 1547838.625027344999912
11099115.275957004165759 1547838.923613282499868
11099115.275957004165759 1547839.222199219999824
11099115.275957004165759 1547839.520785157499780
11099115.275957004165759 1547839.819371094999736
11099115.275957004165759 1547840.117957032499692
11099115.275957004165759 1547840.416542969999648
11099115.574537733332296 1547835.340582032500396
11099115.574537733332296 1547835.639167970000352
11099115.574537733332296 1547835.937753907500308
11099115.574537733332296 1547836.236339845000264
11099115.574537733332296 1547836.534925782500220
11099115.574537733332296 1547836.833511720000176
11099115.574537733332296 1547837.132097657500132
11099115.574537733332296 1547837.430683595000088
11099115.574537733332296 1547837.729269532500044
11099115.574537733332296 1547838.027855470000000
11099115.574537733332296 1547838.326441407499956
11099115.574537733332296 1547838.625027344999912
11099115.574537733332296 1547838.923613282499868
11099115.574537733332296 1547839.222199219999824
11099115.574537733332296 1547839.520785157499780
11099115.574537733332296 1547839.819371094999736
11099115.574537733332296 1547840.117957032499692
11099115.574537733332296 1547840.416542969999648
