11099240.978444037501167 1547743.973285152500396
11099240.978444037501167 1547744.271871090000352
11099240.978444037501167 1547744.570457027500308
11099240.978444037501167 1547744.869042965000264
11099240.978444037501167 1547745.167628902500220
11099240.978444037501167 1547745.466214840000176
11099240.978444037501167 1547745.764800777500132
11099240.978444037501167 1547746.063386715000088
11099240.978444037501167 1547746.361972652500044
11099240.978444037501167 1547746.660558590000000
11099240.978444037501167 1547746.959144527499956
11099240.978444037501167 1547747.257730464999912
11099240.978444037501167 1547747.556316402499868
11099240.978444037501167 1547747.854902339999824
11099240.978444037501167 1547748.153488277499780
11099240.978444037501167 1547748.452074214999736
11099240.978444037501167 1547748.750660152499692
11099240.978444037501167 1547749.049246089999648
11099241.277024766667704 1547743.973285152500396
11099241.277024766667704 1547744.271871090000352
11099241.277024766667704 1547744.570457027500308
11099241.277024766667704 1547744.869042965000264
11099241.277024766667704 1547745.167628902500220
11099241.277024766667704 1547745.466214840000176
11099241.277024766667704 1547745.764800777500132
11099241.277024766667704 1547746.063386715000088
11099241.277024766667704 1547746.361972652500044
11099241.277024766667704 1547746.660558590000000
11099241.277024766667704 1547746.959144527499956
11099241.277024766667704 1547747.257730464999912
11099241.277024766667704 1547747.556316402499868
11099241.277024766667704 1547747.854902339999824
11099241.277024766667704 1547748.153488277499780
11099241.277024766667704 1547748.452074214999736
11099241.277024766667704 1547748.750660152499692
11099241.277024766667704 1547749.049246089999648
11099241.575605495834241 1547743.973285152500396
11099241.575605495834241 1547744.271871090000352
11099241.575605495834241 1547744.570457027500308
11099241.575605495834241 1547744.869042965000264
11099241.575605495834241 1547745.167628902500220
11099241.575605495834241 1547745.466214840000176
11099241.575605495834241 1547745.764800777500132
11099241.575605495834241 1547746.063386715000088
11099241.575605495834241 1547746.361972652500044
11099241.575605495834241 1547746.660558590000000
11099241.575605495834241 1547746.959144527499956
11099241.575605495834241 1547747.257730464999912
11099241.575605495834241 1547747.556316402499868
11099241.575605495834241 1547747.854902339999824
11099241.575605495834241 1547748.153488277499780
11099241.575605495834241 1547748.452074214999736
11099241.575605495834241 1547748.750660152499692
11099241.575605495834241 1547749.049246089999648
11099241.874186225000778 1547743.973285152500396
11099241.874186225000778 1547744.271871090000352
11099241.874186225000778 1547744.570457027500308
11099241.874186225000778 1547744.869042965000264
11099241.874186225000778 1547745.167628902500220
11099241.874186225000778 1547745.466214840000176
11099241.874186225000778 1547745.764800777500132
11099241.874186225000778 1547746.063386715000088
11099241.874186225000778 1547746.361972652500044
11099241.874186225000778 1547746.660558590000000
11099241.874186225000778 1547746.959144527499956
11099241.874186225000778 1547747.257730464999912
11099241.874186225000778 1547747.556316402499868
11099241.874186225000778 1547747.854902339999824
11099241.874186225000778 1547748.153488277499780
11099241.874186225000778 1547748.452074214999736
11099241.874186225000778 1547748.750660152499692
11099241.874186225000778 1547749.049246089999648
11099242.172766954167315 1547743.973285152500396
11099242.172766954167315 1547744.271871090000352
11099242.172766954167315 1547744.570457027500308
11099242.172766954167315 1547744.869042965000264
11099242.172766954167315 1547745.167628902500220
11099242.172766954167315 1547745.466214840000176
11099242.172766954167315 1547745.764800777500132
11099242.172766954167315 1547746.063386715000088
11099242.172766954167315 1547746.361972652500044
11099242.172766954167315 1547746.660558590000000
11099242.172766954167315 1547746.959144527499956
11099242.172766954167315 1547747.257730464999912
11099242.172766954167315 1547747.556316402499868
11099242.172766954167315 1547747.854902339999824
11099242.172766954167315 1547748.153488277499780
11099242.172766954167315 1547748.452074214999736
11099242.172766954167315 1547748.750660152499692
11099242.172766954167315 1547749.049246089999648
11099242.471347683333852 1547743.973285152500396
11099242.471347683333852 1547744.271871090000352
11099242.471347683333852 1547744.570457027500308
11099242.471347683333852 1547744.869042965000264
11099242.471347683333852 1547745.167628902500220
11099242.471347683333852 1547745.466214840000176
11099242.471347683333852 1547745.764800777500132
11099242.471347683333852 1547746.063386715000088
11099242.471347683333852 1547746.361972652500044
11099242.471347683333852 1547746.660558590000000
11099242.471347683333852 1547746.959144527499956
11099242.471347683333852 1547747.257730464999912
11099242.471347683333852 1547747.556316402499868
11099242.471347683333852 1547747.854902339999824
11099242.471347683333852 1547748.153488277499780
11099242.471347683333852 1547748.452074214999736
11099242.471347683333852 1547748.750660152499692
11099242.471347683333852 1547749.049246089999648
11099242.769928412500389 1547743.973285152500396
11099242.769928412500389 1547744.271871090000352
11099242.769928412500389 1547744.570457027500308
11099242.769928412500389 1547744.869042965000264
11099242.769928412500389 1547745.167628902500220
11099242.769928412500389 1547745.466214840000176
11099242.769928412500389 1547745.764800777500132
11099242.769928412500389 1547746.063386715000088
11099242.769928412500389 1547746.361972652500044
11099242.769928412500389 1547746.660558590000000
11099242.769928412500389 1547746.959144527499956
11099242.769928412500389 1547747.257730464999912
11099242.769928412500389 1547747.556316402499868
11099242.769928412500389 1547747.854902339999824
11099242.769928412500389 1547748.153488277499780
11099242.769928412500389 1547748.452074214999736
11099242.769928412500389 1547748.750660152499692
11099242.769928412500389 1547749.049246089999648
11099243.068509141666926 1547743.973285152500396
11099243.068509141666926 1547744.271871090000352
11099243.068509141666926 1547744.570457027500308
11099243.068509141666926 1547744.869042965000264
11099243.068509141666926 1547745.167628902500220
11099243.068509141666926 1547745.466214840000176
11099243.068509141666926 1547745.764800777500132
11099243.068509141666926 1547746.063386715000088
11099243.068509141666926 1547746.361972652500044
11099243.068509141666926 1547746.660558590000000
11099243.068509141666926 1547746.959144527499956
11099243.068509141666926 1547747.257730464999912
11099243.068509141666926 1547747.556316402499868
11099243.068509141666926 1547747.854902339999824
11099243.068509141666926 1547748.153488277499780
11099243.068509141666926 1547748.452074214999736
11099243.068509141666926 1547748.750660152499692
11099243.068509141666926 1547749.049246089999648
11099243.367089870833463 1547743.973285152500396
11099243.367089870833463 1547744.271871090000352
11099243.367089870833463 1547744.570457027500308
11099243.367089870833463 1547744.869042965000264
11099243.367089870833463 1547745.167628902500220
11099243.367089870833463 1547745.466214840000176
11099243.367089870833463 1547745.764800777500132
11099243.367089870833463 1547746.063386715000088
11099243.367089870833463 1547746.361972652500044
11099243.367089870833463 1547746.660558590000000
11099243.367089870833463 1547746.959144527499956
11099243.367089870833463 1547747.257730464999912
11099243.367089870833463 1547747.556316402499868
11099243.367089870833463 1547747.854902339999824
11099243.367089870833463 1547748.153488277499780
11099243.367089870833463 1547748.452074214999736
11099243.367089870833463 1547748.750660152499692
11099243.367089870833463 1547749.049246089999648
11099243.665670600000000 1547743.973285152500396
11099243.665670600000000 1547744.271871090000352
11099243.665670600000000 1547744.570457027500308
11099243.665670600000000 1547744.869042965000264
11099243.665670600000000 1547745.167628902500220
11099243.665670600000000 1547745.466214840000176
11099243.665670600000000 1547745.764800777500132
11099243.665670600000000 1547746.063386715000088
11099243.665670600000000 1547746.361972652500044
11099243.665670600000000 1547746.660558590000000
11099243.665670600000000 1547746.959144527499956
11099243.665670600000000 1547747.257730464999912
11099243.665670600000000 1547747.556316402499868
11099243.665670600000000 1547747.854902339999824
11099243.665670600000000 1547748.153488277499780
11099243.665670600000000 1547748.452074214999736
11099243.665670600000000 1547748.750660152499692
11099243.665670600000000 1547749.049246089999648
11099243.964251329166537 1547743.973285152500396
11099243.964251329166537 1547744.271871090000352
11099243.964251329166537 1547744.570457027500308
11099243.964251329166537 1547744.869042965000264
11099243.964251329166537 1547745.167628902500220
11099243.964251329166537 1547745.466214840000176
11099243.964251329166537 1547745.764800777500132
11099243.964251329166537 1547746.063386715000088
11099243.964251329166537 1547746.361972652500044
11099243.964251329166537 1547746.660558590000000
11099243.964251329166537 1547746.959144527499956
11099243.964251329166537 1547747.257730464999912
11099243.964251329166537 1547747.556316402499868
11099243.964251329166537 1547747.854902339999824
11099243.964251329166537 1547748.153488277499780
11099243.964251329166537 1547748.452074214999736
11099243.964251329166537 1547748.750660152499692
11099243.964251329166537 1547749.049246089999648
11099244.262832058333074 1547743.973285152500396
11099244.262832058333074 1547744.271871090000352
11099244.262832058333074 1547744.570457027500308
11099244.262832058333074 1547744.869042965000264
11099244.262832058333074 1547745.167628902500220
11099244.262832058333074 1547745.466214840000176
11099244.262832058333074 1547745.764800777500132
11099244.262832058333074 1547746.063386715000088
11099244.262832058333074 1547746.361972652500044
11099244.262832058333074 1547746.660558590000000
11099244.262832058333074 1547746.959144527499956
11099244.262832058333074 1547747.257730464999912
11099244.262832058333074 1547747.556316402499868
11099244.262832058333074 1547747.854902339999824
11099244.262832058333074 1547748.153488277499780
11099244.262832058333074 1547748.452074214999736
11099244.262832058333074 1547748.750660152499692
11099244.262832058333074 1547749.049246089999648
11099244.561412787499611 1547743.973285152500396
11099244.561412787499611 1547744.271871090000352
11099244.561412787499611 1547744.570457027500308
11099244.561412787499611 1547744.869042965000264
11099244.561412787499611 1547745.167628902500220
11099244.561412787499611 1547745.466214840000176
11099244.561412787499611 1547745.764800777500132
11099244.561412787499611 1547746.063386715000088
11099244.561412787499611 1547746.361972652500044
11099244.561412787499611 1547746.660558590000000
11099244.561412787499611 1547746.959144527499956
11099244.561412787499611 1547747.257730464999912
11099244.561412787499611 1547747.556316402499868
11099244.561412787499611 1547747.854902339999824
11099244.561412787499611 1547748.153488277499780
11099244.561412787499611 1547748.452074214999736
11099244.561412787499611 1547748.750660152499692
11099244.561412787499611 1547749.049246089999648
11099244.859993516666148 1547743.973285152500396
11099244.859993516666148 1547744.271871090000352
11099244.859993516666148 1547744.570457027500308
11099244.859993516666148 1547744.869042965000264
11099244.859993516666148 1547745.167628902500220
11099244.859993516666148 1547745.466214840000176
11099244.859993516666148 1547745.764800777500132
11099244.859993516666148 1547746.063386715000088
11099244.859993516666148 1547746.361972652500044
11099244.859993516666148 1547746.660558590000000
11099244.859993516666148 1547746.959144527499956
11099244.859993516666148 1547747.257730464999912
11099244.859993516666148 1547747.556316402499868
11099244.859993516666148 1547747.854902339999824
11099244.859993516666148 1547748.153488277499780
11099244.859993516666148 1547748.452074214999736
11099244.859993516666148 1547748.750660152499692
11099244.859993516666148 1547749.049246089999648
11099245.158574245832685 1547743.973285152500396
11099245.158574245832685 1547744.271871090000352
11099245.158574245832685 1547744.570457027500308
11099245.158574245832685 1547744.869042965000264
11099245.158574245832685 1547745.167628902500220
11099245.158574245832685 1547745.466214840000176
11099245.158574245832685 1547745.764800777500132
11099245.158574245832685 1547746.063386715000088
11099245.158574245832685 1547746.361972652500044
11099245.158574245832685 1547746.660558590000000
11099245.158574245832685 1547746.959144527499956
11099245.158574245832685 1547747.257730464999912
11099245.158574245832685 1547747.556316402499868
11099245.158574245832685 1547747.854902339999824
11099245.158574245832685 1547748.153488277499780
11099245.158574245832685 1547748.452074214999736
11099245.158574245832685 1547748.750660152499692
11099245.158574245832685 1547749.049246089999648
11099245.457154974999222 1547743.973285152500396
11099245.457154974999222 1547744.271871090000352
11099245.457154974999222 1547744.570457027500308
11099245.457154974999222 1547744.869042965000264
11099245.457154974999222 1547745.167628902500220
11099245.457154974999222 1547745.466214840000176
11099245.457154974999222 1547745.764800777500132
11099245.457154974999222 1547746.063386715000088
11099245.457154974999222 1547746.361972652500044
11099245.457154974999222 1547746.660558590000000
11099245.457154974999222 1547746.959144527499956
11099245.457154974999222 1547747.257730464999912
11099245.457154974999222 1547747.556316402499868
11099245.457154974999222 1547747.854902339999824
11099245.457154974999222 1547748.153488277499780
11099245.457154974999222 1547748.452074214999736
11099245.457154974999222 1547748.750660152499692
11099245.457154974999222 1547749.049246089999648
11099245.755735704165759 1547743.973285152500396
11099245.755735704165759 1547744.271871090000352
11099245.755735704165759 1547744.570457027500308
11099245.755735704165759 1547744.869042965000264
11099245.755735704165759 1547745.167628902500220
11099245.755735704165759 1547745.466214840000176
11099245.755735704165759 1547745.764800777500132
11099245.755735704165759 1547746.063386715000088
11099245.755735704165759 1547746.361972652500044
11099245.755735704165759 1547746.660558590000000
11099245.755735704165759 1547746.959144527499956
11099245.755735704165759 1547747.257730464999912
11099245.755735704165759 1547747.556316402499868
11099245.755735704165759 1547747.854902339999824
11099245.755735704165759 1547748.153488277499780
11099245.755735704165759 1547748.452074214999736
11099245.755735704165759 1547748.750660152499692
11099245.755735704165759 1547749.049246089999648
11099246.054316433332296 1547743.973285152500396
11099246.054316433332296 1547744.271871090000352
11099246.054316433332296 1547744.570457027500308
11099246.054316433332296 1547744.869042965000264
11099246.054316433332296 1547745.167628902500220
11099246.054316433332296 1547745.466214840000176
11099246.054316433332296 1547745.764800777500132
11099246.054316433332296 1547746.063386715000088
11099246.054316433332296 1547746.361972652500044
11099246.054316433332296 1547746.660558590000000
11099246.054316433332296 1547746.959144527499956
11099246.054316433332296 1547747.257730464999912
11099246.054316433332296 1547747.556316402499868
11099246.054316433332296 1547747.854902339999824
11099246.054316433332296 1547748.153488277499780
11099246.054316433332296 1547748.452074214999736
11099246.054316433332296 1547748.750660152499692
11099246.054316433332296 1547749.049246089999648
