11099228.438053337501167 1547653.501746092500396
11099228.438053337501167 1547653.800332030000352
11099228.438053337501167 1547654.098917967500308
11099228.438053337501167 1547654.397503905000264
11099228.438053337501167 1547654.696089842500220
11099228.438053337501167 1547654.994675780000176
11099228.438053337501167 1547655.293261717500132
11099228.438053337501167 1547655.591847655000088
11099228.438053337501167 1547655.890433592500044
11099228.438053337501167 1547656.189019530000000
11099228.438053337501167 1547656.487605467499956
11099228.438053337501167 1547656.786191404999912
11099228.438053337501167 1547657.084777342499868
11099228.438053337501167 1547657.383363279999824
11099228.438053337501167 1547657.681949217499780
11099228.438053337501167 1547657.980535154999736
11099228.438053337501167 1547658.279121092499692
11099228.438053337501167 1547658.577707029999648
11099228.736634066667704 1547653.501746092500396
11099228.736634066667704 1547653.800332030000352
11099228.736634066667704 1547654.098917967500308
11099228.736634066667704 1547654.397503905000264
11099228.736634066667704 1547654.696089842500220
11099228.736634066667704 1547654.994675780000176
11099228.736634066667704 1547655.293261717500132
11099228.736634066667704 1547655.591847655000088
11099228.736634066667704 1547655.890433592500044
11099228.736634066667704 1547656.189019530000000
11099228.736634066667704 1547656.487605467499956
11099228.736634066667704 1547656.786191404999912
11099228.736634066667704 1547657.084777342499868
11099228.736634066667704 1547657.383363279999824
11099228.736634066667704 1547657.681949217499780
11099228.736634066667704 1547657.980535154999736
11099228.736634066667704 1547658.279121092499692
11099228.736634066667704 1547658.577707029999648
11099229.035214795834241 1547653.501746092500396
11099229.035214795834241 1547653.800332030000352
11099229.035214795834241 1547654.098917967500308
11099229.035214795834241 1547654.397503905000264
11099229.035214795834241 1547654.696089842500220
11099229.035214795834241 1547654.994675780000176
11099229.035214795834241 1547655.293261717500132
11099229.035214795834241 1547655.591847655000088
11099229.035214795834241 1547655.890433592500044
11099229.035214795834241 1547656.189019530000000
11099229.035214795834241 1547656.487605467499956
11099229.035214795834241 1547656.786191404999912
11099229.035214795834241 1547657.084777342499868
11099229.035214795834241 1547657.383363279999824
11099229.035214795834241 1547657.681949217499780
11099229.035214795834241 1547657.980535154999736
11099229.035214795834241 1547658.279121092499692
11099229.035214795834241 1547658.577707029999648
11099229.333795525000778 1547653.501746092500396
11099229.333795525000778 1547653.800332030000352
11099229.333795525000778 1547654.098917967500308
11099229.333795525000778 1547654.397503905000264
11099229.333795525000778 1547654.696089842500220
11099229.333795525000778 1547654.994675780000176
11099229.333795525000778 1547655.293261717500132
11099229.333795525000778 1547655.591847655000088
11099229.333795525000778 1547655.890433592500044
11099229.333795525000778 1547656.189019530000000
11099229.333795525000778 1547656.487605467499956
11099229.333795525000778 1547656.786191404999912
11099229.333795525000778 1547657.084777342499868
11099229.333795525000778 1547657.383363279999824
11099229.333795525000778 1547657.681949217499780
11099229.333795525000778 1547657.980535154999736
11099229.333795525000778 1547658.279121092499692
11099229.333795525000778 1547658.577707029999648
11099229.632376254167315 1547653.501746092500396
11099229.632376254167315 1547653.800332030000352
11099229.632376254167315 1547654.098917967500308
11099229.632376254167315 1547654.397503905000264
11099229.632376254167315 1547654.696089842500220
11099229.632376254167315 1547654.994675780000176
11099229.632376254167315 1547655.293261717500132
11099229.632376254167315 1547655.591847655000088
11099229.632376254167315 1547655.890433592500044
11099229.632376254167315 1547656.189019530000000
11099229.632376254167315 1547656.487605467499956
11099229.632376254167315 1547656.786191404999912
11099229.632376254167315 1547657.084777342499868
11099229.632376254167315 1547657.383363279999824
11099229.632376254167315 1547657.681949217499780
11099229.632376254167315 1547657.980535154999736
11099229.632376254167315 1547658.279121092499692
11099229.632376254167315 1547658.577707029999648
11099229.930956983333852 1547653.501746092500396
11099229.930956983333852 1547653.800332030000352
11099229.930956983333852 1547654.098917967500308
11099229.930956983333852 1547654.397503905000264
11099229.930956983333852 1547654.696089842500220
11099229.930956983333852 1547654.994675780000176
11099229.930956983333852 1547655.293261717500132
11099229.930956983333852 1547655.591847655000088
11099229.930956983333852 1547655.890433592500044
11099229.930956983333852 1547656.189019530000000
11099229.930956983333852 1547656.487605467499956
11099229.930956983333852 1547656.786191404999912
11099229.930956983333852 1547657.084777342499868
11099229.930956983333852 1547657.383363279999824
11099229.930956983333852 1547657.681949217499780
11099229.930956983333852 1547657.980535154999736
11099229.930956983333852 1547658.279121092499692
11099229.930956983333852 1547658.577707029999648
11099230.229537712500389 1547653.501746092500396
11099230.229537712500389 1547653.800332030000352
11099230.229537712500389 1547654.098917967500308
11099230.229537712500389 1547654.397503905000264
11099230.229537712500389 1547654.696089842500220
11099230.229537712500389 1547654.994675780000176
11099230.229537712500389 1547655.293261717500132
11099230.229537712500389 1547655.591847655000088
11099230.229537712500389 1547655.890433592500044
11099230.229537712500389 1547656.189019530000000
11099230.229537712500389 1547656.487605467499956
11099230.229537712500389 1547656.786191404999912
11099230.229537712500389 1547657.084777342499868
11099230.229537712500389 1547657.383363279999824
11099230.229537712500389 1547657.681949217499780
11099230.229537712500389 1547657.980535154999736
11099230.229537712500389 1547658.279121092499692
11099230.229537712500389 1547658.577707029999648
11099230.528118441666926 1547653.501746092500396
11099230.528118441666926 1547653.800332030000352
11099230.528118441666926 1547654.098917967500308
11099230.528118441666926 1547654.397503905000264
11099230.528118441666926 1547654.696089842500220
11099230.528118441666926 1547654.994675780000176
11099230.528118441666926 1547655.293261717500132
11099230.528118441666926 1547655.591847655000088
11099230.528118441666926 1547655.890433592500044
11099230.528118441666926 1547656.189019530000000
11099230.528118441666926 1547656.487605467499956
11099230.528118441666926 1547656.786191404999912
11099230.528118441666926 1547657.084777342499868
11099230.528118441666926 1547657.383363279999824
11099230.528118441666926 1547657.681949217499780
11099230.528118441666926 1547657.980535154999736
11099230.528118441666926 1547658.279121092499692
11099230.528118441666926 1547658.577707029999648
11099230.826699170833463 1547653.501746092500396
11099230.826699170833463 1547653.800332030000352
11099230.826699170833463 1547654.098917967500308
11099230.826699170833463 1547654.397503905000264
11099230.826699170833463 1547654.696089842500220
11099230.826699170833463 1547654.994675780000176
11099230.826699170833463 1547655.293261717500132
11099230.826699170833463 1547655.591847655000088
11099230.826699170833463 1547655.890433592500044
11099230.826699170833463 1547656.189019530000000
11099230.826699170833463 1547656.487605467499956
11099230.826699170833463 1547656.786191404999912
11099230.826699170833463 1547657.084777342499868
11099230.826699170833463 1547657.383363279999824
11099230.826699170833463 1547657.681949217499780
11099230.826699170833463 1547657.980535154999736
11099230.826699170833463 1547658.279121092499692
11099230.826699170833463 1547658.577707029999648
11099231.125279900000000 1547653.501746092500396
11099231.125279900000000 1547653.800332030000352
11099231.125279900000000 1547654.098917967500308
11099231.125279900000000 1547654.397503905000264
11099231.125279900000000 1547654.696089842500220
11099231.125279900000000 1547654.994675780000176
11099231.125279900000000 1547655.293261717500132
11099231.125279900000000 1547655.591847655000088
11099231.125279900000000 1547655.890433592500044
11099231.125279900000000 1547656.189019530000000
11099231.125279900000000 1547656.487605467499956
11099231.125279900000000 1547656.786191404999912
11099231.125279900000000 1547657.084777342499868
11099231.125279900000000 1547657.383363279999824
11099231.125279900000000 1547657.681949217499780
11099231.125279900000000 1547657.980535154999736
11099231.125279900000000 1547658.279121092499692
11099231.125279900000000 1547658.577707029999648
11099231.423860629166537 1547653.501746092500396
11099231.423860629166537 1547653.800332030000352
11099231.423860629166537 1547654.098917967500308
11099231.423860629166537 1547654.397503905000264
11099231.423860629166537 1547654.696089842500220
11099231.423860629166537 1547654.994675780000176
11099231.423860629166537 1547655.293261717500132
11099231.423860629166537 1547655.591847655000088
11099231.423860629166537 1547655.890433592500044
11099231.423860629166537 1547656.189019530000000
11099231.423860629166537 1547656.487605467499956
11099231.423860629166537 1547656.786191404999912
11099231.423860629166537 1547657.084777342499868
11099231.423860629166537 1547657.383363279999824
11099231.423860629166537 1547657.681949217499780
11099231.423860629166537 1547657.980535154999736
11099231.423860629166537 1547658.279121092499692
11099231.423860629166537 1547658.577707029999648
11099231.722441358333074 1547653.501746092500396
11099231.722441358333074 1547653.800332030000352
11099231.722441358333074 1547654.098917967500308
11099231.722441358333074 1547654.397503905000264
11099231.722441358333074 1547654.696089842500220
11099231.722441358333074 1547654.994675780000176
11099231.722441358333074 1547655.293261717500132
11099231.722441358333074 1547655.591847655000088
11099231.722441358333074 1547655.890433592500044
11099231.722441358333074 1547656.189019530000000
11099231.722441358333074 1547656.487605467499956
11099231.722441358333074 1547656.786191404999912
11099231.722441358333074 1547657.084777342499868
11099231.722441358333074 1547657.383363279999824
11099231.722441358333074 1547657.681949217499780
11099231.722441358333074 1547657.980535154999736
11099231.722441358333074 1547658.279121092499692
11099231.722441358333074 1547658.577707029999648
11099232.021022087499611 1547653.501746092500396
11099232.021022087499611 1547653.800332030000352
11099232.021022087499611 1547654.098917967500308
11099232.021022087499611 1547654.397503905000264
11099232.021022087499611 1547654.696089842500220
11099232.021022087499611 1547654.994675780000176
11099232.021022087499611 1547655.293261717500132
11099232.021022087499611 1547655.591847655000088
11099232.021022087499611 1547655.890433592500044
11099232.021022087499611 1547656.189019530000000
11099232.021022087499611 1547656.487605467499956
11099232.021022087499611 1547656.786191404999912
11099232.021022087499611 1547657.084777342499868
11099232.021022087499611 1547657.383363279999824
11099232.021022087499611 1547657.681949217499780
11099232.021022087499611 1547657.980535154999736
11099232.021022087499611 1547658.279121092499692
11099232.021022087499611 1547658.577707029999648
11099232.319602816666148 1547653.501746092500396
11099232.319602816666148 1547653.800332030000352
11099232.319602816666148 1547654.098917967500308
11099232.319602816666148 1547654.397503905000264
11099232.319602816666148 1547654.696089842500220
11099232.319602816666148 1547654.994675780000176
11099232.319602816666148 1547655.293261717500132
11099232.319602816666148 1547655.591847655000088
11099232.319602816666148 1547655.890433592500044
11099232.319602816666148 1547656.189019530000000
11099232.319602816666148 1547656.487605467499956
11099232.319602816666148 1547656.786191404999912
11099232.319602816666148 1547657.084777342499868
11099232.319602816666148 1547657.383363279999824
11099232.319602816666148 1547657.681949217499780
11099232.319602816666148 1547657.980535154999736
11099232.319602816666148 1547658.279121092499692
11099232.319602816666148 1547658.577707029999648
11099232.618183545832685 1547653.501746092500396
11099232.618183545832685 1547653.800332030000352
11099232.618183545832685 1547654.098917967500308
11099232.618183545832685 1547654.397503905000264
11099232.618183545832685 1547654.696089842500220
11099232.618183545832685 1547654.994675780000176
11099232.618183545832685 1547655.293261717500132
11099232.618183545832685 1547655.591847655000088
11099232.618183545832685 1547655.890433592500044
11099232.618183545832685 1547656.189019530000000
11099232.618183545832685 1547656.487605467499956
11099232.618183545832685 1547656.786191404999912
11099232.618183545832685 1547657.084777342499868
11099232.618183545832685 1547657.383363279999824
11099232.618183545832685 1547657.681949217499780
11099232.618183545832685 1547657.980535154999736
11099232.618183545832685 1547658.279121092499692
11099232.618183545832685 1547658.577707029999648
11099232.916764274999222 1547653.501746092500396
11099232.916764274999222 1547653.800332030000352
11099232.916764274999222 1547654.098917967500308
11099232.916764274999222 1547654.397503905000264
11099232.916764274999222 1547654.696089842500220
11099232.916764274999222 1547654.994675780000176
11099232.916764274999222 1547655.293261717500132
11099232.916764274999222 1547655.591847655000088
11099232.916764274999222 1547655.890433592500044
11099232.916764274999222 1547656.189019530000000
11099232.916764274999222 1547656.487605467499956
11099232.916764274999222 1547656.786191404999912
11099232.916764274999222 1547657.084777342499868
11099232.916764274999222 1547657.383363279999824
11099232.916764274999222 1547657.681949217499780
11099232.916764274999222 1547657.980535154999736
11099232.916764274999222 1547658.279121092499692
11099232.916764274999222 1547658.577707029999648
11099233.215345004165759 1547653.501746092500396
11099233.215345004165759 1547653.800332030000352
11099233.215345004165759 1547654.098917967500308
11099233.215345004165759 1547654.397503905000264
11099233.215345004165759 1547654.696089842500220
11099233.215345004165759 1547654.994675780000176
11099233.215345004165759 1547655.293261717500132
11099233.215345004165759 1547655.591847655000088
11099233.215345004165759 1547655.890433592500044
11099233.215345004165759 1547656.189019530000000
11099233.215345004165759 1547656.487605467499956
11099233.215345004165759 1547656.786191404999912
11099233.215345004165759 1547657.084777342499868
11099233.215345004165759 1547657.383363279999824
11099233.215345004165759 1547657.681949217499780
11099233.215345004165759 1547657.980535154999736
11099233.215345004165759 1547658.279121092499692
11099233.215345004165759 1547658.577707029999648
11099233.513925733332296 1547653.501746092500396
11099233.513925733332296 1547653.800332030000352
11099233.513925733332296 1547654.098917967500308
11099233.513925733332296 1547654.397503905000264
11099233.513925733332296 1547654.696089842500220
11099233.513925733332296 1547654.994675780000176
11099233.513925733332296 1547655.293261717500132
11099233.513925733332296 1547655.591847655000088
11099233.513925733332296 1547655.890433592500044
11099233.513925733332296 1547656.189019530000000
11099233.513925733332296 1547656.487605467499956
11099233.513925733332296 1547656.786191404999912
11099233.513925733332296 1547657.084777342499868
11099233.513925733332296 1547657.383363279999824
11099233.513925733332296 1547657.681949217499780
11099233.513925733332296 1547657.980535154999736
11099233.513925733332296 1547658.279121092499692
11099233.513925733332296 1547658.577707029999648
