11099463.719667937501167 1547841.013714842500396
11099463.719667937501167 1547841.312300780000352
11099463.719667937501167 1547841.610886717500308
11099463.719667937501167 1547841.909472655000264
11099463.719667937501167 1547842.208058592500220
11099463.719667937501167 1547842.506644530000176
11099463.719667937501167 1547842.805230467500132
11099463.719667937501167 1547843.103816405000088
11099463.719667937501167 1547843.402402342500044
11099463.719667937501167 1547843.700988280000000
11099463.719667937501167 1547843.999574217499956
11099463.719667937501167 1547844.298160154999912
11099463.719667937501167 1547844.596746092499868
11099463.719667937501167 1547844.895332029999824
11099463.719667937501167 1547845.193917967499780
11099463.719667937501167 1547845.492503904999736
11099463.719667937501167 1547845.791089842499692
11099463.719667937501167 1547846.089675779999648
11099464.018248666667704 1547841.013714842500396
11099464.018248666667704 1547841.312300780000352
11099464.018248666667704 1547841.610886717500308
11099464.018248666667704 1547841.909472655000264
11099464.018248666667704 1547842.208058592500220
11099464.018248666667704 1547842.506644530000176
11099464.018248666667704 1547842.805230467500132
11099464.018248666667704 1547843.103816405000088
11099464.018248666667704 1547843.402402342500044
11099464.018248666667704 1547843.700988280000000
11099464.018248666667704 1547843.999574217499956
11099464.018248666667704 1547844.298160154999912
11099464.018248666667704 1547844.596746092499868
11099464.018248666667704 1547844.895332029999824
11099464.018248666667704 1547845.193917967499780
11099464.018248666667704 1547845.492503904999736
11099464.018248666667704 1547845.791089842499692
11099464.018248666667704 1547846.089675779999648
11099464.316829395834241 1547841.013714842500396
11099464.316829395834241 1547841.312300780000352
11099464.316829395834241 1547841.610886717500308
11099464.316829395834241 1547841.909472655000264
11099464.316829395834241 1547842.208058592500220
11099464.316829395834241 1547842.506644530000176
11099464.316829395834241 1547842.805230467500132
11099464.316829395834241 1547843.103816405000088
11099464.316829395834241 1547843.402402342500044
11099464.316829395834241 1547843.700988280000000
11099464.316829395834241 1547843.999574217499956
11099464.316829395834241 1547844.298160154999912
11099464.316829395834241 1547844.596746092499868
11099464.316829395834241 1547844.895332029999824
11099464.316829395834241 1547845.193917967499780
11099464.316829395834241 1547845.492503904999736
11099464.316829395834241 1547845.791089842499692
11099464.316829395834241 1547846.089675779999648
11099464.615410125000778 1547841.013714842500396
11099464.615410125000778 1547841.312300780000352
11099464.615410125000778 1547841.610886717500308
11099464.615410125000778 1547841.909472655000264
11099464.615410125000778 1547842.208058592500220
11099464.615410125000778 1547842.506644530000176
11099464.615410125000778 1547842.805230467500132
11099464.615410125000778 1547843.103816405000088
11099464.615410125000778 1547843.402402342500044
11099464.615410125000778 1547843.700988280000000
11099464.615410125000778 1547843.999574217499956
11099464.615410125000778 1547844.298160154999912
11099464.615410125000778 1547844.596746092499868
11099464.615410125000778 1547844.895332029999824
11099464.615410125000778 1547845.193917967499780
11099464.615410125000778 1547845.492503904999736
11099464.615410125000778 1547845.791089842499692
11099464.615410125000778 1547846.089675779999648
11099464.913990854167315 1547841.013714842500396
11099464.913990854167315 1547841.312300780000352
11099464.913990854167315 1547841.610886717500308
11099464.913990854167315 1547841.909472655000264
11099464.913990854167315 1547842.208058592500220
11099464.913990854167315 1547842.506644530000176
11099464.913990854167315 1547842.805230467500132
11099464.913990854167315 1547843.103816405000088
11099464.913990854167315 1547843.402402342500044
11099464.913990854167315 1547843.700988280000000
11099464.913990854167315 1547843.999574217499956
11099464.913990854167315 1547844.298160154999912
11099464.913990854167315 1547844.596746092499868
11099464.913990854167315 1547844.895332029999824
11099464.913990854167315 1547845.193917967499780
11099464.913990854167315 1547845.492503904999736
11099464.913990854167315 1547845.791089842499692
11099464.913990854167315 1547846.089675779999648
11099465.212571583333852 1547841.013714842500396
11099465.212571583333852 1547841.312300780000352
11099465.212571583333852 1547841.610886717500308
11099465.212571583333852 1547841.909472655000264
11099465.212571583333852 1547842.208058592500220
11099465.212571583333852 1547842.506644530000176
11099465.212571583333852 1547842.805230467500132
11099465.212571583333852 1547843.103816405000088
11099465.212571583333852 1547843.402402342500044
11099465.212571583333852 1547843.700988280000000
11099465.212571583333852 1547843.999574217499956
11099465.212571583333852 1547844.298160154999912
11099465.212571583333852 1547844.596746092499868
11099465.212571583333852 1547844.895332029999824
11099465.212571583333852 1547845.193917967499780
11099465.212571583333852 1547845.492503904999736
11099465.212571583333852 1547845.791089842499692
11099465.212571583333852 1547846.089675779999648
11099465.511152312500389 1547841.013714842500396
11099465.511152312500389 1547841.312300780000352
11099465.511152312500389 1547841.610886717500308
11099465.511152312500389 1547841.909472655000264
11099465.511152312500389 1547842.208058592500220
11099465.511152312500389 1547842.506644530000176
11099465.511152312500389 1547842.805230467500132
11099465.511152312500389 1547843.103816405000088
11099465.511152312500389 1547843.402402342500044
11099465.511152312500389 1547843.700988280000000
11099465.511152312500389 1547843.999574217499956
11099465.511152312500389 1547844.298160154999912
11099465.511152312500389 1547844.596746092499868
11099465.511152312500389 1547844.895332029999824
11099465.511152312500389 1547845.193917967499780
11099465.511152312500389 1547845.492503904999736
11099465.511152312500389 1547845.791089842499692
11099465.511152312500389 1547846.089675779999648
11099465.809733041666926 1547841.013714842500396
11099465.809733041666926 1547841.312300780000352
11099465.809733041666926 1547841.610886717500308
11099465.809733041666926 1547841.909472655000264
11099465.809733041666926 1547842.208058592500220
11099465.809733041666926 1547842.506644530000176
11099465.809733041666926 1547842.805230467500132
11099465.809733041666926 1547843.103816405000088
11099465.809733041666926 1547843.402402342500044
11099465.809733041666926 1547843.700988280000000
11099465.809733041666926 1547843.999574217499956
11099465.809733041666926 1547844.298160154999912
11099465.809733041666926 1547844.596746092499868
11099465.809733041666926 1547844.895332029999824
11099465.809733041666926 1547845.193917967499780
11099465.809733041666926 1547845.492503904999736
11099465.809733041666926 1547845.791089842499692
11099465.809733041666926 1547846.089675779999648
11099466.108313770833463 1547841.013714842500396
11099466.108313770833463 1547841.312300780000352
11099466.108313770833463 1547841.610886717500308
11099466.108313770833463 1547841.909472655000264
11099466.108313770833463 1547842.208058592500220
11099466.108313770833463 1547842.506644530000176
11099466.108313770833463 1547842.805230467500132
11099466.108313770833463 1547843.103816405000088
11099466.108313770833463 1547843.402402342500044
11099466.108313770833463 1547843.700988280000000
11099466.108313770833463 1547843.999574217499956
11099466.108313770833463 1547844.298160154999912
11099466.108313770833463 1547844.596746092499868
11099466.108313770833463 1547844.895332029999824
11099466.108313770833463 1547845.193917967499780
11099466.108313770833463 1547845.492503904999736
11099466.108313770833463 1547845.791089842499692
11099466.108313770833463 1547846.089675779999648
11099466.406894500000000 1547841.013714842500396
11099466.406894500000000 1547841.312300780000352
11099466.406894500000000 1547841.610886717500308
11099466.406894500000000 1547841.909472655000264
11099466.406894500000000 1547842.208058592500220
11099466.406894500000000 1547842.506644530000176
11099466.406894500000000 1547842.805230467500132
11099466.406894500000000 1547843.103816405000088
11099466.406894500000000 1547843.402402342500044
11099466.406894500000000 1547843.700988280000000
11099466.406894500000000 1547843.999574217499956
11099466.406894500000000 1547844.298160154999912
11099466.406894500000000 1547844.596746092499868
11099466.406894500000000 1547844.895332029999824
11099466.406894500000000 1547845.193917967499780
11099466.406894500000000 1547845.492503904999736
11099466.406894500000000 1547845.791089842499692
11099466.406894500000000 1547846.089675779999648
11099466.705475229166537 1547841.013714842500396
11099466.705475229166537 1547841.312300780000352
11099466.705475229166537 1547841.610886717500308
11099466.705475229166537 1547841.909472655000264
11099466.705475229166537 1547842.208058592500220
11099466.705475229166537 1547842.506644530000176
11099466.705475229166537 1547842.805230467500132
11099466.705475229166537 1547843.103816405000088
11099466.705475229166537 1547843.402402342500044
11099466.705475229166537 1547843.700988280000000
11099466.705475229166537 1547843.999574217499956
11099466.705475229166537 1547844.298160154999912
11099466.705475229166537 1547844.596746092499868
11099466.705475229166537 1547844.895332029999824
11099466.705475229166537 1547845.193917967499780
11099466.705475229166537 1547845.492503904999736
11099466.705475229166537 1547845.791089842499692
11099466.705475229166537 1547846.089675779999648
11099467.004055958333074 1547841.013714842500396
11099467.004055958333074 1547841.312300780000352
11099467.004055958333074 1547841.610886717500308
11099467.004055958333074 1547841.909472655000264
11099467.004055958333074 1547842.208058592500220
11099467.004055958333074 1547842.506644530000176
11099467.004055958333074 1547842.805230467500132
11099467.004055958333074 1547843.103816405000088
11099467.004055958333074 1547843.402402342500044
11099467.004055958333074 1547843.700988280000000
11099467.004055958333074 1547843.999574217499956
11099467.004055958333074 1547844.298160154999912
11099467.004055958333074 1547844.596746092499868
11099467.004055958333074 1547844.895332029999824
11099467.004055958333074 1547845.193917967499780
11099467.004055958333074 1547845.492503904999736
11099467.004055958333074 1547845.791089842499692
11099467.004055958333074 1547846.089675779999648
11099467.302636687499611 1547841.013714842500396
11099467.302636687499611 1547841.312300780000352
11099467.302636687499611 1547841.610886717500308
11099467.302636687499611 1547841.909472655000264
11099467.302636687499611 1547842.208058592500220
11099467.302636687499611 1547842.506644530000176
11099467.302636687499611 1547842.805230467500132
11099467.302636687499611 1547843.103816405000088
11099467.302636687499611 1547843.402402342500044
11099467.302636687499611 1547843.700988280000000
11099467.302636687499611 1547843.999574217499956
11099467.302636687499611 1547844.298160154999912
11099467.302636687499611 1547844.596746092499868
11099467.302636687499611 1547844.895332029999824
11099467.302636687499611 1547845.193917967499780
11099467.302636687499611 1547845.492503904999736
11099467.302636687499611 1547845.791089842499692
11099467.302636687499611 1547846.089675779999648
11099467.601217416666148 1547841.013714842500396
11099467.601217416666148 1547841.312300780000352
11099467.601217416666148 1547841.610886717500308
11099467.601217416666148 1547841.909472655000264
11099467.601217416666148 1547842.208058592500220
11099467.601217416666148 1547842.506644530000176
11099467.601217416666148 1547842.805230467500132
11099467.601217416666148 1547843.103816405000088
11099467.601217416666148 1547843.402402342500044
11099467.601217416666148 1547843.700988280000000
11099467.601217416666148 1547843.999574217499956
11099467.601217416666148 1547844.298160154999912
11099467.601217416666148 1547844.596746092499868
11099467.601217416666148 1547844.895332029999824
11099467.601217416666148 1547845.193917967499780
11099467.601217416666148 1547845.492503904999736
11099467.601217416666148 1547845.791089842499692
11099467.601217416666148 1547846.089675779999648
11099467.899798145832685 1547841.013714842500396
11099467.899798145832685 1547841.312300780000352
11099467.899798145832685 1547841.610886717500308
11099467.899798145832685 1547841.909472655000264
11099467.899798145832685 1547842.208058592500220
11099467.899798145832685 1547842.506644530000176
11099467.899798145832685 1547842.805230467500132
11099467.899798145832685 1547843.103816405000088
11099467.899798145832685 1547843.402402342500044
11099467.899798145832685 1547843.700988280000000
11099467.899798145832685 1547843.999574217499956
11099467.899798145832685 1547844.298160154999912
11099467.899798145832685 1547844.596746092499868
11099467.899798145832685 1547844.895332029999824
11099467.899798145832685 1547845.193917967499780
11099467.899798145832685 1547845.492503904999736
11099467.899798145832685 1547845.791089842499692
11099467.899798145832685 1547846.089675779999648
11099468.198378874999222 1547841.013714842500396
11099468.198378874999222 1547841.312300780000352
11099468.198378874999222 1547841.610886717500308
11099468.198378874999222 1547841.909472655000264
11099468.198378874999222 1547842.208058592500220
11099468.198378874999222 1547842.506644530000176
11099468.198378874999222 1547842.805230467500132
11099468.198378874999222 1547843.103816405000088
11099468.198378874999222 1547843.402402342500044
11099468.198378874999222 1547843.700988280000000
11099468.198378874999222 1547843.999574217499956
11099468.198378874999222 1547844.298160154999912
11099468.198378874999222 1547844.596746092499868
11099468.198378874999222 1547844.895332029999824
11099468.198378874999222 1547845.193917967499780
11099468.198378874999222 1547845.492503904999736
11099468.198378874999222 1547845.791089842499692
11099468.198378874999222 1547846.089675779999648
11099468.496959604165759 1547841.013714842500396
11099468.496959604165759 1547841.312300780000352
11099468.496959604165759 1547841.610886717500308
11099468.496959604165759 1547841.909472655000264
11099468.496959604165759 1547842.208058592500220
11099468.496959604165759 1547842.506644530000176
11099468.496959604165759 1547842.805230467500132
11099468.496959604165759 1547843.103816405000088
11099468.496959604165759 1547843.402402342500044
11099468.496959604165759 1547843.700988280000000
11099468.496959604165759 1547843.999574217499956
11099468.496959604165759 1547844.298160154999912
11099468.496959604165759 1547844.596746092499868
11099468.496959604165759 1547844.895332029999824
11099468.496959604165759 1547845.193917967499780
11099468.496959604165759 1547845.492503904999736
11099468.496959604165759 1547845.791089842499692
11099468.496959604165759 1547846.089675779999648
11099468.795540333332296 1547841.013714842500396
11099468.795540333332296 1547841.312300780000352
11099468.795540333332296 1547841.610886717500308
11099468.795540333332296 1547841.909472655000264
11099468.795540333332296 1547842.208058592500220
11099468.795540333332296 1547842.506644530000176
11099468.795540333332296 1547842.805230467500132
11099468.795540333332296 1547843.103816405000088
11099468.795540333332296 1547843.402402342500044
11099468.795540333332296 1547843.700988280000000
11099468.795540333332296 1547843.999574217499956
11099468.795540333332296 1547844.298160154999912
11099468.795540333332296 1547844.596746092499868
11099468.795540333332296 1547844.895332029999824
11099468.795540333332296 1547845.193917967499780
11099468.795540333332296 1547845.492503904999736
11099468.795540333332296 1547845.791089842499692
11099468.795540333332296 1547846.089675779999648
