11099254.115996137501167 1547610.803957032500396
11099254.115996137501167 1547611.102542970000352
11099254.115996137501167 1547611.401128907500308
11099254.115996137501167 1547611.699714845000264
11099254.115996137501167 1547611.998300782500220
11099254.115996137501167 1547612.296886720000176
11099254.115996137501167 1547612.595472657500132
11099254.115996137501167 1547612.894058595000088
11099254.115996137501167 1547613.192644532500044
11099254.115996137501167 1547613.491230470000000
11099254.115996137501167 1547613.789816407499956
11099254.115996137501167 1547614.088402344999912
11099254.115996137501167 1547614.386988282499868
11099254.115996137501167 1547614.685574219999824
11099254.115996137501167 1547614.984160157499780
11099254.115996137501167 1547615.282746094999736
11099254.115996137501167 1547615.581332032499692
11099254.115996137501167 1547615.879917969999648
11099254.414576866667704 1547610.803957032500396
11099254.414576866667704 1547611.102542970000352
11099254.414576866667704 1547611.401128907500308
11099254.414576866667704 1547611.699714845000264
11099254.414576866667704 1547611.998300782500220
11099254.414576866667704 1547612.296886720000176
11099254.414576866667704 1547612.595472657500132
11099254.414576866667704 1547612.894058595000088
11099254.414576866667704 1547613.192644532500044
11099254.414576866667704 1547613.491230470000000
11099254.414576866667704 1547613.789816407499956
11099254.414576866667704 1547614.088402344999912
11099254.414576866667704 1547614.386988282499868
11099254.414576866667704 1547614.685574219999824
11099254.414576866667704 1547614.984160157499780
11099254.414576866667704 1547615.282746094999736
11099254.414576866667704 1547615.581332032499692
11099254.414576866667704 1547615.879917969999648
11099254.713157595834241 1547610.803957032500396
11099254.713157595834241 1547611.102542970000352
11099254.713157595834241 1547611.401128907500308
11099254.713157595834241 1547611.699714845000264
11099254.713157595834241 1547611.998300782500220
11099254.713157595834241 1547612.296886720000176
11099254.713157595834241 1547612.595472657500132
11099254.713157595834241 1547612.894058595000088
11099254.713157595834241 1547613.192644532500044
11099254.713157595834241 1547613.491230470000000
11099254.713157595834241 1547613.789816407499956
11099254.713157595834241 1547614.088402344999912
11099254.713157595834241 1547614.386988282499868
11099254.713157595834241 1547614.685574219999824
11099254.713157595834241 1547614.984160157499780
11099254.713157595834241 1547615.282746094999736
11099254.713157595834241 1547615.581332032499692
11099254.713157595834241 1547615.879917969999648
11099255.011738325000778 1547610.803957032500396
11099255.011738325000778 1547611.102542970000352
11099255.011738325000778 1547611.401128907500308
11099255.011738325000778 1547611.699714845000264
11099255.011738325000778 1547611.998300782500220
11099255.011738325000778 1547612.296886720000176
11099255.011738325000778 1547612.595472657500132
11099255.011738325000778 1547612.894058595000088
11099255.011738325000778 1547613.192644532500044
11099255.011738325000778 1547613.491230470000000
11099255.011738325000778 1547613.789816407499956
11099255.011738325000778 1547614.088402344999912
11099255.011738325000778 1547614.386988282499868
11099255.011738325000778 1547614.685574219999824
11099255.011738325000778 1547614.984160157499780
11099255.011738325000778 1547615.282746094999736
11099255.011738325000778 1547615.581332032499692
11099255.011738325000778 1547615.879917969999648
11099255.310319054167315 1547610.803957032500396
11099255.310319054167315 1547611.102542970000352
11099255.310319054167315 1547611.401128907500308
11099255.310319054167315 1547611.699714845000264
11099255.310319054167315 1547611.998300782500220
11099255.310319054167315 1547612.296886720000176
11099255.310319054167315 1547612.595472657500132
11099255.310319054167315 1547612.894058595000088
11099255.310319054167315 1547613.192644532500044
11099255.310319054167315 1547613.491230470000000
11099255.310319054167315 1547613.789816407499956
11099255.310319054167315 1547614.088402344999912
11099255.310319054167315 1547614.386988282499868
11099255.310319054167315 1547614.685574219999824
11099255.310319054167315 1547614.984160157499780
11099255.310319054167315 1547615.282746094999736
11099255.310319054167315 1547615.581332032499692
11099255.310319054167315 1547615.879917969999648
11099255.608899783333852 1547610.803957032500396
11099255.608899783333852 1547611.102542970000352
11099255.608899783333852 1547611.401128907500308
11099255.608899783333852 1547611.699714845000264
11099255.608899783333852 1547611.998300782500220
11099255.608899783333852 1547612.296886720000176
11099255.608899783333852 1547612.595472657500132
11099255.608899783333852 1547612.894058595000088
11099255.608899783333852 1547613.192644532500044
11099255.608899783333852 1547613.491230470000000
11099255.608899783333852 1547613.789816407499956
11099255.608899783333852 1547614.088402344999912
11099255.608899783333852 1547614.386988282499868
11099255.608899783333852 1547614.685574219999824
11099255.608899783333852 1547614.984160157499780
11099255.608899783333852 1547615.282746094999736
11099255.608899783333852 1547615.581332032499692
11099255.608899783333852 1547615.879917969999648
11099255.907480512500389 1547610.803957032500396
11099255.907480512500389 1547611.102542970000352
11099255.907480512500389 1547611.401128907500308
11099255.907480512500389 1547611.699714845000264
11099255.907480512500389 1547611.998300782500220
11099255.907480512500389 1547612.296886720000176
11099255.907480512500389 1547612.595472657500132
11099255.907480512500389 1547612.894058595000088
11099255.907480512500389 1547613.192644532500044
11099255.907480512500389 1547613.491230470000000
11099255.907480512500389 1547613.789816407499956
11099255.907480512500389 1547614.088402344999912
11099255.907480512500389 1547614.386988282499868
11099255.907480512500389 1547614.685574219999824
11099255.907480512500389 1547614.984160157499780
11099255.907480512500389 1547615.282746094999736
11099255.907480512500389 1547615.581332032499692
11099255.907480512500389 1547615.879917969999648
11099256.206061241666926 1547610.803957032500396
11099256.206061241666926 1547611.102542970000352
11099256.206061241666926 1547611.401128907500308
11099256.206061241666926 1547611.699714845000264
11099256.206061241666926 1547611.998300782500220
11099256.206061241666926 1547612.296886720000176
11099256.206061241666926 1547612.595472657500132
11099256.206061241666926 1547612.894058595000088
11099256.206061241666926 1547613.192644532500044
11099256.206061241666926 1547613.491230470000000
11099256.206061241666926 1547613.789816407499956
11099256.206061241666926 1547614.088402344999912
11099256.206061241666926 1547614.386988282499868
11099256.206061241666926 1547614.685574219999824
11099256.206061241666926 1547614.984160157499780
11099256.206061241666926 1547615.282746094999736
11099256.206061241666926 1547615.581332032499692
11099256.206061241666926 1547615.879917969999648
11099256.504641970833463 1547610.803957032500396
11099256.504641970833463 1547611.102542970000352
11099256.504641970833463 1547611.401128907500308
11099256.504641970833463 1547611.699714845000264
11099256.504641970833463 1547611.998300782500220
11099256.504641970833463 1547612.296886720000176
11099256.504641970833463 1547612.595472657500132
11099256.504641970833463 1547612.894058595000088
11099256.504641970833463 1547613.192644532500044
11099256.504641970833463 1547613.491230470000000
11099256.504641970833463 1547613.789816407499956
11099256.504641970833463 1547614.088402344999912
11099256.504641970833463 1547614.386988282499868
11099256.504641970833463 1547614.685574219999824
11099256.504641970833463 1547614.984160157499780
11099256.504641970833463 1547615.282746094999736
11099256.504641970833463 1547615.581332032499692
11099256.504641970833463 1547615.879917969999648
11099256.803222700000000 1547610.803957032500396
11099256.803222700000000 1547611.102542970000352
11099256.803222700000000 1547611.401128907500308
11099256.803222700000000 1547611.699714845000264
11099256.803222700000000 1547611.998300782500220
11099256.803222700000000 1547612.296886720000176
11099256.803222700000000 1547612.595472657500132
11099256.803222700000000 1547612.894058595000088
11099256.803222700000000 1547613.192644532500044
11099256.803222700000000 1547613.491230470000000
11099256.803222700000000 1547613.789816407499956
11099256.803222700000000 1547614.088402344999912
11099256.803222700000000 1547614.386988282499868
11099256.803222700000000 1547614.685574219999824
11099256.803222700000000 1547614.984160157499780
11099256.803222700000000 1547615.282746094999736
11099256.803222700000000 1547615.581332032499692
11099256.803222700000000 1547615.879917969999648
11099257.101803429166537 1547610.803957032500396
11099257.101803429166537 1547611.102542970000352
11099257.101803429166537 1547611.401128907500308
11099257.101803429166537 1547611.699714845000264
11099257.101803429166537 1547611.998300782500220
11099257.101803429166537 1547612.296886720000176
11099257.101803429166537 1547612.595472657500132
11099257.101803429166537 1547612.894058595000088
11099257.101803429166537 1547613.192644532500044
11099257.101803429166537 1547613.491230470000000
11099257.101803429166537 1547613.789816407499956
11099257.101803429166537 1547614.088402344999912
11099257.101803429166537 1547614.386988282499868
11099257.101803429166537 1547614.685574219999824
11099257.101803429166537 1547614.984160157499780
11099257.101803429166537 1547615.282746094999736
11099257.101803429166537 1547615.581332032499692
11099257.101803429166537 1547615.879917969999648
11099257.400384158333074 1547610.803957032500396
11099257.400384158333074 1547611.102542970000352
11099257.400384158333074 1547611.401128907500308
11099257.400384158333074 1547611.699714845000264
11099257.400384158333074 1547611.998300782500220
11099257.400384158333074 1547612.296886720000176
11099257.400384158333074 1547612.595472657500132
11099257.400384158333074 1547612.894058595000088
11099257.400384158333074 1547613.192644532500044
11099257.400384158333074 1547613.491230470000000
11099257.400384158333074 1547613.789816407499956
11099257.400384158333074 1547614.088402344999912
11099257.400384158333074 1547614.386988282499868
11099257.400384158333074 1547614.685574219999824
11099257.400384158333074 1547614.984160157499780
11099257.400384158333074 1547615.282746094999736
11099257.400384158333074 1547615.581332032499692
11099257.400384158333074 1547615.879917969999648
11099257.698964887499611 1547610.803957032500396
11099257.698964887499611 1547611.102542970000352
11099257.698964887499611 1547611.401128907500308
11099257.698964887499611 1547611.699714845000264
11099257.698964887499611 1547611.998300782500220
11099257.698964887499611 1547612.296886720000176
11099257.698964887499611 1547612.595472657500132
11099257.698964887499611 1547612.894058595000088
11099257.698964887499611 1547613.192644532500044
11099257.698964887499611 1547613.491230470000000
11099257.698964887499611 1547613.789816407499956
11099257.698964887499611 1547614.088402344999912
11099257.698964887499611 1547614.386988282499868
11099257.698964887499611 1547614.685574219999824
11099257.698964887499611 1547614.984160157499780
11099257.698964887499611 1547615.282746094999736
11099257.698964887499611 1547615.581332032499692
11099257.698964887499611 1547615.879917969999648
11099257.997545616666148 1547610.803957032500396
11099257.997545616666148 1547611.102542970000352
11099257.997545616666148 1547611.401128907500308
11099257.997545616666148 1547611.699714845000264
11099257.997545616666148 1547611.998300782500220
11099257.997545616666148 1547612.296886720000176
11099257.997545616666148 1547612.595472657500132
11099257.997545616666148 1547612.894058595000088
11099257.997545616666148 1547613.192644532500044
11099257.997545616666148 1547613.491230470000000
11099257.997545616666148 1547613.789816407499956
11099257.997545616666148 1547614.088402344999912
11099257.997545616666148 1547614.386988282499868
11099257.997545616666148 1547614.685574219999824
11099257.997545616666148 1547614.984160157499780
11099257.997545616666148 1547615.282746094999736
11099257.997545616666148 1547615.581332032499692
11099257.997545616666148 1547615.879917969999648
11099258.296126345832685 1547610.803957032500396
11099258.296126345832685 1547611.102542970000352
11099258.296126345832685 1547611.401128907500308
11099258.296126345832685 1547611.699714845000264
11099258.296126345832685 1547611.998300782500220
11099258.296126345832685 1547612.296886720000176
11099258.296126345832685 1547612.595472657500132
11099258.296126345832685 1547612.894058595000088
11099258.296126345832685 1547613.192644532500044
11099258.296126345832685 1547613.491230470000000
11099258.296126345832685 1547613.789816407499956
11099258.296126345832685 1547614.088402344999912
11099258.296126345832685 1547614.386988282499868
11099258.296126345832685 1547614.685574219999824
11099258.296126345832685 1547614.984160157499780
11099258.296126345832685 1547615.282746094999736
11099258.296126345832685 1547615.581332032499692
11099258.296126345832685 1547615.879917969999648
11099258.594707074999222 1547610.803957032500396
11099258.594707074999222 1547611.102542970000352
11099258.594707074999222 1547611.401128907500308
11099258.594707074999222 1547611.699714845000264
11099258.594707074999222 1547611.998300782500220
11099258.594707074999222 1547612.296886720000176
11099258.594707074999222 1547612.595472657500132
11099258.594707074999222 1547612.894058595000088
11099258.594707074999222 1547613.192644532500044
11099258.594707074999222 1547613.491230470000000
11099258.594707074999222 1547613.789816407499956
11099258.594707074999222 1547614.088402344999912
11099258.594707074999222 1547614.386988282499868
11099258.594707074999222 1547614.685574219999824
11099258.594707074999222 1547614.984160157499780
11099258.594707074999222 1547615.282746094999736
11099258.594707074999222 1547615.581332032499692
11099258.594707074999222 1547615.879917969999648
11099258.893287804165759 1547610.803957032500396
11099258.893287804165759 1547611.102542970000352
11099258.893287804165759 1547611.401128907500308
11099258.893287804165759 1547611.699714845000264
11099258.893287804165759 1547611.998300782500220
11099258.893287804165759 1547612.296886720000176
11099258.893287804165759 1547612.595472657500132
11099258.893287804165759 1547612.894058595000088
11099258.893287804165759 1547613.192644532500044
11099258.893287804165759 1547613.491230470000000
11099258.893287804165759 1547613.789816407499956
11099258.893287804165759 1547614.088402344999912
11099258.893287804165759 1547614.386988282499868
11099258.893287804165759 1547614.685574219999824
11099258.893287804165759 1547614.984160157499780
11099258.893287804165759 1547615.282746094999736
11099258.893287804165759 1547615.581332032499692
11099258.893287804165759 1547615.879917969999648
11099259.191868533332296 1547610.803957032500396
11099259.191868533332296 1547611.102542970000352
11099259.191868533332296 1547611.401128907500308
11099259.191868533332296 1547611.699714845000264
11099259.191868533332296 1547611.998300782500220
11099259.191868533332296 1547612.296886720000176
11099259.191868533332296 1547612.595472657500132
11099259.191868533332296 1547612.894058595000088
11099259.191868533332296 1547613.192644532500044
11099259.191868533332296 1547613.491230470000000
11099259.191868533332296 1547613.789816407499956
11099259.191868533332296 1547614.088402344999912
11099259.191868533332296 1547614.386988282499868
11099259.191868533332296 1547614.685574219999824
11099259.191868533332296 1547614.984160157499780
11099259.191868533332296 1547615.282746094999736
11099259.191868533332296 1547615.581332032499692
11099259.191868533332296 1547615.879917969999648
