11098846.254720037501167 1547722.475097652500396
11098846.254720037501167 1547722.773683590000352
11098846.254720037501167 1547723.072269527500308
11098846.254720037501167 1547723.370855465000264
11098846.254720037501167 1547723.669441402500220
11098846.254720037501167 1547723.968027340000176
11098846.254720037501167 1547724.266613277500132
11098846.254720037501167 1547724.565199215000088
11098846.254720037501167 1547724.863785152500044
11098846.254720037501167 1547725.162371090000000
11098846.254720037501167 1547725.460957027499956
11098846.254720037501167 1547725.759542964999912
11098846.254720037501167 1547726.058128902499868
11098846.254720037501167 1547726.356714839999824
11098846.254720037501167 1547726.655300777499780
11098846.254720037501167 1547726.953886714999736
11098846.254720037501167 1547727.252472652499692
11098846.254720037501167 1547727.551058589999648
11098846.553300766667704 1547722.475097652500396
11098846.553300766667704 1547722.773683590000352
11098846.553300766667704 1547723.072269527500308
11098846.553300766667704 1547723.370855465000264
11098846.553300766667704 1547723.669441402500220
11098846.553300766667704 1547723.968027340000176
11098846.553300766667704 1547724.266613277500132
11098846.553300766667704 1547724.565199215000088
11098846.553300766667704 1547724.863785152500044
11098846.553300766667704 1547725.162371090000000
11098846.553300766667704 1547725.460957027499956
11098846.553300766667704 1547725.759542964999912
11098846.553300766667704 1547726.058128902499868
11098846.553300766667704 1547726.356714839999824
11098846.553300766667704 1547726.655300777499780
11098846.553300766667704 1547726.953886714999736
11098846.553300766667704 1547727.252472652499692
11098846.553300766667704 1547727.551058589999648
11098846.851881495834241 1547722.475097652500396
11098846.851881495834241 1547722.773683590000352
11098846.851881495834241 1547723.072269527500308
11098846.851881495834241 1547723.370855465000264
11098846.851881495834241 1547723.669441402500220
11098846.851881495834241 1547723.968027340000176
11098846.851881495834241 1547724.266613277500132
11098846.851881495834241 1547724.565199215000088
11098846.851881495834241 1547724.863785152500044
11098846.851881495834241 1547725.162371090000000
11098846.851881495834241 1547725.460957027499956
11098846.851881495834241 1547725.759542964999912
11098846.851881495834241 1547726.058128902499868
11098846.851881495834241 1547726.356714839999824
11098846.851881495834241 1547726.655300777499780
11098846.851881495834241 1547726.953886714999736
11098846.851881495834241 1547727.252472652499692
11098846.851881495834241 1547727.551058589999648
11098847.150462225000778 1547722.475097652500396
11098847.150462225000778 1547722.773683590000352
11098847.150462225000778 1547723.072269527500308
11098847.150462225000778 1547723.370855465000264
11098847.150462225000778 1547723.669441402500220
11098847.150462225000778 1547723.968027340000176
11098847.150462225000778 1547724.266613277500132
11098847.150462225000778 1547724.565199215000088
11098847.150462225000778 1547724.863785152500044
11098847.150462225000778 1547725.162371090000000
11098847.150462225000778 1547725.460957027499956
11098847.150462225000778 1547725.759542964999912
11098847.150462225000778 1547726.058128902499868
11098847.150462225000778 1547726.356714839999824
11098847.150462225000778 1547726.655300777499780
11098847.150462225000778 1547726.953886714999736
11098847.150462225000778 1547727.252472652499692
11098847.150462225000778 1547727.551058589999648
11098847.449042954167315 1547722.475097652500396
11098847.449042954167315 1547722.773683590000352
11098847.449042954167315 1547723.072269527500308
11098847.449042954167315 1547723.370855465000264
11098847.449042954167315 1547723.669441402500220
11098847.449042954167315 1547723.968027340000176
11098847.449042954167315 1547724.266613277500132
11098847.449042954167315 1547724.565199215000088
11098847.449042954167315 1547724.863785152500044
11098847.449042954167315 1547725.162371090000000
11098847.449042954167315 1547725.460957027499956
11098847.449042954167315 1547725.759542964999912
11098847.449042954167315 1547726.058128902499868
11098847.449042954167315 1547726.356714839999824
11098847.449042954167315 1547726.655300777499780
11098847.449042954167315 1547726.953886714999736
11098847.449042954167315 1547727.252472652499692
11098847.449042954167315 1547727.551058589999648
11098847.747623683333852 1547722.475097652500396
11098847.747623683333852 1547722.773683590000352
11098847.747623683333852 1547723.072269527500308
11098847.747623683333852 1547723.370855465000264
11098847.747623683333852 1547723.669441402500220
11098847.747623683333852 1547723.968027340000176
11098847.747623683333852 1547724.266613277500132
11098847.747623683333852 1547724.565199215000088
11098847.747623683333852 1547724.863785152500044
11098847.747623683333852 1547725.162371090000000
11098847.747623683333852 1547725.460957027499956
11098847.747623683333852 1547725.759542964999912
11098847.747623683333852 1547726.058128902499868
11098847.747623683333852 1547726.356714839999824
11098847.747623683333852 1547726.655300777499780
11098847.747623683333852 1547726.953886714999736
11098847.747623683333852 1547727.252472652499692
11098847.747623683333852 1547727.551058589999648
11098848.046204412500389 1547722.475097652500396
11098848.046204412500389 1547722.773683590000352
11098848.046204412500389 1547723.072269527500308
11098848.046204412500389 1547723.370855465000264
11098848.046204412500389 1547723.669441402500220
11098848.046204412500389 1547723.968027340000176
11098848.046204412500389 1547724.266613277500132
11098848.046204412500389 1547724.565199215000088
11098848.046204412500389 1547724.863785152500044
11098848.046204412500389 1547725.162371090000000
11098848.046204412500389 1547725.460957027499956
11098848.046204412500389 1547725.759542964999912
11098848.046204412500389 1547726.058128902499868
11098848.046204412500389 1547726.356714839999824
11098848.046204412500389 1547726.655300777499780
11098848.046204412500389 1547726.953886714999736
11098848.046204412500389 1547727.252472652499692
11098848.046204412500389 1547727.551058589999648
11098848.344785141666926 1547722.475097652500396
11098848.344785141666926 1547722.773683590000352
11098848.344785141666926 1547723.072269527500308
11098848.344785141666926 1547723.370855465000264
11098848.344785141666926 1547723.669441402500220
11098848.344785141666926 1547723.968027340000176
11098848.344785141666926 1547724.266613277500132
11098848.344785141666926 1547724.565199215000088
11098848.344785141666926 1547724.863785152500044
11098848.344785141666926 1547725.162371090000000
11098848.344785141666926 1547725.460957027499956
11098848.344785141666926 1547725.759542964999912
11098848.344785141666926 1547726.058128902499868
11098848.344785141666926 1547726.356714839999824
11098848.344785141666926 1547726.655300777499780
11098848.344785141666926 1547726.953886714999736
11098848.344785141666926 1547727.252472652499692
11098848.344785141666926 1547727.551058589999648
11098848.643365870833463 1547722.475097652500396
11098848.643365870833463 1547722.773683590000352
11098848.643365870833463 1547723.072269527500308
11098848.643365870833463 1547723.370855465000264
11098848.643365870833463 1547723.669441402500220
11098848.643365870833463 1547723.968027340000176
11098848.643365870833463 1547724.266613277500132
11098848.643365870833463 1547724.565199215000088
11098848.643365870833463 1547724.863785152500044
11098848.643365870833463 1547725.162371090000000
11098848.643365870833463 1547725.460957027499956
11098848.643365870833463 1547725.759542964999912
11098848.643365870833463 1547726.058128902499868
11098848.643365870833463 1547726.356714839999824
11098848.643365870833463 1547726.655300777499780
11098848.643365870833463 1547726.953886714999736
11098848.643365870833463 1547727.252472652499692
11098848.643365870833463 1547727.551058589999648
11098848.941946600000000 1547722.475097652500396
11098848.941946600000000 1547722.773683590000352
11098848.941946600000000 1547723.072269527500308
11098848.941946600000000 1547723.370855465000264
11098848.941946600000000 1547723.669441402500220
11098848.941946600000000 1547723.968027340000176
11098848.941946600000000 1547724.266613277500132
11098848.941946600000000 1547724.565199215000088
11098848.941946600000000 1547724.863785152500044
11098848.941946600000000 1547725.162371090000000
11098848.941946600000000 1547725.460957027499956
11098848.941946600000000 1547725.759542964999912
11098848.941946600000000 1547726.058128902499868
11098848.941946600000000 1547726.356714839999824
11098848.941946600000000 1547726.655300777499780
11098848.941946600000000 1547726.953886714999736
11098848.941946600000000 1547727.252472652499692
11098848.941946600000000 1547727.551058589999648
11098849.240527329166537 1547722.475097652500396
11098849.240527329166537 1547722.773683590000352
11098849.240527329166537 1547723.072269527500308
11098849.240527329166537 1547723.370855465000264
11098849.240527329166537 1547723.669441402500220
11098849.240527329166537 1547723.968027340000176
11098849.240527329166537 1547724.266613277500132
11098849.240527329166537 1547724.565199215000088
11098849.240527329166537 1547724.863785152500044
11098849.240527329166537 1547725.162371090000000
11098849.240527329166537 1547725.460957027499956
11098849.240527329166537 1547725.759542964999912
11098849.240527329166537 1547726.058128902499868
11098849.240527329166537 1547726.356714839999824
11098849.240527329166537 1547726.655300777499780
11098849.240527329166537 1547726.953886714999736
11098849.240527329166537 1547727.252472652499692
11098849.240527329166537 1547727.551058589999648
11098849.539108058333074 1547722.475097652500396
11098849.539108058333074 1547722.773683590000352
11098849.539108058333074 1547723.072269527500308
11098849.539108058333074 1547723.370855465000264
11098849.539108058333074 1547723.669441402500220
11098849.539108058333074 1547723.968027340000176
11098849.539108058333074 1547724.266613277500132
11098849.539108058333074 1547724.565199215000088
11098849.539108058333074 1547724.863785152500044
11098849.539108058333074 1547725.162371090000000
11098849.539108058333074 1547725.460957027499956
11098849.539108058333074 1547725.759542964999912
11098849.539108058333074 1547726.058128902499868
11098849.539108058333074 1547726.356714839999824
11098849.539108058333074 1547726.655300777499780
11098849.539108058333074 1547726.953886714999736
11098849.539108058333074 1547727.252472652499692
11098849.539108058333074 1547727.551058589999648
11098849.837688787499611 1547722.475097652500396
11098849.837688787499611 1547722.773683590000352
11098849.837688787499611 1547723.072269527500308
11098849.837688787499611 1547723.370855465000264
11098849.837688787499611 1547723.669441402500220
11098849.837688787499611 1547723.968027340000176
11098849.837688787499611 1547724.266613277500132
11098849.837688787499611 1547724.565199215000088
11098849.837688787499611 1547724.863785152500044
11098849.837688787499611 1547725.162371090000000
11098849.837688787499611 1547725.460957027499956
11098849.837688787499611 1547725.759542964999912
11098849.837688787499611 1547726.058128902499868
11098849.837688787499611 1547726.356714839999824
11098849.837688787499611 1547726.655300777499780
11098849.837688787499611 1547726.953886714999736
11098849.837688787499611 1547727.252472652499692
11098849.837688787499611 1547727.551058589999648
11098850.136269516666148 1547722.475097652500396
11098850.136269516666148 1547722.773683590000352
11098850.136269516666148 1547723.072269527500308
11098850.136269516666148 1547723.370855465000264
11098850.136269516666148 1547723.669441402500220
11098850.136269516666148 1547723.968027340000176
11098850.136269516666148 1547724.266613277500132
11098850.136269516666148 1547724.565199215000088
11098850.136269516666148 1547724.863785152500044
11098850.136269516666148 1547725.162371090000000
11098850.136269516666148 1547725.460957027499956
11098850.136269516666148 1547725.759542964999912
11098850.136269516666148 1547726.058128902499868
11098850.136269516666148 1547726.356714839999824
11098850.136269516666148 1547726.655300777499780
11098850.136269516666148 1547726.953886714999736
11098850.136269516666148 1547727.252472652499692
11098850.136269516666148 1547727.551058589999648
11098850.434850245832685 1547722.475097652500396
11098850.434850245832685 1547722.773683590000352
11098850.434850245832685 1547723.072269527500308
11098850.434850245832685 1547723.370855465000264
11098850.434850245832685 1547723.669441402500220
11098850.434850245832685 1547723.968027340000176
11098850.434850245832685 1547724.266613277500132
11098850.434850245832685 1547724.565199215000088
11098850.434850245832685 1547724.863785152500044
11098850.434850245832685 1547725.162371090000000
11098850.434850245832685 1547725.460957027499956
11098850.434850245832685 1547725.759542964999912
11098850.434850245832685 1547726.058128902499868
11098850.434850245832685 1547726.356714839999824
11098850.434850245832685 1547726.655300777499780
11098850.434850245832685 1547726.953886714999736
11098850.434850245832685 1547727.252472652499692
11098850.434850245832685 1547727.551058589999648
11098850.733430974999222 1547722.475097652500396
11098850.733430974999222 1547722.773683590000352
11098850.733430974999222 1547723.072269527500308
11098850.733430974999222 1547723.370855465000264
11098850.733430974999222 1547723.669441402500220
11098850.733430974999222 1547723.968027340000176
11098850.733430974999222 1547724.266613277500132
11098850.733430974999222 1547724.565199215000088
11098850.733430974999222 1547724.863785152500044
11098850.733430974999222 1547725.162371090000000
11098850.733430974999222 1547725.460957027499956
11098850.733430974999222 1547725.759542964999912
11098850.733430974999222 1547726.058128902499868
11098850.733430974999222 1547726.356714839999824
11098850.733430974999222 1547726.655300777499780
11098850.733430974999222 1547726.953886714999736
11098850.733430974999222 1547727.252472652499692
11098850.733430974999222 1547727.551058589999648
11098851.032011704165759 1547722.475097652500396
11098851.032011704165759 1547722.773683590000352
11098851.032011704165759 1547723.072269527500308
11098851.032011704165759 1547723.370855465000264
11098851.032011704165759 1547723.669441402500220
11098851.032011704165759 1547723.968027340000176
11098851.032011704165759 1547724.266613277500132
11098851.032011704165759 1547724.565199215000088
11098851.032011704165759 1547724.863785152500044
11098851.032011704165759 1547725.162371090000000
11098851.032011704165759 1547725.460957027499956
11098851.032011704165759 1547725.759542964999912
11098851.032011704165759 1547726.058128902499868
11098851.032011704165759 1547726.356714839999824
11098851.032011704165759 1547726.655300777499780
11098851.032011704165759 1547726.953886714999736
11098851.032011704165759 1547727.252472652499692
11098851.032011704165759 1547727.551058589999648
11098851.330592433332296 1547722.475097652500396
11098851.330592433332296 1547722.773683590000352
11098851.330592433332296 1547723.072269527500308
11098851.330592433332296 1547723.370855465000264
11098851.330592433332296 1547723.669441402500220
11098851.330592433332296 1547723.968027340000176
11098851.330592433332296 1547724.266613277500132
11098851.330592433332296 1547724.565199215000088
11098851.330592433332296 1547724.863785152500044
11098851.330592433332296 1547725.162371090000000
11098851.330592433332296 1547725.460957027499956
11098851.330592433332296 1547725.759542964999912
11098851.330592433332296 1547726.058128902499868
11098851.330592433332296 1547726.356714839999824
11098851.330592433332296 1547726.655300777499780
11098851.330592433332296 1547726.953886714999736
11098851.330592433332296 1547727.252472652499692
11098851.330592433332296 1547727.551058589999648
