11099241.277024737501167 1547616.477089842500396
11099241.277024737501167 1547616.775675780000352
11099241.277024737501167 1547617.074261717500308
11099241.277024737501167 1547617.372847655000264
11099241.277024737501167 1547617.671433592500220
11099241.277024737501167 1547617.970019530000176
11099241.277024737501167 1547618.268605467500132
11099241.277024737501167 1547618.567191405000088
11099241.277024737501167 1547618.865777342500044
11099241.277024737501167 1547619.164363280000000
11099241.277024737501167 1547619.462949217499956
11099241.277024737501167 1547619.761535154999912
11099241.277024737501167 1547620.060121092499868
11099241.277024737501167 1547620.358707029999824
11099241.277024737501167 1547620.657292967499780
11099241.277024737501167 1547620.955878904999736
11099241.277024737501167 1547621.254464842499692
11099241.277024737501167 1547621.553050779999648
11099241.575605466667704 1547616.477089842500396
11099241.575605466667704 1547616.775675780000352
11099241.575605466667704 1547617.074261717500308
11099241.575605466667704 1547617.372847655000264
11099241.575605466667704 1547617.671433592500220
11099241.575605466667704 1547617.970019530000176
11099241.575605466667704 1547618.268605467500132
11099241.575605466667704 1547618.567191405000088
11099241.575605466667704 1547618.865777342500044
11099241.575605466667704 1547619.164363280000000
11099241.575605466667704 1547619.462949217499956
11099241.575605466667704 1547619.761535154999912
11099241.575605466667704 1547620.060121092499868
11099241.575605466667704 1547620.358707029999824
11099241.575605466667704 1547620.657292967499780
11099241.575605466667704 1547620.955878904999736
11099241.575605466667704 1547621.254464842499692
11099241.575605466667704 1547621.553050779999648
11099241.874186195834241 1547616.477089842500396
11099241.874186195834241 1547616.775675780000352
11099241.874186195834241 1547617.074261717500308
11099241.874186195834241 1547617.372847655000264
11099241.874186195834241 1547617.671433592500220
11099241.874186195834241 1547617.970019530000176
11099241.874186195834241 1547618.268605467500132
11099241.874186195834241 1547618.567191405000088
11099241.874186195834241 1547618.865777342500044
11099241.874186195834241 1547619.164363280000000
11099241.874186195834241 1547619.462949217499956
11099241.874186195834241 1547619.761535154999912
11099241.874186195834241 1547620.060121092499868
11099241.874186195834241 1547620.358707029999824
11099241.874186195834241 1547620.657292967499780
11099241.874186195834241 1547620.955878904999736
11099241.874186195834241 1547621.254464842499692
11099241.874186195834241 1547621.553050779999648
11099242.172766925000778 1547616.477089842500396
11099242.172766925000778 1547616.775675780000352
11099242.172766925000778 1547617.074261717500308
11099242.172766925000778 1547617.372847655000264
11099242.172766925000778 1547617.671433592500220
11099242.172766925000778 1547617.970019530000176
11099242.172766925000778 1547618.268605467500132
11099242.172766925000778 1547618.567191405000088
11099242.172766925000778 1547618.865777342500044
11099242.172766925000778 1547619.164363280000000
11099242.172766925000778 1547619.462949217499956
11099242.172766925000778 1547619.761535154999912
11099242.172766925000778 1547620.060121092499868
11099242.172766925000778 1547620.358707029999824
11099242.172766925000778 1547620.657292967499780
11099242.172766925000778 1547620.955878904999736
11099242.172766925000778 1547621.254464842499692
11099242.172766925000778 1547621.553050779999648
11099242.471347654167315 1547616.477089842500396
11099242.471347654167315 1547616.775675780000352
11099242.471347654167315 1547617.074261717500308
11099242.471347654167315 1547617.372847655000264
11099242.471347654167315 1547617.671433592500220
11099242.471347654167315 1547617.970019530000176
11099242.471347654167315 1547618.268605467500132
11099242.471347654167315 1547618.567191405000088
11099242.471347654167315 1547618.865777342500044
11099242.471347654167315 1547619.164363280000000
11099242.471347654167315 1547619.462949217499956
11099242.471347654167315 1547619.761535154999912
11099242.471347654167315 1547620.060121092499868
11099242.471347654167315 1547620.358707029999824
11099242.471347654167315 1547620.657292967499780
11099242.471347654167315 1547620.955878904999736
11099242.471347654167315 1547621.254464842499692
11099242.471347654167315 1547621.553050779999648
11099242.769928383333852 1547616.477089842500396
11099242.769928383333852 1547616.775675780000352
11099242.769928383333852 1547617.074261717500308
11099242.769928383333852 1547617.372847655000264
11099242.769928383333852 1547617.671433592500220
11099242.769928383333852 1547617.970019530000176
11099242.769928383333852 1547618.268605467500132
11099242.769928383333852 1547618.567191405000088
11099242.769928383333852 1547618.865777342500044
11099242.769928383333852 1547619.164363280000000
11099242.769928383333852 1547619.462949217499956
11099242.769928383333852 1547619.761535154999912
11099242.769928383333852 1547620.060121092499868
11099242.769928383333852 1547620.358707029999824
11099242.769928383333852 1547620.657292967499780
11099242.769928383333852 1547620.955878904999736
11099242.769928383333852 1547621.254464842499692
11099242.769928383333852 1547621.553050779999648
11099243.068509112500389 1547616.477089842500396
11099243.068509112500389 1547616.775675780000352
11099243.068509112500389 1547617.074261717500308
11099243.068509112500389 1547617.372847655000264
11099243.068509112500389 1547617.671433592500220
11099243.068509112500389 1547617.970019530000176
11099243.068509112500389 1547618.268605467500132
11099243.068509112500389 1547618.567191405000088
11099243.068509112500389 1547618.865777342500044
11099243.068509112500389 1547619.164363280000000
11099243.068509112500389 1547619.462949217499956
11099243.068509112500389 1547619.761535154999912
11099243.068509112500389 1547620.060121092499868
11099243.068509112500389 1547620.358707029999824
11099243.068509112500389 1547620.657292967499780
11099243.068509112500389 1547620.955878904999736
11099243.068509112500389 1547621.254464842499692
11099243.068509112500389 1547621.553050779999648
11099243.367089841666926 1547616.477089842500396
11099243.367089841666926 1547616.775675780000352
11099243.367089841666926 1547617.074261717500308
11099243.367089841666926 1547617.372847655000264
11099243.367089841666926 1547617.671433592500220
11099243.367089841666926 1547617.970019530000176
11099243.367089841666926 1547618.268605467500132
11099243.367089841666926 1547618.567191405000088
11099243.367089841666926 1547618.865777342500044
11099243.367089841666926 1547619.164363280000000
11099243.367089841666926 1547619.462949217499956
11099243.367089841666926 1547619.761535154999912
11099243.367089841666926 1547620.060121092499868
11099243.367089841666926 1547620.358707029999824
11099243.367089841666926 1547620.657292967499780
11099243.367089841666926 1547620.955878904999736
11099243.367089841666926 1547621.254464842499692
11099243.367089841666926 1547621.553050779999648
11099243.665670570833463 1547616.477089842500396
11099243.665670570833463 1547616.775675780000352
11099243.665670570833463 1547617.074261717500308
11099243.665670570833463 1547617.372847655000264
11099243.665670570833463 1547617.671433592500220
11099243.665670570833463 1547617.970019530000176
11099243.665670570833463 1547618.268605467500132
11099243.665670570833463 1547618.567191405000088
11099243.665670570833463 1547618.865777342500044
11099243.665670570833463 1547619.164363280000000
11099243.665670570833463 1547619.462949217499956
11099243.665670570833463 1547619.761535154999912
11099243.665670570833463 1547620.060121092499868
11099243.665670570833463 1547620.358707029999824
11099243.665670570833463 1547620.657292967499780
11099243.665670570833463 1547620.955878904999736
11099243.665670570833463 1547621.254464842499692
11099243.665670570833463 1547621.553050779999648
11099243.964251300000000 1547616.477089842500396
11099243.964251300000000 1547616.775675780000352
11099243.964251300000000 1547617.074261717500308
11099243.964251300000000 1547617.372847655000264
11099243.964251300000000 1547617.671433592500220
11099243.964251300000000 1547617.970019530000176
11099243.964251300000000 1547618.268605467500132
11099243.964251300000000 1547618.567191405000088
11099243.964251300000000 1547618.865777342500044
11099243.964251300000000 1547619.164363280000000
11099243.964251300000000 1547619.462949217499956
11099243.964251300000000 1547619.761535154999912
11099243.964251300000000 1547620.060121092499868
11099243.964251300000000 1547620.358707029999824
11099243.964251300000000 1547620.657292967499780
11099243.964251300000000 1547620.955878904999736
11099243.964251300000000 1547621.254464842499692
11099243.964251300000000 1547621.553050779999648
11099244.262832029166537 1547616.477089842500396
11099244.262832029166537 1547616.775675780000352
11099244.262832029166537 1547617.074261717500308
11099244.262832029166537 1547617.372847655000264
11099244.262832029166537 1547617.671433592500220
11099244.262832029166537 1547617.970019530000176
11099244.262832029166537 1547618.268605467500132
11099244.262832029166537 1547618.567191405000088
11099244.262832029166537 1547618.865777342500044
11099244.262832029166537 1547619.164363280000000
11099244.262832029166537 1547619.462949217499956
11099244.262832029166537 1547619.761535154999912
11099244.262832029166537 1547620.060121092499868
11099244.262832029166537 1547620.358707029999824
11099244.262832029166537 1547620.657292967499780
11099244.262832029166537 1547620.955878904999736
11099244.262832029166537 1547621.254464842499692
11099244.262832029166537 1547621.553050779999648
11099244.561412758333074 1547616.477089842500396
11099244.561412758333074 1547616.775675780000352
11099244.561412758333074 1547617.074261717500308
11099244.561412758333074 1547617.372847655000264
11099244.561412758333074 1547617.671433592500220
11099244.561412758333074 1547617.970019530000176
11099244.561412758333074 1547618.268605467500132
11099244.561412758333074 1547618.567191405000088
11099244.561412758333074 1547618.865777342500044
11099244.561412758333074 1547619.164363280000000
11099244.561412758333074 1547619.462949217499956
11099244.561412758333074 1547619.761535154999912
11099244.561412758333074 1547620.060121092499868
11099244.561412758333074 1547620.358707029999824
11099244.561412758333074 1547620.657292967499780
11099244.561412758333074 1547620.955878904999736
11099244.561412758333074 1547621.254464842499692
11099244.561412758333074 1547621.553050779999648
11099244.859993487499611 1547616.477089842500396
11099244.859993487499611 1547616.775675780000352
11099244.859993487499611 1547617.074261717500308
11099244.859993487499611 1547617.372847655000264
11099244.859993487499611 1547617.671433592500220
11099244.859993487499611 1547617.970019530000176
11099244.859993487499611 1547618.268605467500132
11099244.859993487499611 1547618.567191405000088
11099244.859993487499611 1547618.865777342500044
11099244.859993487499611 1547619.164363280000000
11099244.859993487499611 1547619.462949217499956
11099244.859993487499611 1547619.761535154999912
11099244.859993487499611 1547620.060121092499868
11099244.859993487499611 1547620.358707029999824
11099244.859993487499611 1547620.657292967499780
11099244.859993487499611 1547620.955878904999736
11099244.859993487499611 1547621.254464842499692
11099244.859993487499611 1547621.553050779999648
11099245.158574216666148 1547616.477089842500396
11099245.158574216666148 1547616.775675780000352
11099245.158574216666148 1547617.074261717500308
11099245.158574216666148 1547617.372847655000264
11099245.158574216666148 1547617.671433592500220
11099245.158574216666148 1547617.970019530000176
11099245.158574216666148 1547618.268605467500132
11099245.158574216666148 1547618.567191405000088
11099245.158574216666148 1547618.865777342500044
11099245.158574216666148 1547619.164363280000000
11099245.158574216666148 1547619.462949217499956
11099245.158574216666148 1547619.761535154999912
11099245.158574216666148 1547620.060121092499868
11099245.158574216666148 1547620.358707029999824
11099245.158574216666148 1547620.657292967499780
11099245.158574216666148 1547620.955878904999736
11099245.158574216666148 1547621.254464842499692
11099245.158574216666148 1547621.553050779999648
11099245.457154945832685 1547616.477089842500396
11099245.457154945832685 1547616.775675780000352
11099245.457154945832685 1547617.074261717500308
11099245.457154945832685 1547617.372847655000264
11099245.457154945832685 1547617.671433592500220
11099245.457154945832685 1547617.970019530000176
11099245.457154945832685 1547618.268605467500132
11099245.457154945832685 1547618.567191405000088
11099245.457154945832685 1547618.865777342500044
11099245.457154945832685 1547619.164363280000000
11099245.457154945832685 1547619.462949217499956
11099245.457154945832685 1547619.761535154999912
11099245.457154945832685 1547620.060121092499868
11099245.457154945832685 1547620.358707029999824
11099245.457154945832685 1547620.657292967499780
11099245.457154945832685 1547620.955878904999736
11099245.457154945832685 1547621.254464842499692
11099245.457154945832685 1547621.553050779999648
11099245.755735674999222 1547616.477089842500396
11099245.755735674999222 1547616.775675780000352
11099245.755735674999222 1547617.074261717500308
11099245.755735674999222 1547617.372847655000264
11099245.755735674999222 1547617.671433592500220
11099245.755735674999222 1547617.970019530000176
11099245.755735674999222 1547618.268605467500132
11099245.755735674999222 1547618.567191405000088
11099245.755735674999222 1547618.865777342500044
11099245.755735674999222 1547619.164363280000000
11099245.755735674999222 1547619.462949217499956
11099245.755735674999222 1547619.761535154999912
11099245.755735674999222 1547620.060121092499868
11099245.755735674999222 1547620.358707029999824
11099245.755735674999222 1547620.657292967499780
11099245.755735674999222 1547620.955878904999736
11099245.755735674999222 1547621.254464842499692
11099245.755735674999222 1547621.553050779999648
11099246.054316404165759 1547616.477089842500396
11099246.054316404165759 1547616.775675780000352
11099246.054316404165759 1547617.074261717500308
11099246.054316404165759 1547617.372847655000264
11099246.054316404165759 1547617.671433592500220
11099246.054316404165759 1547617.970019530000176
11099246.054316404165759 1547618.268605467500132
11099246.054316404165759 1547618.567191405000088
11099246.054316404165759 1547618.865777342500044
11099246.054316404165759 1547619.164363280000000
11099246.054316404165759 1547619.462949217499956
11099246.054316404165759 1547619.761535154999912
11099246.054316404165759 1547620.060121092499868
11099246.054316404165759 1547620.358707029999824
11099246.054316404165759 1547620.657292967499780
11099246.054316404165759 1547620.955878904999736
11099246.054316404165759 1547621.254464842499692
11099246.054316404165759 1547621.553050779999648
11099246.352897133332296 1547616.477089842500396
11099246.352897133332296 1547616.775675780000352
11099246.352897133332296 1547617.074261717500308
11099246.352897133332296 1547617.372847655000264
11099246.352897133332296 1547617.671433592500220
11099246.352897133332296 1547617.970019530000176
11099246.352897133332296 1547618.268605467500132
11099246.352897133332296 1547618.567191405000088
11099246.352897133332296 1547618.865777342500044
11099246.352897133332296 1547619.164363280000000
11099246.352897133332296 1547619.462949217499956
11099246.352897133332296 1547619.761535154999912
11099246.352897133332296 1547620.060121092499868
11099246.352897133332296 1547620.358707029999824
11099246.352897133332296 1547620.657292967499780
11099246.352897133332296 1547620.955878904999736
11099246.352897133332296 1547621.254464842499692
11099246.352897133332296 1547621.553050779999648
