11099428.188561237501167 1547656.487605472500396
11099428.188561237501167 1547656.786191410000352
11099428.188561237501167 1547657.084777347500308
11099428.188561237501167 1547657.383363285000264
11099428.188561237501167 1547657.681949222500220
11099428.188561237501167 1547657.980535160000176
11099428.188561237501167 1547658.279121097500132
11099428.188561237501167 1547658.577707035000088
11099428.188561237501167 1547658.876292972500044
11099428.188561237501167 1547659.174878910000000
11099428.188561237501167 1547659.473464847499956
11099428.188561237501167 1547659.772050784999912
11099428.188561237501167 1547660.070636722499868
11099428.188561237501167 1547660.369222659999824
11099428.188561237501167 1547660.667808597499780
11099428.188561237501167 1547660.966394534999736
11099428.188561237501167 1547661.264980472499692
11099428.188561237501167 1547661.563566409999648
11099428.487141966667704 1547656.487605472500396
11099428.487141966667704 1547656.786191410000352
11099428.487141966667704 1547657.084777347500308
11099428.487141966667704 1547657.383363285000264
11099428.487141966667704 1547657.681949222500220
11099428.487141966667704 1547657.980535160000176
11099428.487141966667704 1547658.279121097500132
11099428.487141966667704 1547658.577707035000088
11099428.487141966667704 1547658.876292972500044
11099428.487141966667704 1547659.174878910000000
11099428.487141966667704 1547659.473464847499956
11099428.487141966667704 1547659.772050784999912
11099428.487141966667704 1547660.070636722499868
11099428.487141966667704 1547660.369222659999824
11099428.487141966667704 1547660.667808597499780
11099428.487141966667704 1547660.966394534999736
11099428.487141966667704 1547661.264980472499692
11099428.487141966667704 1547661.563566409999648
11099428.785722695834241 1547656.487605472500396
11099428.785722695834241 1547656.786191410000352
11099428.785722695834241 1547657.084777347500308
11099428.785722695834241 1547657.383363285000264
11099428.785722695834241 1547657.681949222500220
11099428.785722695834241 1547657.980535160000176
11099428.785722695834241 1547658.279121097500132
11099428.785722695834241 1547658.577707035000088
11099428.785722695834241 1547658.876292972500044
11099428.785722695834241 1547659.174878910000000
11099428.785722695834241 1547659.473464847499956
11099428.785722695834241 1547659.772050784999912
11099428.785722695834241 1547660.070636722499868
11099428.785722695834241 1547660.369222659999824
11099428.785722695834241 1547660.667808597499780
11099428.785722695834241 1547660.966394534999736
11099428.785722695834241 1547661.264980472499692
11099428.785722695834241 1547661.563566409999648
11099429.084303425000778 1547656.487605472500396
11099429.084303425000778 1547656.786191410000352
11099429.084303425000778 1547657.084777347500308
11099429.084303425000778 1547657.383363285000264
11099429.084303425000778 1547657.681949222500220
11099429.084303425000778 1547657.980535160000176
11099429.084303425000778 1547658.279121097500132
11099429.084303425000778 1547658.577707035000088
11099429.084303425000778 1547658.876292972500044
11099429.084303425000778 1547659.174878910000000
11099429.084303425000778 1547659.473464847499956
11099429.084303425000778 1547659.772050784999912
11099429.084303425000778 1547660.070636722499868
11099429.084303425000778 1547660.369222659999824
11099429.084303425000778 1547660.667808597499780
11099429.084303425000778 1547660.966394534999736
11099429.084303425000778 1547661.264980472499692
11099429.084303425000778 1547661.563566409999648
11099429.382884154167315 1547656.487605472500396
11099429.382884154167315 1547656.786191410000352
11099429.382884154167315 1547657.084777347500308
11099429.382884154167315 1547657.383363285000264
11099429.382884154167315 1547657.681949222500220
11099429.382884154167315 1547657.980535160000176
11099429.382884154167315 1547658.279121097500132
11099429.382884154167315 1547658.577707035000088
11099429.382884154167315 1547658.876292972500044
11099429.382884154167315 1547659.174878910000000
11099429.382884154167315 1547659.473464847499956
11099429.382884154167315 1547659.772050784999912
11099429.382884154167315 1547660.070636722499868
11099429.382884154167315 1547660.369222659999824
11099429.382884154167315 1547660.667808597499780
11099429.382884154167315 1547660.966394534999736
11099429.382884154167315 1547661.264980472499692
11099429.382884154167315 1547661.563566409999648
11099429.681464883333852 1547656.487605472500396
11099429.681464883333852 1547656.786191410000352
11099429.681464883333852 1547657.084777347500308
11099429.681464883333852 1547657.383363285000264
11099429.681464883333852 1547657.681949222500220
11099429.681464883333852 1547657.980535160000176
11099429.681464883333852 1547658.279121097500132
11099429.681464883333852 1547658.577707035000088
11099429.681464883333852 1547658.876292972500044
11099429.681464883333852 1547659.174878910000000
11099429.681464883333852 1547659.473464847499956
11099429.681464883333852 1547659.772050784999912
11099429.681464883333852 1547660.070636722499868
11099429.681464883333852 1547660.369222659999824
11099429.681464883333852 1547660.667808597499780
11099429.681464883333852 1547660.966394534999736
11099429.681464883333852 1547661.264980472499692
11099429.681464883333852 1547661.563566409999648
11099429.980045612500389 1547656.487605472500396
11099429.980045612500389 1547656.786191410000352
11099429.980045612500389 1547657.084777347500308
11099429.980045612500389 1547657.383363285000264
11099429.980045612500389 1547657.681949222500220
11099429.980045612500389 1547657.980535160000176
11099429.980045612500389 1547658.279121097500132
11099429.980045612500389 1547658.577707035000088
11099429.980045612500389 1547658.876292972500044
11099429.980045612500389 1547659.174878910000000
11099429.980045612500389 1547659.473464847499956
11099429.980045612500389 1547659.772050784999912
11099429.980045612500389 1547660.070636722499868
11099429.980045612500389 1547660.369222659999824
11099429.980045612500389 1547660.667808597499780
11099429.980045612500389 1547660.966394534999736
11099429.980045612500389 1547661.264980472499692
11099429.980045612500389 1547661.563566409999648
11099430.278626341666926 1547656.487605472500396
11099430.278626341666926 1547656.786191410000352
11099430.278626341666926 1547657.084777347500308
11099430.278626341666926 1547657.383363285000264
11099430.278626341666926 1547657.681949222500220
11099430.278626341666926 1547657.980535160000176
11099430.278626341666926 1547658.279121097500132
11099430.278626341666926 1547658.577707035000088
11099430.278626341666926 1547658.876292972500044
11099430.278626341666926 1547659.174878910000000
11099430.278626341666926 1547659.473464847499956
11099430.278626341666926 1547659.772050784999912
11099430.278626341666926 1547660.070636722499868
11099430.278626341666926 1547660.369222659999824
11099430.278626341666926 1547660.667808597499780
11099430.278626341666926 1547660.966394534999736
11099430.278626341666926 1547661.264980472499692
11099430.278626341666926 1547661.563566409999648
11099430.577207070833463 1547656.487605472500396
11099430.577207070833463 1547656.786191410000352
11099430.577207070833463 1547657.084777347500308
11099430.577207070833463 1547657.383363285000264
11099430.577207070833463 1547657.681949222500220
11099430.577207070833463 1547657.980535160000176
11099430.577207070833463 1547658.279121097500132
11099430.577207070833463 1547658.577707035000088
11099430.577207070833463 1547658.876292972500044
11099430.577207070833463 1547659.174878910000000
11099430.577207070833463 1547659.473464847499956
11099430.577207070833463 1547659.772050784999912
11099430.577207070833463 1547660.070636722499868
11099430.577207070833463 1547660.369222659999824
11099430.577207070833463 1547660.667808597499780
11099430.577207070833463 1547660.966394534999736
11099430.577207070833463 1547661.264980472499692
11099430.577207070833463 1547661.563566409999648
11099430.875787800000000 1547656.487605472500396
11099430.875787800000000 1547656.786191410000352
11099430.875787800000000 1547657.084777347500308
11099430.875787800000000 1547657.383363285000264
11099430.875787800000000 1547657.681949222500220
11099430.875787800000000 1547657.980535160000176
11099430.875787800000000 1547658.279121097500132
11099430.875787800000000 1547658.577707035000088
11099430.875787800000000 1547658.876292972500044
11099430.875787800000000 1547659.174878910000000
11099430.875787800000000 1547659.473464847499956
11099430.875787800000000 1547659.772050784999912
11099430.875787800000000 1547660.070636722499868
11099430.875787800000000 1547660.369222659999824
11099430.875787800000000 1547660.667808597499780
11099430.875787800000000 1547660.966394534999736
11099430.875787800000000 1547661.264980472499692
11099430.875787800000000 1547661.563566409999648
11099431.174368529166537 1547656.487605472500396
11099431.174368529166537 1547656.786191410000352
11099431.174368529166537 1547657.084777347500308
11099431.174368529166537 1547657.383363285000264
11099431.174368529166537 1547657.681949222500220
11099431.174368529166537 1547657.980535160000176
11099431.174368529166537 1547658.279121097500132
11099431.174368529166537 1547658.577707035000088
11099431.174368529166537 1547658.876292972500044
11099431.174368529166537 1547659.174878910000000
11099431.174368529166537 1547659.473464847499956
11099431.174368529166537 1547659.772050784999912
11099431.174368529166537 1547660.070636722499868
11099431.174368529166537 1547660.369222659999824
11099431.174368529166537 1547660.667808597499780
11099431.174368529166537 1547660.966394534999736
11099431.174368529166537 1547661.264980472499692
11099431.174368529166537 1547661.563566409999648
11099431.472949258333074 1547656.487605472500396
11099431.472949258333074 1547656.786191410000352
11099431.472949258333074 1547657.084777347500308
11099431.472949258333074 1547657.383363285000264
11099431.472949258333074 1547657.681949222500220
11099431.472949258333074 1547657.980535160000176
11099431.472949258333074 1547658.279121097500132
11099431.472949258333074 1547658.577707035000088
11099431.472949258333074 1547658.876292972500044
11099431.472949258333074 1547659.174878910000000
11099431.472949258333074 1547659.473464847499956
11099431.472949258333074 1547659.772050784999912
11099431.472949258333074 1547660.070636722499868
11099431.472949258333074 1547660.369222659999824
11099431.472949258333074 1547660.667808597499780
11099431.472949258333074 1547660.966394534999736
11099431.472949258333074 1547661.264980472499692
11099431.472949258333074 1547661.563566409999648
11099431.771529987499611 1547656.487605472500396
11099431.771529987499611 1547656.786191410000352
11099431.771529987499611 1547657.084777347500308
11099431.771529987499611 1547657.383363285000264
11099431.771529987499611 1547657.681949222500220
11099431.771529987499611 1547657.980535160000176
11099431.771529987499611 1547658.279121097500132
11099431.771529987499611 1547658.577707035000088
11099431.771529987499611 1547658.876292972500044
11099431.771529987499611 1547659.174878910000000
11099431.771529987499611 1547659.473464847499956
11099431.771529987499611 1547659.772050784999912
11099431.771529987499611 1547660.070636722499868
11099431.771529987499611 1547660.369222659999824
11099431.771529987499611 1547660.667808597499780
11099431.771529987499611 1547660.966394534999736
11099431.771529987499611 1547661.264980472499692
11099431.771529987499611 1547661.563566409999648
11099432.070110716666148 1547656.487605472500396
11099432.070110716666148 1547656.786191410000352
11099432.070110716666148 1547657.084777347500308
11099432.070110716666148 1547657.383363285000264
11099432.070110716666148 1547657.681949222500220
11099432.070110716666148 1547657.980535160000176
11099432.070110716666148 1547658.279121097500132
11099432.070110716666148 1547658.577707035000088
11099432.070110716666148 1547658.876292972500044
11099432.070110716666148 1547659.174878910000000
11099432.070110716666148 1547659.473464847499956
11099432.070110716666148 1547659.772050784999912
11099432.070110716666148 1547660.070636722499868
11099432.070110716666148 1547660.369222659999824
11099432.070110716666148 1547660.667808597499780
11099432.070110716666148 1547660.966394534999736
11099432.070110716666148 1547661.264980472499692
11099432.070110716666148 1547661.563566409999648
11099432.368691445832685 1547656.487605472500396
11099432.368691445832685 1547656.786191410000352
11099432.368691445832685 1547657.084777347500308
11099432.368691445832685 1547657.383363285000264
11099432.368691445832685 1547657.681949222500220
11099432.368691445832685 1547657.980535160000176
11099432.368691445832685 1547658.279121097500132
11099432.368691445832685 1547658.577707035000088
11099432.368691445832685 1547658.876292972500044
11099432.368691445832685 1547659.174878910000000
11099432.368691445832685 1547659.473464847499956
11099432.368691445832685 1547659.772050784999912
11099432.368691445832685 1547660.070636722499868
11099432.368691445832685 1547660.369222659999824
11099432.368691445832685 1547660.667808597499780
11099432.368691445832685 1547660.966394534999736
11099432.368691445832685 1547661.264980472499692
11099432.368691445832685 1547661.563566409999648
11099432.667272174999222 1547656.487605472500396
11099432.667272174999222 1547656.786191410000352
11099432.667272174999222 1547657.084777347500308
11099432.667272174999222 1547657.383363285000264
11099432.667272174999222 1547657.681949222500220
11099432.667272174999222 1547657.980535160000176
11099432.667272174999222 1547658.279121097500132
11099432.667272174999222 1547658.577707035000088
11099432.667272174999222 1547658.876292972500044
11099432.667272174999222 1547659.174878910000000
11099432.667272174999222 1547659.473464847499956
11099432.667272174999222 1547659.772050784999912
11099432.667272174999222 1547660.070636722499868
11099432.667272174999222 1547660.369222659999824
11099432.667272174999222 1547660.667808597499780
11099432.667272174999222 1547660.966394534999736
11099432.667272174999222 1547661.264980472499692
11099432.667272174999222 1547661.563566409999648
11099432.965852904165759 1547656.487605472500396
11099432.965852904165759 1547656.786191410000352
11099432.965852904165759 1547657.084777347500308
11099432.965852904165759 1547657.383363285000264
11099432.965852904165759 1547657.681949222500220
11099432.965852904165759 1547657.980535160000176
11099432.965852904165759 1547658.279121097500132
11099432.965852904165759 1547658.577707035000088
11099432.965852904165759 1547658.876292972500044
11099432.965852904165759 1547659.174878910000000
11099432.965852904165759 1547659.473464847499956
11099432.965852904165759 1547659.772050784999912
11099432.965852904165759 1547660.070636722499868
11099432.965852904165759 1547660.369222659999824
11099432.965852904165759 1547660.667808597499780
11099432.965852904165759 1547660.966394534999736
11099432.965852904165759 1547661.264980472499692
11099432.965852904165759 1547661.563566409999648
11099433.264433633332296 1547656.487605472500396
11099433.264433633332296 1547656.786191410000352
11099433.264433633332296 1547657.084777347500308
11099433.264433633332296 1547657.383363285000264
11099433.264433633332296 1547657.681949222500220
11099433.264433633332296 1547657.980535160000176
11099433.264433633332296 1547658.279121097500132
11099433.264433633332296 1547658.577707035000088
11099433.264433633332296 1547658.876292972500044
11099433.264433633332296 1547659.174878910000000
11099433.264433633332296 1547659.473464847499956
11099433.264433633332296 1547659.772050784999912
11099433.264433633332296 1547660.070636722499868
11099433.264433633332296 1547660.369222659999824
11099433.264433633332296 1547660.667808597499780
11099433.264433633332296 1547660.966394534999736
11099433.264433633332296 1547661.264980472499692
11099433.264433633332296 1547661.563566409999648
