11099099.451178337501167 1547822.799972652500396
11099099.451178337501167 1547823.098558590000352
11099099.451178337501167 1547823.397144527500308
11099099.451178337501167 1547823.695730465000264
11099099.451178337501167 1547823.994316402500220
11099099.451178337501167 1547824.292902340000176
11099099.451178337501167 1547824.591488277500132
11099099.451178337501167 1547824.890074215000088
11099099.451178337501167 1547825.188660152500044
11099099.451178337501167 1547825.487246090000000
11099099.451178337501167 1547825.785832027499956
11099099.451178337501167 1547826.084417964999912
11099099.451178337501167 1547826.383003902499868
11099099.451178337501167 1547826.681589839999824
11099099.451178337501167 1547826.980175777499780
11099099.451178337501167 1547827.278761714999736
11099099.451178337501167 1547827.577347652499692
11099099.451178337501167 1547827.875933589999648
11099099.749759066667704 1547822.799972652500396
11099099.749759066667704 1547823.098558590000352
11099099.749759066667704 1547823.397144527500308
11099099.749759066667704 1547823.695730465000264
11099099.749759066667704 1547823.994316402500220
11099099.749759066667704 1547824.292902340000176
11099099.749759066667704 1547824.591488277500132
11099099.749759066667704 1547824.890074215000088
11099099.749759066667704 1547825.188660152500044
11099099.749759066667704 1547825.487246090000000
11099099.749759066667704 1547825.785832027499956
11099099.749759066667704 1547826.084417964999912
11099099.749759066667704 1547826.383003902499868
11099099.749759066667704 1547826.681589839999824
11099099.749759066667704 1547826.980175777499780
11099099.749759066667704 1547827.278761714999736
11099099.749759066667704 1547827.577347652499692
11099099.749759066667704 1547827.875933589999648
11099100.048339795834241 1547822.799972652500396
11099100.048339795834241 1547823.098558590000352
11099100.048339795834241 1547823.397144527500308
11099100.048339795834241 1547823.695730465000264
11099100.048339795834241 1547823.994316402500220
11099100.048339795834241 1547824.292902340000176
11099100.048339795834241 1547824.591488277500132
11099100.048339795834241 1547824.890074215000088
11099100.048339795834241 1547825.188660152500044
11099100.048339795834241 1547825.487246090000000
11099100.048339795834241 1547825.785832027499956
11099100.048339795834241 1547826.084417964999912
11099100.048339795834241 1547826.383003902499868
11099100.048339795834241 1547826.681589839999824
11099100.048339795834241 1547826.980175777499780
11099100.048339795834241 1547827.278761714999736
11099100.048339795834241 1547827.577347652499692
11099100.048339795834241 1547827.875933589999648
11099100.346920525000778 1547822.799972652500396
11099100.346920525000778 1547823.098558590000352
11099100.346920525000778 1547823.397144527500308
11099100.346920525000778 1547823.695730465000264
11099100.346920525000778 1547823.994316402500220
11099100.346920525000778 1547824.292902340000176
11099100.346920525000778 1547824.591488277500132
11099100.346920525000778 1547824.890074215000088
11099100.346920525000778 1547825.188660152500044
11099100.346920525000778 1547825.487246090000000
11099100.346920525000778 1547825.785832027499956
11099100.346920525000778 1547826.084417964999912
11099100.346920525000778 1547826.383003902499868
11099100.346920525000778 1547826.681589839999824
11099100.346920525000778 1547826.980175777499780
11099100.346920525000778 1547827.278761714999736
11099100.346920525000778 1547827.577347652499692
11099100.346920525000778 1547827.875933589999648
11099100.645501254167315 1547822.799972652500396
11099100.645501254167315 1547823.098558590000352
11099100.645501254167315 1547823.397144527500308
11099100.645501254167315 1547823.695730465000264
11099100.645501254167315 1547823.994316402500220
11099100.645501254167315 1547824.292902340000176
11099100.645501254167315 1547824.591488277500132
11099100.645501254167315 1547824.890074215000088
11099100.645501254167315 1547825.188660152500044
11099100.645501254167315 1547825.487246090000000
11099100.645501254167315 1547825.785832027499956
11099100.645501254167315 1547826.084417964999912
11099100.645501254167315 1547826.383003902499868
11099100.645501254167315 1547826.681589839999824
11099100.645501254167315 1547826.980175777499780
11099100.645501254167315 1547827.278761714999736
11099100.645501254167315 1547827.577347652499692
11099100.645501254167315 1547827.875933589999648
11099100.944081983333852 1547822.799972652500396
11099100.944081983333852 1547823.098558590000352
11099100.944081983333852 1547823.397144527500308
11099100.944081983333852 1547823.695730465000264
11099100.944081983333852 1547823.994316402500220
11099100.944081983333852 1547824.292902340000176
11099100.944081983333852 1547824.591488277500132
11099100.944081983333852 1547824.890074215000088
11099100.944081983333852 1547825.188660152500044
11099100.944081983333852 1547825.487246090000000
11099100.944081983333852 1547825.785832027499956
11099100.944081983333852 1547826.084417964999912
11099100.944081983333852 1547826.383003902499868
11099100.944081983333852 1547826.681589839999824
11099100.944081983333852 1547826.980175777499780
11099100.944081983333852 1547827.278761714999736
11099100.944081983333852 1547827.577347652499692
11099100.944081983333852 1547827.875933589999648
11099101.242662712500389 1547822.799972652500396
11099101.242662712500389 1547823.098558590000352
11099101.242662712500389 1547823.397144527500308
11099101.242662712500389 1547823.695730465000264
11099101.242662712500389 1547823.994316402500220
11099101.242662712500389 1547824.292902340000176
11099101.242662712500389 1547824.591488277500132
11099101.242662712500389 1547824.890074215000088
11099101.242662712500389 1547825.188660152500044
11099101.242662712500389 1547825.487246090000000
11099101.242662712500389 1547825.785832027499956
11099101.242662712500389 1547826.084417964999912
11099101.242662712500389 1547826.383003902499868
11099101.242662712500389 1547826.681589839999824
11099101.242662712500389 1547826.980175777499780
11099101.242662712500389 1547827.278761714999736
11099101.242662712500389 1547827.577347652499692
11099101.242662712500389 1547827.875933589999648
11099101.541243441666926 1547822.799972652500396
11099101.541243441666926 1547823.098558590000352
11099101.541243441666926 1547823.397144527500308
11099101.541243441666926 1547823.695730465000264
11099101.541243441666926 1547823.994316402500220
11099101.541243441666926 1547824.292902340000176
11099101.541243441666926 1547824.591488277500132
11099101.541243441666926 1547824.890074215000088
11099101.541243441666926 1547825.188660152500044
11099101.541243441666926 1547825.487246090000000
11099101.541243441666926 1547825.785832027499956
11099101.541243441666926 1547826.084417964999912
11099101.541243441666926 1547826.383003902499868
11099101.541243441666926 1547826.681589839999824
11099101.541243441666926 1547826.980175777499780
11099101.541243441666926 1547827.278761714999736
11099101.541243441666926 1547827.577347652499692
11099101.541243441666926 1547827.875933589999648
11099101.839824170833463 1547822.799972652500396
11099101.839824170833463 1547823.098558590000352
11099101.839824170833463 1547823.397144527500308
11099101.839824170833463 1547823.695730465000264
11099101.839824170833463 1547823.994316402500220
11099101.839824170833463 1547824.292902340000176
11099101.839824170833463 1547824.591488277500132
11099101.839824170833463 1547824.890074215000088
11099101.839824170833463 1547825.188660152500044
11099101.839824170833463 1547825.487246090000000
11099101.839824170833463 1547825.785832027499956
11099101.839824170833463 1547826.084417964999912
11099101.839824170833463 1547826.383003902499868
11099101.839824170833463 1547826.681589839999824
11099101.839824170833463 1547826.980175777499780
11099101.839824170833463 1547827.278761714999736
11099101.839824170833463 1547827.577347652499692
11099101.839824170833463 1547827.875933589999648
11099102.138404900000000 1547822.799972652500396
11099102.138404900000000 1547823.098558590000352
11099102.138404900000000 1547823.397144527500308
11099102.138404900000000 1547823.695730465000264
11099102.138404900000000 1547823.994316402500220
11099102.138404900000000 1547824.292902340000176
11099102.138404900000000 1547824.591488277500132
11099102.138404900000000 1547824.890074215000088
11099102.138404900000000 1547825.188660152500044
11099102.138404900000000 1547825.487246090000000
11099102.138404900000000 1547825.785832027499956
11099102.138404900000000 1547826.084417964999912
11099102.138404900000000 1547826.383003902499868
11099102.138404900000000 1547826.681589839999824
11099102.138404900000000 1547826.980175777499780
11099102.138404900000000 1547827.278761714999736
11099102.138404900000000 1547827.577347652499692
11099102.138404900000000 1547827.875933589999648
11099102.436985629166537 1547822.799972652500396
11099102.436985629166537 1547823.098558590000352
11099102.436985629166537 1547823.397144527500308
11099102.436985629166537 1547823.695730465000264
11099102.436985629166537 1547823.994316402500220
11099102.436985629166537 1547824.292902340000176
11099102.436985629166537 1547824.591488277500132
11099102.436985629166537 1547824.890074215000088
11099102.436985629166537 1547825.188660152500044
11099102.436985629166537 1547825.487246090000000
11099102.436985629166537 1547825.785832027499956
11099102.436985629166537 1547826.084417964999912
11099102.436985629166537 1547826.383003902499868
11099102.436985629166537 1547826.681589839999824
11099102.436985629166537 1547826.980175777499780
11099102.436985629166537 1547827.278761714999736
11099102.436985629166537 1547827.577347652499692
11099102.436985629166537 1547827.875933589999648
11099102.735566358333074 1547822.799972652500396
11099102.735566358333074 1547823.098558590000352
11099102.735566358333074 1547823.397144527500308
11099102.735566358333074 1547823.695730465000264
11099102.735566358333074 1547823.994316402500220
11099102.735566358333074 1547824.292902340000176
11099102.735566358333074 1547824.591488277500132
11099102.735566358333074 1547824.890074215000088
11099102.735566358333074 1547825.188660152500044
11099102.735566358333074 1547825.487246090000000
11099102.735566358333074 1547825.785832027499956
11099102.735566358333074 1547826.084417964999912
11099102.735566358333074 1547826.383003902499868
11099102.735566358333074 1547826.681589839999824
11099102.735566358333074 1547826.980175777499780
11099102.735566358333074 1547827.278761714999736
11099102.735566358333074 1547827.577347652499692
11099102.735566358333074 1547827.875933589999648
11099103.034147087499611 1547822.799972652500396
11099103.034147087499611 1547823.098558590000352
11099103.034147087499611 1547823.397144527500308
11099103.034147087499611 1547823.695730465000264
11099103.034147087499611 1547823.994316402500220
11099103.034147087499611 1547824.292902340000176
11099103.034147087499611 1547824.591488277500132
11099103.034147087499611 1547824.890074215000088
11099103.034147087499611 1547825.188660152500044
11099103.034147087499611 1547825.487246090000000
11099103.034147087499611 1547825.785832027499956
11099103.034147087499611 1547826.084417964999912
11099103.034147087499611 1547826.383003902499868
11099103.034147087499611 1547826.681589839999824
11099103.034147087499611 1547826.980175777499780
11099103.034147087499611 1547827.278761714999736
11099103.034147087499611 1547827.577347652499692
11099103.034147087499611 1547827.875933589999648
11099103.332727816666148 1547822.799972652500396
11099103.332727816666148 1547823.098558590000352
11099103.332727816666148 1547823.397144527500308
11099103.332727816666148 1547823.695730465000264
11099103.332727816666148 1547823.994316402500220
11099103.332727816666148 1547824.292902340000176
11099103.332727816666148 1547824.591488277500132
11099103.332727816666148 1547824.890074215000088
11099103.332727816666148 1547825.188660152500044
11099103.332727816666148 1547825.487246090000000
11099103.332727816666148 1547825.785832027499956
11099103.332727816666148 1547826.084417964999912
11099103.332727816666148 1547826.383003902499868
11099103.332727816666148 1547826.681589839999824
11099103.332727816666148 1547826.980175777499780
11099103.332727816666148 1547827.278761714999736
11099103.332727816666148 1547827.577347652499692
11099103.332727816666148 1547827.875933589999648
11099103.631308545832685 1547822.799972652500396
11099103.631308545832685 1547823.098558590000352
11099103.631308545832685 1547823.397144527500308
11099103.631308545832685 1547823.695730465000264
11099103.631308545832685 1547823.994316402500220
11099103.631308545832685 1547824.292902340000176
11099103.631308545832685 1547824.591488277500132
11099103.631308545832685 1547824.890074215000088
11099103.631308545832685 1547825.188660152500044
11099103.631308545832685 1547825.487246090000000
11099103.631308545832685 1547825.785832027499956
11099103.631308545832685 1547826.084417964999912
11099103.631308545832685 1547826.383003902499868
11099103.631308545832685 1547826.681589839999824
11099103.631308545832685 1547826.980175777499780
11099103.631308545832685 1547827.278761714999736
11099103.631308545832685 1547827.577347652499692
11099103.631308545832685 1547827.875933589999648
11099103.929889274999222 1547822.799972652500396
11099103.929889274999222 1547823.098558590000352
11099103.929889274999222 1547823.397144527500308
11099103.929889274999222 1547823.695730465000264
11099103.929889274999222 1547823.994316402500220
11099103.929889274999222 1547824.292902340000176
11099103.929889274999222 1547824.591488277500132
11099103.929889274999222 1547824.890074215000088
11099103.929889274999222 1547825.188660152500044
11099103.929889274999222 1547825.487246090000000
11099103.929889274999222 1547825.785832027499956
11099103.929889274999222 1547826.084417964999912
11099103.929889274999222 1547826.383003902499868
11099103.929889274999222 1547826.681589839999824
11099103.929889274999222 1547826.980175777499780
11099103.929889274999222 1547827.278761714999736
11099103.929889274999222 1547827.577347652499692
11099103.929889274999222 1547827.875933589999648
11099104.228470004165759 1547822.799972652500396
11099104.228470004165759 1547823.098558590000352
11099104.228470004165759 1547823.397144527500308
11099104.228470004165759 1547823.695730465000264
11099104.228470004165759 1547823.994316402500220
11099104.228470004165759 1547824.292902340000176
11099104.228470004165759 1547824.591488277500132
11099104.228470004165759 1547824.890074215000088
11099104.228470004165759 1547825.188660152500044
11099104.228470004165759 1547825.487246090000000
11099104.228470004165759 1547825.785832027499956
11099104.228470004165759 1547826.084417964999912
11099104.228470004165759 1547826.383003902499868
11099104.228470004165759 1547826.681589839999824
11099104.228470004165759 1547826.980175777499780
11099104.228470004165759 1547827.278761714999736
11099104.228470004165759 1547827.577347652499692
11099104.228470004165759 1547827.875933589999648
11099104.527050733332296 1547822.799972652500396
11099104.527050733332296 1547823.098558590000352
11099104.527050733332296 1547823.397144527500308
11099104.527050733332296 1547823.695730465000264
11099104.527050733332296 1547823.994316402500220
11099104.527050733332296 1547824.292902340000176
11099104.527050733332296 1547824.591488277500132
11099104.527050733332296 1547824.890074215000088
11099104.527050733332296 1547825.188660152500044
11099104.527050733332296 1547825.487246090000000
11099104.527050733332296 1547825.785832027499956
11099104.527050733332296 1547826.084417964999912
11099104.527050733332296 1547826.383003902499868
11099104.527050733332296 1547826.681589839999824
11099104.527050733332296 1547826.980175777499780
11099104.527050733332296 1547827.278761714999736
11099104.527050733332296 1547827.577347652499692
11099104.527050733332296 1547827.875933589999648
