11099182.755201837501167 1547651.710230472500396
11099182.755201837501167 1547652.008816410000352
11099182.755201837501167 1547652.307402347500308
11099182.755201837501167 1547652.605988285000264
11099182.755201837501167 1547652.904574222500220
11099182.755201837501167 1547653.203160160000176
11099182.755201837501167 1547653.501746097500132
11099182.755201837501167 1547653.800332035000088
11099182.755201837501167 1547654.098917972500044
11099182.755201837501167 1547654.397503910000000
11099182.755201837501167 1547654.696089847499956
11099182.755201837501167 1547654.994675784999912
11099182.755201837501167 1547655.293261722499868
11099182.755201837501167 1547655.591847659999824
11099182.755201837501167 1547655.890433597499780
11099182.755201837501167 1547656.189019534999736
11099182.755201837501167 1547656.487605472499692
11099182.755201837501167 1547656.786191409999648
11099183.053782566667704 1547651.710230472500396
11099183.053782566667704 1547652.008816410000352
11099183.053782566667704 1547652.307402347500308
11099183.053782566667704 1547652.605988285000264
11099183.053782566667704 1547652.904574222500220
11099183.053782566667704 1547653.203160160000176
11099183.053782566667704 1547653.501746097500132
11099183.053782566667704 1547653.800332035000088
11099183.053782566667704 1547654.098917972500044
11099183.053782566667704 1547654.397503910000000
11099183.053782566667704 1547654.696089847499956
11099183.053782566667704 1547654.994675784999912
11099183.053782566667704 1547655.293261722499868
11099183.053782566667704 1547655.591847659999824
11099183.053782566667704 1547655.890433597499780
11099183.053782566667704 1547656.189019534999736
11099183.053782566667704 1547656.487605472499692
11099183.053782566667704 1547656.786191409999648
11099183.352363295834241 1547651.710230472500396
11099183.352363295834241 1547652.008816410000352
11099183.352363295834241 1547652.307402347500308
11099183.352363295834241 1547652.605988285000264
11099183.352363295834241 1547652.904574222500220
11099183.352363295834241 1547653.203160160000176
11099183.352363295834241 1547653.501746097500132
11099183.352363295834241 1547653.800332035000088
11099183.352363295834241 1547654.098917972500044
11099183.352363295834241 1547654.397503910000000
11099183.352363295834241 1547654.696089847499956
11099183.352363295834241 1547654.994675784999912
11099183.352363295834241 1547655.293261722499868
11099183.352363295834241 1547655.591847659999824
11099183.352363295834241 1547655.890433597499780
11099183.352363295834241 1547656.189019534999736
11099183.352363295834241 1547656.487605472499692
11099183.352363295834241 1547656.786191409999648
11099183.650944025000778 1547651.710230472500396
11099183.650944025000778 1547652.008816410000352
11099183.650944025000778 1547652.307402347500308
11099183.650944025000778 1547652.605988285000264
11099183.650944025000778 1547652.904574222500220
11099183.650944025000778 1547653.203160160000176
11099183.650944025000778 1547653.501746097500132
11099183.650944025000778 1547653.800332035000088
11099183.650944025000778 1547654.098917972500044
11099183.650944025000778 1547654.397503910000000
11099183.650944025000778 1547654.696089847499956
11099183.650944025000778 1547654.994675784999912
11099183.650944025000778 1547655.293261722499868
11099183.650944025000778 1547655.591847659999824
11099183.650944025000778 1547655.890433597499780
11099183.650944025000778 1547656.189019534999736
11099183.650944025000778 1547656.487605472499692
11099183.650944025000778 1547656.786191409999648
11099183.949524754167315 1547651.710230472500396
11099183.949524754167315 1547652.008816410000352
11099183.949524754167315 1547652.307402347500308
11099183.949524754167315 1547652.605988285000264
11099183.949524754167315 1547652.904574222500220
11099183.949524754167315 1547653.203160160000176
11099183.949524754167315 1547653.501746097500132
11099183.949524754167315 1547653.800332035000088
11099183.949524754167315 1547654.098917972500044
11099183.949524754167315 1547654.397503910000000
11099183.949524754167315 1547654.696089847499956
11099183.949524754167315 1547654.994675784999912
11099183.949524754167315 1547655.293261722499868
11099183.949524754167315 1547655.591847659999824
11099183.949524754167315 1547655.890433597499780
11099183.949524754167315 1547656.189019534999736
11099183.949524754167315 1547656.487605472499692
11099183.949524754167315 1547656.786191409999648
11099184.248105483333852 1547651.710230472500396
11099184.248105483333852 1547652.008816410000352
11099184.248105483333852 1547652.307402347500308
11099184.248105483333852 1547652.605988285000264
11099184.248105483333852 1547652.904574222500220
11099184.248105483333852 1547653.203160160000176
11099184.248105483333852 1547653.501746097500132
11099184.248105483333852 1547653.800332035000088
11099184.248105483333852 1547654.098917972500044
11099184.248105483333852 1547654.397503910000000
11099184.248105483333852 1547654.696089847499956
11099184.248105483333852 1547654.994675784999912
11099184.248105483333852 1547655.293261722499868
11099184.248105483333852 1547655.591847659999824
11099184.248105483333852 1547655.890433597499780
11099184.248105483333852 1547656.189019534999736
11099184.248105483333852 1547656.487605472499692
11099184.248105483333852 1547656.786191409999648
11099184.546686212500389 1547651.710230472500396
11099184.546686212500389 1547652.008816410000352
11099184.546686212500389 1547652.307402347500308
11099184.546686212500389 1547652.605988285000264
11099184.546686212500389 1547652.904574222500220
11099184.546686212500389 1547653.203160160000176
11099184.546686212500389 1547653.501746097500132
11099184.546686212500389 1547653.800332035000088
11099184.546686212500389 1547654.098917972500044
11099184.546686212500389 1547654.397503910000000
11099184.546686212500389 1547654.696089847499956
11099184.546686212500389 1547654.994675784999912
11099184.546686212500389 1547655.293261722499868
11099184.546686212500389 1547655.591847659999824
11099184.546686212500389 1547655.890433597499780
11099184.546686212500389 1547656.189019534999736
11099184.546686212500389 1547656.487605472499692
11099184.546686212500389 1547656.786191409999648
11099184.845266941666926 1547651.710230472500396
11099184.845266941666926 1547652.008816410000352
11099184.845266941666926 1547652.307402347500308
11099184.845266941666926 1547652.605988285000264
11099184.845266941666926 1547652.904574222500220
11099184.845266941666926 1547653.203160160000176
11099184.845266941666926 1547653.501746097500132
11099184.845266941666926 1547653.800332035000088
11099184.845266941666926 1547654.098917972500044
11099184.845266941666926 1547654.397503910000000
11099184.845266941666926 1547654.696089847499956
11099184.845266941666926 1547654.994675784999912
11099184.845266941666926 1547655.293261722499868
11099184.845266941666926 1547655.591847659999824
11099184.845266941666926 1547655.890433597499780
11099184.845266941666926 1547656.189019534999736
11099184.845266941666926 1547656.487605472499692
11099184.845266941666926 1547656.786191409999648
11099185.143847670833463 1547651.710230472500396
11099185.143847670833463 1547652.008816410000352
11099185.143847670833463 1547652.307402347500308
11099185.143847670833463 1547652.605988285000264
11099185.143847670833463 1547652.904574222500220
11099185.143847670833463 1547653.203160160000176
11099185.143847670833463 1547653.501746097500132
11099185.143847670833463 1547653.800332035000088
11099185.143847670833463 1547654.098917972500044
11099185.143847670833463 1547654.397503910000000
11099185.143847670833463 1547654.696089847499956
11099185.143847670833463 1547654.994675784999912
11099185.143847670833463 1547655.293261722499868
11099185.143847670833463 1547655.591847659999824
11099185.143847670833463 1547655.890433597499780
11099185.143847670833463 1547656.189019534999736
11099185.143847670833463 1547656.487605472499692
11099185.143847670833463 1547656.786191409999648
11099185.442428400000000 1547651.710230472500396
11099185.442428400000000 1547652.008816410000352
11099185.442428400000000 1547652.307402347500308
11099185.442428400000000 1547652.605988285000264
11099185.442428400000000 1547652.904574222500220
11099185.442428400000000 1547653.203160160000176
11099185.442428400000000 1547653.501746097500132
11099185.442428400000000 1547653.800332035000088
11099185.442428400000000 1547654.098917972500044
11099185.442428400000000 1547654.397503910000000
11099185.442428400000000 1547654.696089847499956
11099185.442428400000000 1547654.994675784999912
11099185.442428400000000 1547655.293261722499868
11099185.442428400000000 1547655.591847659999824
11099185.442428400000000 1547655.890433597499780
11099185.442428400000000 1547656.189019534999736
11099185.442428400000000 1547656.487605472499692
11099185.442428400000000 1547656.786191409999648
11099185.741009129166537 1547651.710230472500396
11099185.741009129166537 1547652.008816410000352
11099185.741009129166537 1547652.307402347500308
11099185.741009129166537 1547652.605988285000264
11099185.741009129166537 1547652.904574222500220
11099185.741009129166537 1547653.203160160000176
11099185.741009129166537 1547653.501746097500132
11099185.741009129166537 1547653.800332035000088
11099185.741009129166537 1547654.098917972500044
11099185.741009129166537 1547654.397503910000000
11099185.741009129166537 1547654.696089847499956
11099185.741009129166537 1547654.994675784999912
11099185.741009129166537 1547655.293261722499868
11099185.741009129166537 1547655.591847659999824
11099185.741009129166537 1547655.890433597499780
11099185.741009129166537 1547656.189019534999736
11099185.741009129166537 1547656.487605472499692
11099185.741009129166537 1547656.786191409999648
11099186.039589858333074 1547651.710230472500396
11099186.039589858333074 1547652.008816410000352
11099186.039589858333074 1547652.307402347500308
11099186.039589858333074 1547652.605988285000264
11099186.039589858333074 1547652.904574222500220
11099186.039589858333074 1547653.203160160000176
11099186.039589858333074 1547653.501746097500132
11099186.039589858333074 1547653.800332035000088
11099186.039589858333074 1547654.098917972500044
11099186.039589858333074 1547654.397503910000000
11099186.039589858333074 1547654.696089847499956
11099186.039589858333074 1547654.994675784999912
11099186.039589858333074 1547655.293261722499868
11099186.039589858333074 1547655.591847659999824
11099186.039589858333074 1547655.890433597499780
11099186.039589858333074 1547656.189019534999736
11099186.039589858333074 1547656.487605472499692
11099186.039589858333074 1547656.786191409999648
11099186.338170587499611 1547651.710230472500396
11099186.338170587499611 1547652.008816410000352
11099186.338170587499611 1547652.307402347500308
11099186.338170587499611 1547652.605988285000264
11099186.338170587499611 1547652.904574222500220
11099186.338170587499611 1547653.203160160000176
11099186.338170587499611 1547653.501746097500132
11099186.338170587499611 1547653.800332035000088
11099186.338170587499611 1547654.098917972500044
11099186.338170587499611 1547654.397503910000000
11099186.338170587499611 1547654.696089847499956
11099186.338170587499611 1547654.994675784999912
11099186.338170587499611 1547655.293261722499868
11099186.338170587499611 1547655.591847659999824
11099186.338170587499611 1547655.890433597499780
11099186.338170587499611 1547656.189019534999736
11099186.338170587499611 1547656.487605472499692
11099186.338170587499611 1547656.786191409999648
11099186.636751316666148 1547651.710230472500396
11099186.636751316666148 1547652.008816410000352
11099186.636751316666148 1547652.307402347500308
11099186.636751316666148 1547652.605988285000264
11099186.636751316666148 1547652.904574222500220
11099186.636751316666148 1547653.203160160000176
11099186.636751316666148 1547653.501746097500132
11099186.636751316666148 1547653.800332035000088
11099186.636751316666148 1547654.098917972500044
11099186.636751316666148 1547654.397503910000000
11099186.636751316666148 1547654.696089847499956
11099186.636751316666148 1547654.994675784999912
11099186.636751316666148 1547655.293261722499868
11099186.636751316666148 1547655.591847659999824
11099186.636751316666148 1547655.890433597499780
11099186.636751316666148 1547656.189019534999736
11099186.636751316666148 1547656.487605472499692
11099186.636751316666148 1547656.786191409999648
11099186.935332045832685 1547651.710230472500396
11099186.935332045832685 1547652.008816410000352
11099186.935332045832685 1547652.307402347500308
11099186.935332045832685 1547652.605988285000264
11099186.935332045832685 1547652.904574222500220
11099186.935332045832685 1547653.203160160000176
11099186.935332045832685 1547653.501746097500132
11099186.935332045832685 1547653.800332035000088
11099186.935332045832685 1547654.098917972500044
11099186.935332045832685 1547654.397503910000000
11099186.935332045832685 1547654.696089847499956
11099186.935332045832685 1547654.994675784999912
11099186.935332045832685 1547655.293261722499868
11099186.935332045832685 1547655.591847659999824
11099186.935332045832685 1547655.890433597499780
11099186.935332045832685 1547656.189019534999736
11099186.935332045832685 1547656.487605472499692
11099186.935332045832685 1547656.786191409999648
11099187.233912774999222 1547651.710230472500396
11099187.233912774999222 1547652.008816410000352
11099187.233912774999222 1547652.307402347500308
11099187.233912774999222 1547652.605988285000264
11099187.233912774999222 1547652.904574222500220
11099187.233912774999222 1547653.203160160000176
11099187.233912774999222 1547653.501746097500132
11099187.233912774999222 1547653.800332035000088
11099187.233912774999222 1547654.098917972500044
11099187.233912774999222 1547654.397503910000000
11099187.233912774999222 1547654.696089847499956
11099187.233912774999222 1547654.994675784999912
11099187.233912774999222 1547655.293261722499868
11099187.233912774999222 1547655.591847659999824
11099187.233912774999222 1547655.890433597499780
11099187.233912774999222 1547656.189019534999736
11099187.233912774999222 1547656.487605472499692
11099187.233912774999222 1547656.786191409999648
11099187.532493504165759 1547651.710230472500396
11099187.532493504165759 1547652.008816410000352
11099187.532493504165759 1547652.307402347500308
11099187.532493504165759 1547652.605988285000264
11099187.532493504165759 1547652.904574222500220
11099187.532493504165759 1547653.203160160000176
11099187.532493504165759 1547653.501746097500132
11099187.532493504165759 1547653.800332035000088
11099187.532493504165759 1547654.098917972500044
11099187.532493504165759 1547654.397503910000000
11099187.532493504165759 1547654.696089847499956
11099187.532493504165759 1547654.994675784999912
11099187.532493504165759 1547655.293261722499868
11099187.532493504165759 1547655.591847659999824
11099187.532493504165759 1547655.890433597499780
11099187.532493504165759 1547656.189019534999736
11099187.532493504165759 1547656.487605472499692
11099187.532493504165759 1547656.786191409999648
11099187.831074233332296 1547651.710230472500396
11099187.831074233332296 1547652.008816410000352
11099187.831074233332296 1547652.307402347500308
11099187.831074233332296 1547652.605988285000264
11099187.831074233332296 1547652.904574222500220
11099187.831074233332296 1547653.203160160000176
11099187.831074233332296 1547653.501746097500132
11099187.831074233332296 1547653.800332035000088
11099187.831074233332296 1547654.098917972500044
11099187.831074233332296 1547654.397503910000000
11099187.831074233332296 1547654.696089847499956
11099187.831074233332296 1547654.994675784999912
11099187.831074233332296 1547655.293261722499868
11099187.831074233332296 1547655.591847659999824
11099187.831074233332296 1547655.890433597499780
11099187.831074233332296 1547656.189019534999736
11099187.831074233332296 1547656.487605472499692
11099187.831074233332296 1547656.786191409999648
