11098913.733964837501167 1547611.401128902500396
11098913.733964837501167 1547611.699714840000352
11098913.733964837501167 1547611.998300777500308
11098913.733964837501167 1547612.296886715000264
11098913.733964837501167 1547612.595472652500220
11098913.733964837501167 1547612.894058590000176
11098913.733964837501167 1547613.192644527500132
11098913.733964837501167 1547613.491230465000088
11098913.733964837501167 1547613.789816402500044
11098913.733964837501167 1547614.088402340000000
11098913.733964837501167 1547614.386988277499956
11098913.733964837501167 1547614.685574214999912
11098913.733964837501167 1547614.984160152499868
11098913.733964837501167 1547615.282746089999824
11098913.733964837501167 1547615.581332027499780
11098913.733964837501167 1547615.879917964999736
11098913.733964837501167 1547616.178503902499692
11098913.733964837501167 1547616.477089839999648
11098914.032545566667704 1547611.401128902500396
11098914.032545566667704 1547611.699714840000352
11098914.032545566667704 1547611.998300777500308
11098914.032545566667704 1547612.296886715000264
11098914.032545566667704 1547612.595472652500220
11098914.032545566667704 1547612.894058590000176
11098914.032545566667704 1547613.192644527500132
11098914.032545566667704 1547613.491230465000088
11098914.032545566667704 1547613.789816402500044
11098914.032545566667704 1547614.088402340000000
11098914.032545566667704 1547614.386988277499956
11098914.032545566667704 1547614.685574214999912
11098914.032545566667704 1547614.984160152499868
11098914.032545566667704 1547615.282746089999824
11098914.032545566667704 1547615.581332027499780
11098914.032545566667704 1547615.879917964999736
11098914.032545566667704 1547616.178503902499692
11098914.032545566667704 1547616.477089839999648
11098914.331126295834241 1547611.401128902500396
11098914.331126295834241 1547611.699714840000352
11098914.331126295834241 1547611.998300777500308
11098914.331126295834241 1547612.296886715000264
11098914.331126295834241 1547612.595472652500220
11098914.331126295834241 1547612.894058590000176
11098914.331126295834241 1547613.192644527500132
11098914.331126295834241 1547613.491230465000088
11098914.331126295834241 1547613.789816402500044
11098914.331126295834241 1547614.088402340000000
11098914.331126295834241 1547614.386988277499956
11098914.331126295834241 1547614.685574214999912
11098914.331126295834241 1547614.984160152499868
11098914.331126295834241 1547615.282746089999824
11098914.331126295834241 1547615.581332027499780
11098914.331126295834241 1547615.879917964999736
11098914.331126295834241 1547616.178503902499692
11098914.331126295834241 1547616.477089839999648
11098914.629707025000778 1547611.401128902500396
11098914.629707025000778 1547611.699714840000352
11098914.629707025000778 1547611.998300777500308
11098914.629707025000778 1547612.296886715000264
11098914.629707025000778 1547612.595472652500220
11098914.629707025000778 1547612.894058590000176
11098914.629707025000778 1547613.192644527500132
11098914.629707025000778 1547613.491230465000088
11098914.629707025000778 1547613.789816402500044
11098914.629707025000778 1547614.088402340000000
11098914.629707025000778 1547614.386988277499956
11098914.629707025000778 1547614.685574214999912
11098914.629707025000778 1547614.984160152499868
11098914.629707025000778 1547615.282746089999824
11098914.629707025000778 1547615.581332027499780
11098914.629707025000778 1547615.879917964999736
11098914.629707025000778 1547616.178503902499692
11098914.629707025000778 1547616.477089839999648
11098914.928287754167315 1547611.401128902500396
11098914.928287754167315 1547611.699714840000352
11098914.928287754167315 1547611.998300777500308
11098914.928287754167315 1547612.296886715000264
11098914.928287754167315 1547612.595472652500220
11098914.928287754167315 1547612.894058590000176
11098914.928287754167315 1547613.192644527500132
11098914.928287754167315 1547613.491230465000088
11098914.928287754167315 1547613.789816402500044
11098914.928287754167315 1547614.088402340000000
11098914.928287754167315 1547614.386988277499956
11098914.928287754167315 1547614.685574214999912
11098914.928287754167315 1547614.984160152499868
11098914.928287754167315 1547615.282746089999824
11098914.928287754167315 1547615.581332027499780
11098914.928287754167315 1547615.879917964999736
11098914.928287754167315 1547616.178503902499692
11098914.928287754167315 1547616.477089839999648
11098915.226868483333852 1547611.401128902500396
11098915.226868483333852 1547611.699714840000352
11098915.226868483333852 1547611.998300777500308
11098915.226868483333852 1547612.296886715000264
11098915.226868483333852 1547612.595472652500220
11098915.226868483333852 1547612.894058590000176
11098915.226868483333852 1547613.192644527500132
11098915.226868483333852 1547613.491230465000088
11098915.226868483333852 1547613.789816402500044
11098915.226868483333852 1547614.088402340000000
11098915.226868483333852 1547614.386988277499956
11098915.226868483333852 1547614.685574214999912
11098915.226868483333852 1547614.984160152499868
11098915.226868483333852 1547615.282746089999824
11098915.226868483333852 1547615.581332027499780
11098915.226868483333852 1547615.879917964999736
11098915.226868483333852 1547616.178503902499692
11098915.226868483333852 1547616.477089839999648
11098915.525449212500389 1547611.401128902500396
11098915.525449212500389 1547611.699714840000352
11098915.525449212500389 1547611.998300777500308
11098915.525449212500389 1547612.296886715000264
11098915.525449212500389 1547612.595472652500220
11098915.525449212500389 1547612.894058590000176
11098915.525449212500389 1547613.192644527500132
11098915.525449212500389 1547613.491230465000088
11098915.525449212500389 1547613.789816402500044
11098915.525449212500389 1547614.088402340000000
11098915.525449212500389 1547614.386988277499956
11098915.525449212500389 1547614.685574214999912
11098915.525449212500389 1547614.984160152499868
11098915.525449212500389 1547615.282746089999824
11098915.525449212500389 1547615.581332027499780
11098915.525449212500389 1547615.879917964999736
11098915.525449212500389 1547616.178503902499692
11098915.525449212500389 1547616.477089839999648
11098915.824029941666926 1547611.401128902500396
11098915.824029941666926 1547611.699714840000352
11098915.824029941666926 1547611.998300777500308
11098915.824029941666926 1547612.296886715000264
11098915.824029941666926 1547612.595472652500220
11098915.824029941666926 1547612.894058590000176
11098915.824029941666926 1547613.192644527500132
11098915.824029941666926 1547613.491230465000088
11098915.824029941666926 1547613.789816402500044
11098915.824029941666926 1547614.088402340000000
11098915.824029941666926 1547614.386988277499956
11098915.824029941666926 1547614.685574214999912
11098915.824029941666926 1547614.984160152499868
11098915.824029941666926 1547615.282746089999824
11098915.824029941666926 1547615.581332027499780
11098915.824029941666926 1547615.879917964999736
11098915.824029941666926 1547616.178503902499692
11098915.824029941666926 1547616.477089839999648
11098916.122610670833463 1547611.401128902500396
11098916.122610670833463 1547611.699714840000352
11098916.122610670833463 1547611.998300777500308
11098916.122610670833463 1547612.296886715000264
11098916.122610670833463 1547612.595472652500220
11098916.122610670833463 1547612.894058590000176
11098916.122610670833463 1547613.192644527500132
11098916.122610670833463 1547613.491230465000088
11098916.122610670833463 1547613.789816402500044
11098916.122610670833463 1547614.088402340000000
11098916.122610670833463 1547614.386988277499956
11098916.122610670833463 1547614.685574214999912
11098916.122610670833463 1547614.984160152499868
11098916.122610670833463 1547615.282746089999824
11098916.122610670833463 1547615.581332027499780
11098916.122610670833463 1547615.879917964999736
11098916.122610670833463 1547616.178503902499692
11098916.122610670833463 1547616.477089839999648
11098916.421191400000000 1547611.401128902500396
11098916.421191400000000 1547611.699714840000352
11098916.421191400000000 1547611.998300777500308
11098916.421191400000000 1547612.296886715000264
11098916.421191400000000 1547612.595472652500220
11098916.421191400000000 1547612.894058590000176
11098916.421191400000000 1547613.192644527500132
11098916.421191400000000 1547613.491230465000088
11098916.421191400000000 1547613.789816402500044
11098916.421191400000000 1547614.088402340000000
11098916.421191400000000 1547614.386988277499956
11098916.421191400000000 1547614.685574214999912
11098916.421191400000000 1547614.984160152499868
11098916.421191400000000 1547615.282746089999824
11098916.421191400000000 1547615.581332027499780
11098916.421191400000000 1547615.879917964999736
11098916.421191400000000 1547616.178503902499692
11098916.421191400000000 1547616.477089839999648
11098916.719772129166537 1547611.401128902500396
11098916.719772129166537 1547611.699714840000352
11098916.719772129166537 1547611.998300777500308
11098916.719772129166537 1547612.296886715000264
11098916.719772129166537 1547612.595472652500220
11098916.719772129166537 1547612.894058590000176
11098916.719772129166537 1547613.192644527500132
11098916.719772129166537 1547613.491230465000088
11098916.719772129166537 1547613.789816402500044
11098916.719772129166537 1547614.088402340000000
11098916.719772129166537 1547614.386988277499956
11098916.719772129166537 1547614.685574214999912
11098916.719772129166537 1547614.984160152499868
11098916.719772129166537 1547615.282746089999824
11098916.719772129166537 1547615.581332027499780
11098916.719772129166537 1547615.879917964999736
11098916.719772129166537 1547616.178503902499692
11098916.719772129166537 1547616.477089839999648
11098917.018352858333074 1547611.401128902500396
11098917.018352858333074 1547611.699714840000352
11098917.018352858333074 1547611.998300777500308
11098917.018352858333074 1547612.296886715000264
11098917.018352858333074 1547612.595472652500220
11098917.018352858333074 1547612.894058590000176
11098917.018352858333074 1547613.192644527500132
11098917.018352858333074 1547613.491230465000088
11098917.018352858333074 1547613.789816402500044
11098917.018352858333074 1547614.088402340000000
11098917.018352858333074 1547614.386988277499956
11098917.018352858333074 1547614.685574214999912
11098917.018352858333074 1547614.984160152499868
11098917.018352858333074 1547615.282746089999824
11098917.018352858333074 1547615.581332027499780
11098917.018352858333074 1547615.879917964999736
11098917.018352858333074 1547616.178503902499692
11098917.018352858333074 1547616.477089839999648
11098917.316933587499611 1547611.401128902500396
11098917.316933587499611 1547611.699714840000352
11098917.316933587499611 1547611.998300777500308
11098917.316933587499611 1547612.296886715000264
11098917.316933587499611 1547612.595472652500220
11098917.316933587499611 1547612.894058590000176
11098917.316933587499611 1547613.192644527500132
11098917.316933587499611 1547613.491230465000088
11098917.316933587499611 1547613.789816402500044
11098917.316933587499611 1547614.088402340000000
11098917.316933587499611 1547614.386988277499956
11098917.316933587499611 1547614.685574214999912
11098917.316933587499611 1547614.984160152499868
11098917.316933587499611 1547615.282746089999824
11098917.316933587499611 1547615.581332027499780
11098917.316933587499611 1547615.879917964999736
11098917.316933587499611 1547616.178503902499692
11098917.316933587499611 1547616.477089839999648
11098917.615514316666148 1547611.401128902500396
11098917.615514316666148 1547611.699714840000352
11098917.615514316666148 1547611.998300777500308
11098917.615514316666148 1547612.296886715000264
11098917.615514316666148 1547612.595472652500220
11098917.615514316666148 1547612.894058590000176
11098917.615514316666148 1547613.192644527500132
11098917.615514316666148 1547613.491230465000088
11098917.615514316666148 1547613.789816402500044
11098917.615514316666148 1547614.088402340000000
11098917.615514316666148 1547614.386988277499956
11098917.615514316666148 1547614.685574214999912
11098917.615514316666148 1547614.984160152499868
11098917.615514316666148 1547615.282746089999824
11098917.615514316666148 1547615.581332027499780
11098917.615514316666148 1547615.879917964999736
11098917.615514316666148 1547616.178503902499692
11098917.615514316666148 1547616.477089839999648
11098917.914095045832685 1547611.401128902500396
11098917.914095045832685 1547611.699714840000352
11098917.914095045832685 1547611.998300777500308
11098917.914095045832685 1547612.296886715000264
11098917.914095045832685 1547612.595472652500220
11098917.914095045832685 1547612.894058590000176
11098917.914095045832685 1547613.192644527500132
11098917.914095045832685 1547613.491230465000088
11098917.914095045832685 1547613.789816402500044
11098917.914095045832685 1547614.088402340000000
11098917.914095045832685 1547614.386988277499956
11098917.914095045832685 1547614.685574214999912
11098917.914095045832685 1547614.984160152499868
11098917.914095045832685 1547615.282746089999824
11098917.914095045832685 1547615.581332027499780
11098917.914095045832685 1547615.879917964999736
11098917.914095045832685 1547616.178503902499692
11098917.914095045832685 1547616.477089839999648
11098918.212675774999222 1547611.401128902500396
11098918.212675774999222 1547611.699714840000352
11098918.212675774999222 1547611.998300777500308
11098918.212675774999222 1547612.296886715000264
11098918.212675774999222 1547612.595472652500220
11098918.212675774999222 1547612.894058590000176
11098918.212675774999222 1547613.192644527500132
11098918.212675774999222 1547613.491230465000088
11098918.212675774999222 1547613.789816402500044
11098918.212675774999222 1547614.088402340000000
11098918.212675774999222 1547614.386988277499956
11098918.212675774999222 1547614.685574214999912
11098918.212675774999222 1547614.984160152499868
11098918.212675774999222 1547615.282746089999824
11098918.212675774999222 1547615.581332027499780
11098918.212675774999222 1547615.879917964999736
11098918.212675774999222 1547616.178503902499692
11098918.212675774999222 1547616.477089839999648
11098918.511256504165759 1547611.401128902500396
11098918.511256504165759 1547611.699714840000352
11098918.511256504165759 1547611.998300777500308
11098918.511256504165759 1547612.296886715000264
11098918.511256504165759 1547612.595472652500220
11098918.511256504165759 1547612.894058590000176
11098918.511256504165759 1547613.192644527500132
11098918.511256504165759 1547613.491230465000088
11098918.511256504165759 1547613.789816402500044
11098918.511256504165759 1547614.088402340000000
11098918.511256504165759 1547614.386988277499956
11098918.511256504165759 1547614.685574214999912
11098918.511256504165759 1547614.984160152499868
11098918.511256504165759 1547615.282746089999824
11098918.511256504165759 1547615.581332027499780
11098918.511256504165759 1547615.879917964999736
11098918.511256504165759 1547616.178503902499692
11098918.511256504165759 1547616.477089839999648
11098918.809837233332296 1547611.401128902500396
11098918.809837233332296 1547611.699714840000352
11098918.809837233332296 1547611.998300777500308
11098918.809837233332296 1547612.296886715000264
11098918.809837233332296 1547612.595472652500220
11098918.809837233332296 1547612.894058590000176
11098918.809837233332296 1547613.192644527500132
11098918.809837233332296 1547613.491230465000088
11098918.809837233332296 1547613.789816402500044
11098918.809837233332296 1547614.088402340000000
11098918.809837233332296 1547614.386988277499956
11098918.809837233332296 1547614.685574214999912
11098918.809837233332296 1547614.984160152499868
11098918.809837233332296 1547615.282746089999824
11098918.809837233332296 1547615.581332027499780
11098918.809837233332296 1547615.879917964999736
11098918.809837233332296 1547616.178503902499692
11098918.809837233332296 1547616.477089839999648
