11099127.816347637501167 1547836.833511722500396
11099127.816347637501167 1547837.132097660000352
11099127.816347637501167 1547837.430683597500308
11099127.816347637501167 1547837.729269535000264
11099127.816347637501167 1547838.027855472500220
11099127.816347637501167 1547838.326441410000176
11099127.816347637501167 1547838.625027347500132
11099127.816347637501167 1547838.923613285000088
11099127.816347637501167 1547839.222199222500044
11099127.816347637501167 1547839.520785160000000
11099127.816347637501167 1547839.819371097499956
11099127.816347637501167 1547840.117957034999912
11099127.816347637501167 1547840.416542972499868
11099127.816347637501167 1547840.715128909999824
11099127.816347637501167 1547841.013714847499780
11099127.816347637501167 1547841.312300784999736
11099127.816347637501167 1547841.610886722499692
11099127.816347637501167 1547841.909472659999648
11099128.114928366667704 1547836.833511722500396
11099128.114928366667704 1547837.132097660000352
11099128.114928366667704 1547837.430683597500308
11099128.114928366667704 1547837.729269535000264
11099128.114928366667704 1547838.027855472500220
11099128.114928366667704 1547838.326441410000176
11099128.114928366667704 1547838.625027347500132
11099128.114928366667704 1547838.923613285000088
11099128.114928366667704 1547839.222199222500044
11099128.114928366667704 1547839.520785160000000
11099128.114928366667704 1547839.819371097499956
11099128.114928366667704 1547840.117957034999912
11099128.114928366667704 1547840.416542972499868
11099128.114928366667704 1547840.715128909999824
11099128.114928366667704 1547841.013714847499780
11099128.114928366667704 1547841.312300784999736
11099128.114928366667704 1547841.610886722499692
11099128.114928366667704 1547841.909472659999648
11099128.413509095834241 1547836.833511722500396
11099128.413509095834241 1547837.132097660000352
11099128.413509095834241 1547837.430683597500308
11099128.413509095834241 1547837.729269535000264
11099128.413509095834241 1547838.027855472500220
11099128.413509095834241 1547838.326441410000176
11099128.413509095834241 1547838.625027347500132
11099128.413509095834241 1547838.923613285000088
11099128.413509095834241 1547839.222199222500044
11099128.413509095834241 1547839.520785160000000
11099128.413509095834241 1547839.819371097499956
11099128.413509095834241 1547840.117957034999912
11099128.413509095834241 1547840.416542972499868
11099128.413509095834241 1547840.715128909999824
11099128.413509095834241 1547841.013714847499780
11099128.413509095834241 1547841.312300784999736
11099128.413509095834241 1547841.610886722499692
11099128.413509095834241 1547841.909472659999648
11099128.712089825000778 1547836.833511722500396
11099128.712089825000778 1547837.132097660000352
11099128.712089825000778 1547837.430683597500308
11099128.712089825000778 1547837.729269535000264
11099128.712089825000778 1547838.027855472500220
11099128.712089825000778 1547838.326441410000176
11099128.712089825000778 1547838.625027347500132
11099128.712089825000778 1547838.923613285000088
11099128.712089825000778 1547839.222199222500044
11099128.712089825000778 1547839.520785160000000
11099128.712089825000778 1547839.819371097499956
11099128.712089825000778 1547840.117957034999912
11099128.712089825000778 1547840.416542972499868
11099128.712089825000778 1547840.715128909999824
11099128.712089825000778 1547841.013714847499780
11099128.712089825000778 1547841.312300784999736
11099128.712089825000778 1547841.610886722499692
11099128.712089825000778 1547841.909472659999648
11099129.010670554167315 1547836.833511722500396
11099129.010670554167315 1547837.132097660000352
11099129.010670554167315 1547837.430683597500308
11099129.010670554167315 1547837.729269535000264
11099129.010670554167315 1547838.027855472500220
11099129.010670554167315 1547838.326441410000176
11099129.010670554167315 1547838.625027347500132
11099129.010670554167315 1547838.923613285000088
11099129.010670554167315 1547839.222199222500044
11099129.010670554167315 1547839.520785160000000
11099129.010670554167315 1547839.819371097499956
11099129.010670554167315 1547840.117957034999912
11099129.010670554167315 1547840.416542972499868
11099129.010670554167315 1547840.715128909999824
11099129.010670554167315 1547841.013714847499780
11099129.010670554167315 1547841.312300784999736
11099129.010670554167315 1547841.610886722499692
11099129.010670554167315 1547841.909472659999648
11099129.309251283333852 1547836.833511722500396
11099129.309251283333852 1547837.132097660000352
11099129.309251283333852 1547837.430683597500308
11099129.309251283333852 1547837.729269535000264
11099129.309251283333852 1547838.027855472500220
11099129.309251283333852 1547838.326441410000176
11099129.309251283333852 1547838.625027347500132
11099129.309251283333852 1547838.923613285000088
11099129.309251283333852 1547839.222199222500044
11099129.309251283333852 1547839.520785160000000
11099129.309251283333852 1547839.819371097499956
11099129.309251283333852 1547840.117957034999912
11099129.309251283333852 1547840.416542972499868
11099129.309251283333852 1547840.715128909999824
11099129.309251283333852 1547841.013714847499780
11099129.309251283333852 1547841.312300784999736
11099129.309251283333852 1547841.610886722499692
11099129.309251283333852 1547841.909472659999648
11099129.607832012500389 1547836.833511722500396
11099129.607832012500389 1547837.132097660000352
11099129.607832012500389 1547837.430683597500308
11099129.607832012500389 1547837.729269535000264
11099129.607832012500389 1547838.027855472500220
11099129.607832012500389 1547838.326441410000176
11099129.607832012500389 1547838.625027347500132
11099129.607832012500389 1547838.923613285000088
11099129.607832012500389 1547839.222199222500044
11099129.607832012500389 1547839.520785160000000
11099129.607832012500389 1547839.819371097499956
11099129.607832012500389 1547840.117957034999912
11099129.607832012500389 1547840.416542972499868
11099129.607832012500389 1547840.715128909999824
11099129.607832012500389 1547841.013714847499780
11099129.607832012500389 1547841.312300784999736
11099129.607832012500389 1547841.610886722499692
11099129.607832012500389 1547841.909472659999648
11099129.906412741666926 1547836.833511722500396
11099129.906412741666926 1547837.132097660000352
11099129.906412741666926 1547837.430683597500308
11099129.906412741666926 1547837.729269535000264
11099129.906412741666926 1547838.027855472500220
11099129.906412741666926 1547838.326441410000176
11099129.906412741666926 1547838.625027347500132
11099129.906412741666926 1547838.923613285000088
11099129.906412741666926 1547839.222199222500044
11099129.906412741666926 1547839.520785160000000
11099129.906412741666926 1547839.819371097499956
11099129.906412741666926 1547840.117957034999912
11099129.906412741666926 1547840.416542972499868
11099129.906412741666926 1547840.715128909999824
11099129.906412741666926 1547841.013714847499780
11099129.906412741666926 1547841.312300784999736
11099129.906412741666926 1547841.610886722499692
11099129.906412741666926 1547841.909472659999648
11099130.204993470833463 1547836.833511722500396
11099130.204993470833463 1547837.132097660000352
11099130.204993470833463 1547837.430683597500308
11099130.204993470833463 1547837.729269535000264
11099130.204993470833463 1547838.027855472500220
11099130.204993470833463 1547838.326441410000176
11099130.204993470833463 1547838.625027347500132
11099130.204993470833463 1547838.923613285000088
11099130.204993470833463 1547839.222199222500044
11099130.204993470833463 1547839.520785160000000
11099130.204993470833463 1547839.819371097499956
11099130.204993470833463 1547840.117957034999912
11099130.204993470833463 1547840.416542972499868
11099130.204993470833463 1547840.715128909999824
11099130.204993470833463 1547841.013714847499780
11099130.204993470833463 1547841.312300784999736
11099130.204993470833463 1547841.610886722499692
11099130.204993470833463 1547841.909472659999648
11099130.503574200000000 1547836.833511722500396
11099130.503574200000000 1547837.132097660000352
11099130.503574200000000 1547837.430683597500308
11099130.503574200000000 1547837.729269535000264
11099130.503574200000000 1547838.027855472500220
11099130.503574200000000 1547838.326441410000176
11099130.503574200000000 1547838.625027347500132
11099130.503574200000000 1547838.923613285000088
11099130.503574200000000 1547839.222199222500044
11099130.503574200000000 1547839.520785160000000
11099130.503574200000000 1547839.819371097499956
11099130.503574200000000 1547840.117957034999912
11099130.503574200000000 1547840.416542972499868
11099130.503574200000000 1547840.715128909999824
11099130.503574200000000 1547841.013714847499780
11099130.503574200000000 1547841.312300784999736
11099130.503574200000000 1547841.610886722499692
11099130.503574200000000 1547841.909472659999648
11099130.802154929166537 1547836.833511722500396
11099130.802154929166537 1547837.132097660000352
11099130.802154929166537 1547837.430683597500308
11099130.802154929166537 1547837.729269535000264
11099130.802154929166537 1547838.027855472500220
11099130.802154929166537 1547838.326441410000176
11099130.802154929166537 1547838.625027347500132
11099130.802154929166537 1547838.923613285000088
11099130.802154929166537 1547839.222199222500044
11099130.802154929166537 1547839.520785160000000
11099130.802154929166537 1547839.819371097499956
11099130.802154929166537 1547840.117957034999912
11099130.802154929166537 1547840.416542972499868
11099130.802154929166537 1547840.715128909999824
11099130.802154929166537 1547841.013714847499780
11099130.802154929166537 1547841.312300784999736
11099130.802154929166537 1547841.610886722499692
11099130.802154929166537 1547841.909472659999648
11099131.100735658333074 1547836.833511722500396
11099131.100735658333074 1547837.132097660000352
11099131.100735658333074 1547837.430683597500308
11099131.100735658333074 1547837.729269535000264
11099131.100735658333074 1547838.027855472500220
11099131.100735658333074 1547838.326441410000176
11099131.100735658333074 1547838.625027347500132
11099131.100735658333074 1547838.923613285000088
11099131.100735658333074 1547839.222199222500044
11099131.100735658333074 1547839.520785160000000
11099131.100735658333074 1547839.819371097499956
11099131.100735658333074 1547840.117957034999912
11099131.100735658333074 1547840.416542972499868
11099131.100735658333074 1547840.715128909999824
11099131.100735658333074 1547841.013714847499780
11099131.100735658333074 1547841.312300784999736
11099131.100735658333074 1547841.610886722499692
11099131.100735658333074 1547841.909472659999648
11099131.399316387499611 1547836.833511722500396
11099131.399316387499611 1547837.132097660000352
11099131.399316387499611 1547837.430683597500308
11099131.399316387499611 1547837.729269535000264
11099131.399316387499611 1547838.027855472500220
11099131.399316387499611 1547838.326441410000176
11099131.399316387499611 1547838.625027347500132
11099131.399316387499611 1547838.923613285000088
11099131.399316387499611 1547839.222199222500044
11099131.399316387499611 1547839.520785160000000
11099131.399316387499611 1547839.819371097499956
11099131.399316387499611 1547840.117957034999912
11099131.399316387499611 1547840.416542972499868
11099131.399316387499611 1547840.715128909999824
11099131.399316387499611 1547841.013714847499780
11099131.399316387499611 1547841.312300784999736
11099131.399316387499611 1547841.610886722499692
11099131.399316387499611 1547841.909472659999648
11099131.697897116666148 1547836.833511722500396
11099131.697897116666148 1547837.132097660000352
11099131.697897116666148 1547837.430683597500308
11099131.697897116666148 1547837.729269535000264
11099131.697897116666148 1547838.027855472500220
11099131.697897116666148 1547838.326441410000176
11099131.697897116666148 1547838.625027347500132
11099131.697897116666148 1547838.923613285000088
11099131.697897116666148 1547839.222199222500044
11099131.697897116666148 1547839.520785160000000
11099131.697897116666148 1547839.819371097499956
11099131.697897116666148 1547840.117957034999912
11099131.697897116666148 1547840.416542972499868
11099131.697897116666148 1547840.715128909999824
11099131.697897116666148 1547841.013714847499780
11099131.697897116666148 1547841.312300784999736
11099131.697897116666148 1547841.610886722499692
11099131.697897116666148 1547841.909472659999648
11099131.996477845832685 1547836.833511722500396
11099131.996477845832685 1547837.132097660000352
11099131.996477845832685 1547837.430683597500308
11099131.996477845832685 1547837.729269535000264
11099131.996477845832685 1547838.027855472500220
11099131.996477845832685 1547838.326441410000176
11099131.996477845832685 1547838.625027347500132
11099131.996477845832685 1547838.923613285000088
11099131.996477845832685 1547839.222199222500044
11099131.996477845832685 1547839.520785160000000
11099131.996477845832685 1547839.819371097499956
11099131.996477845832685 1547840.117957034999912
11099131.996477845832685 1547840.416542972499868
11099131.996477845832685 1547840.715128909999824
11099131.996477845832685 1547841.013714847499780
11099131.996477845832685 1547841.312300784999736
11099131.996477845832685 1547841.610886722499692
11099131.996477845832685 1547841.909472659999648
11099132.295058574999222 1547836.833511722500396
11099132.295058574999222 1547837.132097660000352
11099132.295058574999222 1547837.430683597500308
11099132.295058574999222 1547837.729269535000264
11099132.295058574999222 1547838.027855472500220
11099132.295058574999222 1547838.326441410000176
11099132.295058574999222 1547838.625027347500132
11099132.295058574999222 1547838.923613285000088
11099132.295058574999222 1547839.222199222500044
11099132.295058574999222 1547839.520785160000000
11099132.295058574999222 1547839.819371097499956
11099132.295058574999222 1547840.117957034999912
11099132.295058574999222 1547840.416542972499868
11099132.295058574999222 1547840.715128909999824
11099132.295058574999222 1547841.013714847499780
11099132.295058574999222 1547841.312300784999736
11099132.295058574999222 1547841.610886722499692
11099132.295058574999222 1547841.909472659999648
11099132.593639304165759 1547836.833511722500396
11099132.593639304165759 1547837.132097660000352
11099132.593639304165759 1547837.430683597500308
11099132.593639304165759 1547837.729269535000264
11099132.593639304165759 1547838.027855472500220
11099132.593639304165759 1547838.326441410000176
11099132.593639304165759 1547838.625027347500132
11099132.593639304165759 1547838.923613285000088
11099132.593639304165759 1547839.222199222500044
11099132.593639304165759 1547839.520785160000000
11099132.593639304165759 1547839.819371097499956
11099132.593639304165759 1547840.117957034999912
11099132.593639304165759 1547840.416542972499868
11099132.593639304165759 1547840.715128909999824
11099132.593639304165759 1547841.013714847499780
11099132.593639304165759 1547841.312300784999736
11099132.593639304165759 1547841.610886722499692
11099132.593639304165759 1547841.909472659999648
11099132.892220033332296 1547836.833511722500396
11099132.892220033332296 1547837.132097660000352
11099132.892220033332296 1547837.430683597500308
11099132.892220033332296 1547837.729269535000264
11099132.892220033332296 1547838.027855472500220
11099132.892220033332296 1547838.326441410000176
11099132.892220033332296 1547838.625027347500132
11099132.892220033332296 1547838.923613285000088
11099132.892220033332296 1547839.222199222500044
11099132.892220033332296 1547839.520785160000000
11099132.892220033332296 1547839.819371097499956
11099132.892220033332296 1547840.117957034999912
11099132.892220033332296 1547840.416542972499868
11099132.892220033332296 1547840.715128909999824
11099132.892220033332296 1547841.013714847499780
11099132.892220033332296 1547841.312300784999736
11099132.892220033332296 1547841.610886722499692
11099132.892220033332296 1547841.909472659999648
