11099128.413509137501167 1547784.282386722500396
11099128.413509137501167 1547784.580972660000352
11099128.413509137501167 1547784.879558597500308
11099128.413509137501167 1547785.178144535000264
11099128.413509137501167 1547785.476730472500220
11099128.413509137501167 1547785.775316410000176
11099128.413509137501167 1547786.073902347500132
11099128.413509137501167 1547786.372488285000088
11099128.413509137501167 1547786.671074222500044
11099128.413509137501167 1547786.969660160000000
11099128.413509137501167 1547787.268246097499956
11099128.413509137501167 1547787.566832034999912
11099128.413509137501167 1547787.865417972499868
11099128.413509137501167 1547788.164003909999824
11099128.413509137501167 1547788.462589847499780
11099128.413509137501167 1547788.761175784999736
11099128.413509137501167 1547789.059761722499692
11099128.413509137501167 1547789.358347659999648
11099128.712089866667704 1547784.282386722500396
11099128.712089866667704 1547784.580972660000352
11099128.712089866667704 1547784.879558597500308
11099128.712089866667704 1547785.178144535000264
11099128.712089866667704 1547785.476730472500220
11099128.712089866667704 1547785.775316410000176
11099128.712089866667704 1547786.073902347500132
11099128.712089866667704 1547786.372488285000088
11099128.712089866667704 1547786.671074222500044
11099128.712089866667704 1547786.969660160000000
11099128.712089866667704 1547787.268246097499956
11099128.712089866667704 1547787.566832034999912
11099128.712089866667704 1547787.865417972499868
11099128.712089866667704 1547788.164003909999824
11099128.712089866667704 1547788.462589847499780
11099128.712089866667704 1547788.761175784999736
11099128.712089866667704 1547789.059761722499692
11099128.712089866667704 1547789.358347659999648
11099129.010670595834241 1547784.282386722500396
11099129.010670595834241 1547784.580972660000352
11099129.010670595834241 1547784.879558597500308
11099129.010670595834241 1547785.178144535000264
11099129.010670595834241 1547785.476730472500220
11099129.010670595834241 1547785.775316410000176
11099129.010670595834241 1547786.073902347500132
11099129.010670595834241 1547786.372488285000088
11099129.010670595834241 1547786.671074222500044
11099129.010670595834241 1547786.969660160000000
11099129.010670595834241 1547787.268246097499956
11099129.010670595834241 1547787.566832034999912
11099129.010670595834241 1547787.865417972499868
11099129.010670595834241 1547788.164003909999824
11099129.010670595834241 1547788.462589847499780
11099129.010670595834241 1547788.761175784999736
11099129.010670595834241 1547789.059761722499692
11099129.010670595834241 1547789.358347659999648
11099129.309251325000778 1547784.282386722500396
11099129.309251325000778 1547784.580972660000352
11099129.309251325000778 1547784.879558597500308
11099129.309251325000778 1547785.178144535000264
11099129.309251325000778 1547785.476730472500220
11099129.309251325000778 1547785.775316410000176
11099129.309251325000778 1547786.073902347500132
11099129.309251325000778 1547786.372488285000088
11099129.309251325000778 1547786.671074222500044
11099129.309251325000778 1547786.969660160000000
11099129.309251325000778 1547787.268246097499956
11099129.309251325000778 1547787.566832034999912
11099129.309251325000778 1547787.865417972499868
11099129.309251325000778 1547788.164003909999824
11099129.309251325000778 1547788.462589847499780
11099129.309251325000778 1547788.761175784999736
11099129.309251325000778 1547789.059761722499692
11099129.309251325000778 1547789.358347659999648
11099129.607832054167315 1547784.282386722500396
11099129.607832054167315 1547784.580972660000352
11099129.607832054167315 1547784.879558597500308
11099129.607832054167315 1547785.178144535000264
11099129.607832054167315 1547785.476730472500220
11099129.607832054167315 1547785.775316410000176
11099129.607832054167315 1547786.073902347500132
11099129.607832054167315 1547786.372488285000088
11099129.607832054167315 1547786.671074222500044
11099129.607832054167315 1547786.969660160000000
11099129.607832054167315 1547787.268246097499956
11099129.607832054167315 1547787.566832034999912
11099129.607832054167315 1547787.865417972499868
11099129.607832054167315 1547788.164003909999824
11099129.607832054167315 1547788.462589847499780
11099129.607832054167315 1547788.761175784999736
11099129.607832054167315 1547789.059761722499692
11099129.607832054167315 1547789.358347659999648
11099129.906412783333852 1547784.282386722500396
11099129.906412783333852 1547784.580972660000352
11099129.906412783333852 1547784.879558597500308
11099129.906412783333852 1547785.178144535000264
11099129.906412783333852 1547785.476730472500220
11099129.906412783333852 1547785.775316410000176
11099129.906412783333852 1547786.073902347500132
11099129.906412783333852 1547786.372488285000088
11099129.906412783333852 1547786.671074222500044
11099129.906412783333852 1547786.969660160000000
11099129.906412783333852 1547787.268246097499956
11099129.906412783333852 1547787.566832034999912
11099129.906412783333852 1547787.865417972499868
11099129.906412783333852 1547788.164003909999824
11099129.906412783333852 1547788.462589847499780
11099129.906412783333852 1547788.761175784999736
11099129.906412783333852 1547789.059761722499692
11099129.906412783333852 1547789.358347659999648
11099130.204993512500389 1547784.282386722500396
11099130.204993512500389 1547784.580972660000352
11099130.204993512500389 1547784.879558597500308
11099130.204993512500389 1547785.178144535000264
11099130.204993512500389 1547785.476730472500220
11099130.204993512500389 1547785.775316410000176
11099130.204993512500389 1547786.073902347500132
11099130.204993512500389 1547786.372488285000088
11099130.204993512500389 1547786.671074222500044
11099130.204993512500389 1547786.969660160000000
11099130.204993512500389 1547787.268246097499956
11099130.204993512500389 1547787.566832034999912
11099130.204993512500389 1547787.865417972499868
11099130.204993512500389 1547788.164003909999824
11099130.204993512500389 1547788.462589847499780
11099130.204993512500389 1547788.761175784999736
11099130.204993512500389 1547789.059761722499692
11099130.204993512500389 1547789.358347659999648
11099130.503574241666926 1547784.282386722500396
11099130.503574241666926 1547784.580972660000352
11099130.503574241666926 1547784.879558597500308
11099130.503574241666926 1547785.178144535000264
11099130.503574241666926 1547785.476730472500220
11099130.503574241666926 1547785.775316410000176
11099130.503574241666926 1547786.073902347500132
11099130.503574241666926 1547786.372488285000088
11099130.503574241666926 1547786.671074222500044
11099130.503574241666926 1547786.969660160000000
11099130.503574241666926 1547787.268246097499956
11099130.503574241666926 1547787.566832034999912
11099130.503574241666926 1547787.865417972499868
11099130.503574241666926 1547788.164003909999824
11099130.503574241666926 1547788.462589847499780
11099130.503574241666926 1547788.761175784999736
11099130.503574241666926 1547789.059761722499692
11099130.503574241666926 1547789.358347659999648
11099130.802154970833463 1547784.282386722500396
11099130.802154970833463 1547784.580972660000352
11099130.802154970833463 1547784.879558597500308
11099130.802154970833463 1547785.178144535000264
11099130.802154970833463 1547785.476730472500220
11099130.802154970833463 1547785.775316410000176
11099130.802154970833463 1547786.073902347500132
11099130.802154970833463 1547786.372488285000088
11099130.802154970833463 1547786.671074222500044
11099130.802154970833463 1547786.969660160000000
11099130.802154970833463 1547787.268246097499956
11099130.802154970833463 1547787.566832034999912
11099130.802154970833463 1547787.865417972499868
11099130.802154970833463 1547788.164003909999824
11099130.802154970833463 1547788.462589847499780
11099130.802154970833463 1547788.761175784999736
11099130.802154970833463 1547789.059761722499692
11099130.802154970833463 1547789.358347659999648
11099131.100735700000000 1547784.282386722500396
11099131.100735700000000 1547784.580972660000352
11099131.100735700000000 1547784.879558597500308
11099131.100735700000000 1547785.178144535000264
11099131.100735700000000 1547785.476730472500220
11099131.100735700000000 1547785.775316410000176
11099131.100735700000000 1547786.073902347500132
11099131.100735700000000 1547786.372488285000088
11099131.100735700000000 1547786.671074222500044
11099131.100735700000000 1547786.969660160000000
11099131.100735700000000 1547787.268246097499956
11099131.100735700000000 1547787.566832034999912
11099131.100735700000000 1547787.865417972499868
11099131.100735700000000 1547788.164003909999824
11099131.100735700000000 1547788.462589847499780
11099131.100735700000000 1547788.761175784999736
11099131.100735700000000 1547789.059761722499692
11099131.100735700000000 1547789.358347659999648
11099131.399316429166537 1547784.282386722500396
11099131.399316429166537 1547784.580972660000352
11099131.399316429166537 1547784.879558597500308
11099131.399316429166537 1547785.178144535000264
11099131.399316429166537 1547785.476730472500220
11099131.399316429166537 1547785.775316410000176
11099131.399316429166537 1547786.073902347500132
11099131.399316429166537 1547786.372488285000088
11099131.399316429166537 1547786.671074222500044
11099131.399316429166537 1547786.969660160000000
11099131.399316429166537 1547787.268246097499956
11099131.399316429166537 1547787.566832034999912
11099131.399316429166537 1547787.865417972499868
11099131.399316429166537 1547788.164003909999824
11099131.399316429166537 1547788.462589847499780
11099131.399316429166537 1547788.761175784999736
11099131.399316429166537 1547789.059761722499692
11099131.399316429166537 1547789.358347659999648
11099131.697897158333074 1547784.282386722500396
11099131.697897158333074 1547784.580972660000352
11099131.697897158333074 1547784.879558597500308
11099131.697897158333074 1547785.178144535000264
11099131.697897158333074 1547785.476730472500220
11099131.697897158333074 1547785.775316410000176
11099131.697897158333074 1547786.073902347500132
11099131.697897158333074 1547786.372488285000088
11099131.697897158333074 1547786.671074222500044
11099131.697897158333074 1547786.969660160000000
11099131.697897158333074 1547787.268246097499956
11099131.697897158333074 1547787.566832034999912
11099131.697897158333074 1547787.865417972499868
11099131.697897158333074 1547788.164003909999824
11099131.697897158333074 1547788.462589847499780
11099131.697897158333074 1547788.761175784999736
11099131.697897158333074 1547789.059761722499692
11099131.697897158333074 1547789.358347659999648
11099131.996477887499611 1547784.282386722500396
11099131.996477887499611 1547784.580972660000352
11099131.996477887499611 1547784.879558597500308
11099131.996477887499611 1547785.178144535000264
11099131.996477887499611 1547785.476730472500220
11099131.996477887499611 1547785.775316410000176
11099131.996477887499611 1547786.073902347500132
11099131.996477887499611 1547786.372488285000088
11099131.996477887499611 1547786.671074222500044
11099131.996477887499611 1547786.969660160000000
11099131.996477887499611 1547787.268246097499956
11099131.996477887499611 1547787.566832034999912
11099131.996477887499611 1547787.865417972499868
11099131.996477887499611 1547788.164003909999824
11099131.996477887499611 1547788.462589847499780
11099131.996477887499611 1547788.761175784999736
11099131.996477887499611 1547789.059761722499692
11099131.996477887499611 1547789.358347659999648
11099132.295058616666148 1547784.282386722500396
11099132.295058616666148 1547784.580972660000352
11099132.295058616666148 1547784.879558597500308
11099132.295058616666148 1547785.178144535000264
11099132.295058616666148 1547785.476730472500220
11099132.295058616666148 1547785.775316410000176
11099132.295058616666148 1547786.073902347500132
11099132.295058616666148 1547786.372488285000088
11099132.295058616666148 1547786.671074222500044
11099132.295058616666148 1547786.969660160000000
11099132.295058616666148 1547787.268246097499956
11099132.295058616666148 1547787.566832034999912
11099132.295058616666148 1547787.865417972499868
11099132.295058616666148 1547788.164003909999824
11099132.295058616666148 1547788.462589847499780
11099132.295058616666148 1547788.761175784999736
11099132.295058616666148 1547789.059761722499692
11099132.295058616666148 1547789.358347659999648
11099132.593639345832685 1547784.282386722500396
11099132.593639345832685 1547784.580972660000352
11099132.593639345832685 1547784.879558597500308
11099132.593639345832685 1547785.178144535000264
11099132.593639345832685 1547785.476730472500220
11099132.593639345832685 1547785.775316410000176
11099132.593639345832685 1547786.073902347500132
11099132.593639345832685 1547786.372488285000088
11099132.593639345832685 1547786.671074222500044
11099132.593639345832685 1547786.969660160000000
11099132.593639345832685 1547787.268246097499956
11099132.593639345832685 1547787.566832034999912
11099132.593639345832685 1547787.865417972499868
11099132.593639345832685 1547788.164003909999824
11099132.593639345832685 1547788.462589847499780
11099132.593639345832685 1547788.761175784999736
11099132.593639345832685 1547789.059761722499692
11099132.593639345832685 1547789.358347659999648
11099132.892220074999222 1547784.282386722500396
11099132.892220074999222 1547784.580972660000352
11099132.892220074999222 1547784.879558597500308
11099132.892220074999222 1547785.178144535000264
11099132.892220074999222 1547785.476730472500220
11099132.892220074999222 1547785.775316410000176
11099132.892220074999222 1547786.073902347500132
11099132.892220074999222 1547786.372488285000088
11099132.892220074999222 1547786.671074222500044
11099132.892220074999222 1547786.969660160000000
11099132.892220074999222 1547787.268246097499956
11099132.892220074999222 1547787.566832034999912
11099132.892220074999222 1547787.865417972499868
11099132.892220074999222 1547788.164003909999824
11099132.892220074999222 1547788.462589847499780
11099132.892220074999222 1547788.761175784999736
11099132.892220074999222 1547789.059761722499692
11099132.892220074999222 1547789.358347659999648
11099133.190800804165759 1547784.282386722500396
11099133.190800804165759 1547784.580972660000352
11099133.190800804165759 1547784.879558597500308
11099133.190800804165759 1547785.178144535000264
11099133.190800804165759 1547785.476730472500220
11099133.190800804165759 1547785.775316410000176
11099133.190800804165759 1547786.073902347500132
11099133.190800804165759 1547786.372488285000088
11099133.190800804165759 1547786.671074222500044
11099133.190800804165759 1547786.969660160000000
11099133.190800804165759 1547787.268246097499956
11099133.190800804165759 1547787.566832034999912
11099133.190800804165759 1547787.865417972499868
11099133.190800804165759 1547788.164003909999824
11099133.190800804165759 1547788.462589847499780
11099133.190800804165759 1547788.761175784999736
11099133.190800804165759 1547789.059761722499692
11099133.190800804165759 1547789.358347659999648
11099133.489381533332296 1547784.282386722500396
11099133.489381533332296 1547784.580972660000352
11099133.489381533332296 1547784.879558597500308
11099133.489381533332296 1547785.178144535000264
11099133.489381533332296 1547785.476730472500220
11099133.489381533332296 1547785.775316410000176
11099133.489381533332296 1547786.073902347500132
11099133.489381533332296 1547786.372488285000088
11099133.489381533332296 1547786.671074222500044
11099133.489381533332296 1547786.969660160000000
11099133.489381533332296 1547787.268246097499956
11099133.489381533332296 1547787.566832034999912
11099133.489381533332296 1547787.865417972499868
11099133.489381533332296 1547788.164003909999824
11099133.489381533332296 1547788.462589847499780
11099133.489381533332296 1547788.761175784999736
11099133.489381533332296 1547789.059761722499692
11099133.489381533332296 1547789.358347659999648
