11098966.582753937501167 1547753.528035152500396
11098966.582753937501167 1547753.826621090000352
11098966.582753937501167 1547754.125207027500308
11098966.582753937501167 1547754.423792965000264
11098966.582753937501167 1547754.722378902500220
11098966.582753937501167 1547755.020964840000176
11098966.582753937501167 1547755.319550777500132
11098966.582753937501167 1547755.618136715000088
11098966.582753937501167 1547755.916722652500044
11098966.582753937501167 1547756.215308590000000
11098966.582753937501167 1547756.513894527499956
11098966.582753937501167 1547756.812480464999912
11098966.582753937501167 1547757.111066402499868
11098966.582753937501167 1547757.409652339999824
11098966.582753937501167 1547757.708238277499780
11098966.582753937501167 1547758.006824214999736
11098966.582753937501167 1547758.305410152499692
11098966.582753937501167 1547758.603996089999648
11098966.881334666667704 1547753.528035152500396
11098966.881334666667704 1547753.826621090000352
11098966.881334666667704 1547754.125207027500308
11098966.881334666667704 1547754.423792965000264
11098966.881334666667704 1547754.722378902500220
11098966.881334666667704 1547755.020964840000176
11098966.881334666667704 1547755.319550777500132
11098966.881334666667704 1547755.618136715000088
11098966.881334666667704 1547755.916722652500044
11098966.881334666667704 1547756.215308590000000
11098966.881334666667704 1547756.513894527499956
11098966.881334666667704 1547756.812480464999912
11098966.881334666667704 1547757.111066402499868
11098966.881334666667704 1547757.409652339999824
11098966.881334666667704 1547757.708238277499780
11098966.881334666667704 1547758.006824214999736
11098966.881334666667704 1547758.305410152499692
11098966.881334666667704 1547758.603996089999648
11098967.179915395834241 1547753.528035152500396
11098967.179915395834241 1547753.826621090000352
11098967.179915395834241 1547754.125207027500308
11098967.179915395834241 1547754.423792965000264
11098967.179915395834241 1547754.722378902500220
11098967.179915395834241 1547755.020964840000176
11098967.179915395834241 1547755.319550777500132
11098967.179915395834241 1547755.618136715000088
11098967.179915395834241 1547755.916722652500044
11098967.179915395834241 1547756.215308590000000
11098967.179915395834241 1547756.513894527499956
11098967.179915395834241 1547756.812480464999912
11098967.179915395834241 1547757.111066402499868
11098967.179915395834241 1547757.409652339999824
11098967.179915395834241 1547757.708238277499780
11098967.179915395834241 1547758.006824214999736
11098967.179915395834241 1547758.305410152499692
11098967.179915395834241 1547758.603996089999648
11098967.478496125000778 1547753.528035152500396
11098967.478496125000778 1547753.826621090000352
11098967.478496125000778 1547754.125207027500308
11098967.478496125000778 1547754.423792965000264
11098967.478496125000778 1547754.722378902500220
11098967.478496125000778 1547755.020964840000176
11098967.478496125000778 1547755.319550777500132
11098967.478496125000778 1547755.618136715000088
11098967.478496125000778 1547755.916722652500044
11098967.478496125000778 1547756.215308590000000
11098967.478496125000778 1547756.513894527499956
11098967.478496125000778 1547756.812480464999912
11098967.478496125000778 1547757.111066402499868
11098967.478496125000778 1547757.409652339999824
11098967.478496125000778 1547757.708238277499780
11098967.478496125000778 1547758.006824214999736
11098967.478496125000778 1547758.305410152499692
11098967.478496125000778 1547758.603996089999648
11098967.777076854167315 1547753.528035152500396
11098967.777076854167315 1547753.826621090000352
11098967.777076854167315 1547754.125207027500308
11098967.777076854167315 1547754.423792965000264
11098967.777076854167315 1547754.722378902500220
11098967.777076854167315 1547755.020964840000176
11098967.777076854167315 1547755.319550777500132
11098967.777076854167315 1547755.618136715000088
11098967.777076854167315 1547755.916722652500044
11098967.777076854167315 1547756.215308590000000
11098967.777076854167315 1547756.513894527499956
11098967.777076854167315 1547756.812480464999912
11098967.777076854167315 1547757.111066402499868
11098967.777076854167315 1547757.409652339999824
11098967.777076854167315 1547757.708238277499780
11098967.777076854167315 1547758.006824214999736
11098967.777076854167315 1547758.305410152499692
11098967.777076854167315 1547758.603996089999648
11098968.075657583333852 1547753.528035152500396
11098968.075657583333852 1547753.826621090000352
11098968.075657583333852 1547754.125207027500308
11098968.075657583333852 1547754.423792965000264
11098968.075657583333852 1547754.722378902500220
11098968.075657583333852 1547755.020964840000176
11098968.075657583333852 1547755.319550777500132
11098968.075657583333852 1547755.618136715000088
11098968.075657583333852 1547755.916722652500044
11098968.075657583333852 1547756.215308590000000
11098968.075657583333852 1547756.513894527499956
11098968.075657583333852 1547756.812480464999912
11098968.075657583333852 1547757.111066402499868
11098968.075657583333852 1547757.409652339999824
11098968.075657583333852 1547757.708238277499780
11098968.075657583333852 1547758.006824214999736
11098968.075657583333852 1547758.305410152499692
11098968.075657583333852 1547758.603996089999648
11098968.374238312500389 1547753.528035152500396
11098968.374238312500389 1547753.826621090000352
11098968.374238312500389 1547754.125207027500308
11098968.374238312500389 1547754.423792965000264
11098968.374238312500389 1547754.722378902500220
11098968.374238312500389 1547755.020964840000176
11098968.374238312500389 1547755.319550777500132
11098968.374238312500389 1547755.618136715000088
11098968.374238312500389 1547755.916722652500044
11098968.374238312500389 1547756.215308590000000
11098968.374238312500389 1547756.513894527499956
11098968.374238312500389 1547756.812480464999912
11098968.374238312500389 1547757.111066402499868
11098968.374238312500389 1547757.409652339999824
11098968.374238312500389 1547757.708238277499780
11098968.374238312500389 1547758.006824214999736
11098968.374238312500389 1547758.305410152499692
11098968.374238312500389 1547758.603996089999648
11098968.672819041666926 1547753.528035152500396
11098968.672819041666926 1547753.826621090000352
11098968.672819041666926 1547754.125207027500308
11098968.672819041666926 1547754.423792965000264
11098968.672819041666926 1547754.722378902500220
11098968.672819041666926 1547755.020964840000176
11098968.672819041666926 1547755.319550777500132
11098968.672819041666926 1547755.618136715000088
11098968.672819041666926 1547755.916722652500044
11098968.672819041666926 1547756.215308590000000
11098968.672819041666926 1547756.513894527499956
11098968.672819041666926 1547756.812480464999912
11098968.672819041666926 1547757.111066402499868
11098968.672819041666926 1547757.409652339999824
11098968.672819041666926 1547757.708238277499780
11098968.672819041666926 1547758.006824214999736
11098968.672819041666926 1547758.305410152499692
11098968.672819041666926 1547758.603996089999648
11098968.971399770833463 1547753.528035152500396
11098968.971399770833463 1547753.826621090000352
11098968.971399770833463 1547754.125207027500308
11098968.971399770833463 1547754.423792965000264
11098968.971399770833463 1547754.722378902500220
11098968.971399770833463 1547755.020964840000176
11098968.971399770833463 1547755.319550777500132
11098968.971399770833463 1547755.618136715000088
11098968.971399770833463 1547755.916722652500044
11098968.971399770833463 1547756.215308590000000
11098968.971399770833463 1547756.513894527499956
11098968.971399770833463 1547756.812480464999912
11098968.971399770833463 1547757.111066402499868
11098968.971399770833463 1547757.409652339999824
11098968.971399770833463 1547757.708238277499780
11098968.971399770833463 1547758.006824214999736
11098968.971399770833463 1547758.305410152499692
11098968.971399770833463 1547758.603996089999648
11098969.269980500000000 1547753.528035152500396
11098969.269980500000000 1547753.826621090000352
11098969.269980500000000 1547754.125207027500308
11098969.269980500000000 1547754.423792965000264
11098969.269980500000000 1547754.722378902500220
11098969.269980500000000 1547755.020964840000176
11098969.269980500000000 1547755.319550777500132
11098969.269980500000000 1547755.618136715000088
11098969.269980500000000 1547755.916722652500044
11098969.269980500000000 1547756.215308590000000
11098969.269980500000000 1547756.513894527499956
11098969.269980500000000 1547756.812480464999912
11098969.269980500000000 1547757.111066402499868
11098969.269980500000000 1547757.409652339999824
11098969.269980500000000 1547757.708238277499780
11098969.269980500000000 1547758.006824214999736
11098969.269980500000000 1547758.305410152499692
11098969.269980500000000 1547758.603996089999648
11098969.568561229166537 1547753.528035152500396
11098969.568561229166537 1547753.826621090000352
11098969.568561229166537 1547754.125207027500308
11098969.568561229166537 1547754.423792965000264
11098969.568561229166537 1547754.722378902500220
11098969.568561229166537 1547755.020964840000176
11098969.568561229166537 1547755.319550777500132
11098969.568561229166537 1547755.618136715000088
11098969.568561229166537 1547755.916722652500044
11098969.568561229166537 1547756.215308590000000
11098969.568561229166537 1547756.513894527499956
11098969.568561229166537 1547756.812480464999912
11098969.568561229166537 1547757.111066402499868
11098969.568561229166537 1547757.409652339999824
11098969.568561229166537 1547757.708238277499780
11098969.568561229166537 1547758.006824214999736
11098969.568561229166537 1547758.305410152499692
11098969.568561229166537 1547758.603996089999648
11098969.867141958333074 1547753.528035152500396
11098969.867141958333074 1547753.826621090000352
11098969.867141958333074 1547754.125207027500308
11098969.867141958333074 1547754.423792965000264
11098969.867141958333074 1547754.722378902500220
11098969.867141958333074 1547755.020964840000176
11098969.867141958333074 1547755.319550777500132
11098969.867141958333074 1547755.618136715000088
11098969.867141958333074 1547755.916722652500044
11098969.867141958333074 1547756.215308590000000
11098969.867141958333074 1547756.513894527499956
11098969.867141958333074 1547756.812480464999912
11098969.867141958333074 1547757.111066402499868
11098969.867141958333074 1547757.409652339999824
11098969.867141958333074 1547757.708238277499780
11098969.867141958333074 1547758.006824214999736
11098969.867141958333074 1547758.305410152499692
11098969.867141958333074 1547758.603996089999648
11098970.165722687499611 1547753.528035152500396
11098970.165722687499611 1547753.826621090000352
11098970.165722687499611 1547754.125207027500308
11098970.165722687499611 1547754.423792965000264
11098970.165722687499611 1547754.722378902500220
11098970.165722687499611 1547755.020964840000176
11098970.165722687499611 1547755.319550777500132
11098970.165722687499611 1547755.618136715000088
11098970.165722687499611 1547755.916722652500044
11098970.165722687499611 1547756.215308590000000
11098970.165722687499611 1547756.513894527499956
11098970.165722687499611 1547756.812480464999912
11098970.165722687499611 1547757.111066402499868
11098970.165722687499611 1547757.409652339999824
11098970.165722687499611 1547757.708238277499780
11098970.165722687499611 1547758.006824214999736
11098970.165722687499611 1547758.305410152499692
11098970.165722687499611 1547758.603996089999648
11098970.464303416666148 1547753.528035152500396
11098970.464303416666148 1547753.826621090000352
11098970.464303416666148 1547754.125207027500308
11098970.464303416666148 1547754.423792965000264
11098970.464303416666148 1547754.722378902500220
11098970.464303416666148 1547755.020964840000176
11098970.464303416666148 1547755.319550777500132
11098970.464303416666148 1547755.618136715000088
11098970.464303416666148 1547755.916722652500044
11098970.464303416666148 1547756.215308590000000
11098970.464303416666148 1547756.513894527499956
11098970.464303416666148 1547756.812480464999912
11098970.464303416666148 1547757.111066402499868
11098970.464303416666148 1547757.409652339999824
11098970.464303416666148 1547757.708238277499780
11098970.464303416666148 1547758.006824214999736
11098970.464303416666148 1547758.305410152499692
11098970.464303416666148 1547758.603996089999648
11098970.762884145832685 1547753.528035152500396
11098970.762884145832685 1547753.826621090000352
11098970.762884145832685 1547754.125207027500308
11098970.762884145832685 1547754.423792965000264
11098970.762884145832685 1547754.722378902500220
11098970.762884145832685 1547755.020964840000176
11098970.762884145832685 1547755.319550777500132
11098970.762884145832685 1547755.618136715000088
11098970.762884145832685 1547755.916722652500044
11098970.762884145832685 1547756.215308590000000
11098970.762884145832685 1547756.513894527499956
11098970.762884145832685 1547756.812480464999912
11098970.762884145832685 1547757.111066402499868
11098970.762884145832685 1547757.409652339999824
11098970.762884145832685 1547757.708238277499780
11098970.762884145832685 1547758.006824214999736
11098970.762884145832685 1547758.305410152499692
11098970.762884145832685 1547758.603996089999648
11098971.061464874999222 1547753.528035152500396
11098971.061464874999222 1547753.826621090000352
11098971.061464874999222 1547754.125207027500308
11098971.061464874999222 1547754.423792965000264
11098971.061464874999222 1547754.722378902500220
11098971.061464874999222 1547755.020964840000176
11098971.061464874999222 1547755.319550777500132
11098971.061464874999222 1547755.618136715000088
11098971.061464874999222 1547755.916722652500044
11098971.061464874999222 1547756.215308590000000
11098971.061464874999222 1547756.513894527499956
11098971.061464874999222 1547756.812480464999912
11098971.061464874999222 1547757.111066402499868
11098971.061464874999222 1547757.409652339999824
11098971.061464874999222 1547757.708238277499780
11098971.061464874999222 1547758.006824214999736
11098971.061464874999222 1547758.305410152499692
11098971.061464874999222 1547758.603996089999648
11098971.360045604165759 1547753.528035152500396
11098971.360045604165759 1547753.826621090000352
11098971.360045604165759 1547754.125207027500308
11098971.360045604165759 1547754.423792965000264
11098971.360045604165759 1547754.722378902500220
11098971.360045604165759 1547755.020964840000176
11098971.360045604165759 1547755.319550777500132
11098971.360045604165759 1547755.618136715000088
11098971.360045604165759 1547755.916722652500044
11098971.360045604165759 1547756.215308590000000
11098971.360045604165759 1547756.513894527499956
11098971.360045604165759 1547756.812480464999912
11098971.360045604165759 1547757.111066402499868
11098971.360045604165759 1547757.409652339999824
11098971.360045604165759 1547757.708238277499780
11098971.360045604165759 1547758.006824214999736
11098971.360045604165759 1547758.305410152499692
11098971.360045604165759 1547758.603996089999648
11098971.658626333332296 1547753.528035152500396
11098971.658626333332296 1547753.826621090000352
11098971.658626333332296 1547754.125207027500308
11098971.658626333332296 1547754.423792965000264
11098971.658626333332296 1547754.722378902500220
11098971.658626333332296 1547755.020964840000176
11098971.658626333332296 1547755.319550777500132
11098971.658626333332296 1547755.618136715000088
11098971.658626333332296 1547755.916722652500044
11098971.658626333332296 1547756.215308590000000
11098971.658626333332296 1547756.513894527499956
11098971.658626333332296 1547756.812480464999912
11098971.658626333332296 1547757.111066402499868
11098971.658626333332296 1547757.409652339999824
11098971.658626333332296 1547757.708238277499780
11098971.658626333332296 1547758.006824214999736
11098971.658626333332296 1547758.305410152499692
11098971.658626333332296 1547758.603996089999648
