11099221.570696637501167 1547734.717121092500396
11099221.570696637501167 1547735.015707030000352
11099221.570696637501167 1547735.314292967500308
11099221.570696637501167 1547735.612878905000264
11099221.570696637501167 1547735.911464842500220
11099221.570696637501167 1547736.210050780000176
11099221.570696637501167 1547736.508636717500132
11099221.570696637501167 1547736.807222655000088
11099221.570696637501167 1547737.105808592500044
11099221.570696637501167 1547737.404394530000000
11099221.570696637501167 1547737.702980467499956
11099221.570696637501167 1547738.001566404999912
11099221.570696637501167 1547738.300152342499868
11099221.570696637501167 1547738.598738279999824
11099221.570696637501167 1547738.897324217499780
11099221.570696637501167 1547739.195910154999736
11099221.570696637501167 1547739.494496092499692
11099221.570696637501167 1547739.793082029999648
11099221.869277366667704 1547734.717121092500396
11099221.869277366667704 1547735.015707030000352
11099221.869277366667704 1547735.314292967500308
11099221.869277366667704 1547735.612878905000264
11099221.869277366667704 1547735.911464842500220
11099221.869277366667704 1547736.210050780000176
11099221.869277366667704 1547736.508636717500132
11099221.869277366667704 1547736.807222655000088
11099221.869277366667704 1547737.105808592500044
11099221.869277366667704 1547737.404394530000000
11099221.869277366667704 1547737.702980467499956
11099221.869277366667704 1547738.001566404999912
11099221.869277366667704 1547738.300152342499868
11099221.869277366667704 1547738.598738279999824
11099221.869277366667704 1547738.897324217499780
11099221.869277366667704 1547739.195910154999736
11099221.869277366667704 1547739.494496092499692
11099221.869277366667704 1547739.793082029999648
11099222.167858095834241 1547734.717121092500396
11099222.167858095834241 1547735.015707030000352
11099222.167858095834241 1547735.314292967500308
11099222.167858095834241 1547735.612878905000264
11099222.167858095834241 1547735.911464842500220
11099222.167858095834241 1547736.210050780000176
11099222.167858095834241 1547736.508636717500132
11099222.167858095834241 1547736.807222655000088
11099222.167858095834241 1547737.105808592500044
11099222.167858095834241 1547737.404394530000000
11099222.167858095834241 1547737.702980467499956
11099222.167858095834241 1547738.001566404999912
11099222.167858095834241 1547738.300152342499868
11099222.167858095834241 1547738.598738279999824
11099222.167858095834241 1547738.897324217499780
11099222.167858095834241 1547739.195910154999736
11099222.167858095834241 1547739.494496092499692
11099222.167858095834241 1547739.793082029999648
11099222.466438825000778 1547734.717121092500396
11099222.466438825000778 1547735.015707030000352
11099222.466438825000778 1547735.314292967500308
11099222.466438825000778 1547735.612878905000264
11099222.466438825000778 1547735.911464842500220
11099222.466438825000778 1547736.210050780000176
11099222.466438825000778 1547736.508636717500132
11099222.466438825000778 1547736.807222655000088
11099222.466438825000778 1547737.105808592500044
11099222.466438825000778 1547737.404394530000000
11099222.466438825000778 1547737.702980467499956
11099222.466438825000778 1547738.001566404999912
11099222.466438825000778 1547738.300152342499868
11099222.466438825000778 1547738.598738279999824
11099222.466438825000778 1547738.897324217499780
11099222.466438825000778 1547739.195910154999736
11099222.466438825000778 1547739.494496092499692
11099222.466438825000778 1547739.793082029999648
11099222.765019554167315 1547734.717121092500396
11099222.765019554167315 1547735.015707030000352
11099222.765019554167315 1547735.314292967500308
11099222.765019554167315 1547735.612878905000264
11099222.765019554167315 1547735.911464842500220
11099222.765019554167315 1547736.210050780000176
11099222.765019554167315 1547736.508636717500132
11099222.765019554167315 1547736.807222655000088
11099222.765019554167315 1547737.105808592500044
11099222.765019554167315 1547737.404394530000000
11099222.765019554167315 1547737.702980467499956
11099222.765019554167315 1547738.001566404999912
11099222.765019554167315 1547738.300152342499868
11099222.765019554167315 1547738.598738279999824
11099222.765019554167315 1547738.897324217499780
11099222.765019554167315 1547739.195910154999736
11099222.765019554167315 1547739.494496092499692
11099222.765019554167315 1547739.793082029999648
11099223.063600283333852 1547734.717121092500396
11099223.063600283333852 1547735.015707030000352
11099223.063600283333852 1547735.314292967500308
11099223.063600283333852 1547735.612878905000264
11099223.063600283333852 1547735.911464842500220
11099223.063600283333852 1547736.210050780000176
11099223.063600283333852 1547736.508636717500132
11099223.063600283333852 1547736.807222655000088
11099223.063600283333852 1547737.105808592500044
11099223.063600283333852 1547737.404394530000000
11099223.063600283333852 1547737.702980467499956
11099223.063600283333852 1547738.001566404999912
11099223.063600283333852 1547738.300152342499868
11099223.063600283333852 1547738.598738279999824
11099223.063600283333852 1547738.897324217499780
11099223.063600283333852 1547739.195910154999736
11099223.063600283333852 1547739.494496092499692
11099223.063600283333852 1547739.793082029999648
11099223.362181012500389 1547734.717121092500396
11099223.362181012500389 1547735.015707030000352
11099223.362181012500389 1547735.314292967500308
11099223.362181012500389 1547735.612878905000264
11099223.362181012500389 1547735.911464842500220
11099223.362181012500389 1547736.210050780000176
11099223.362181012500389 1547736.508636717500132
11099223.362181012500389 1547736.807222655000088
11099223.362181012500389 1547737.105808592500044
11099223.362181012500389 1547737.404394530000000
11099223.362181012500389 1547737.702980467499956
11099223.362181012500389 1547738.001566404999912
11099223.362181012500389 1547738.300152342499868
11099223.362181012500389 1547738.598738279999824
11099223.362181012500389 1547738.897324217499780
11099223.362181012500389 1547739.195910154999736
11099223.362181012500389 1547739.494496092499692
11099223.362181012500389 1547739.793082029999648
11099223.660761741666926 1547734.717121092500396
11099223.660761741666926 1547735.015707030000352
11099223.660761741666926 1547735.314292967500308
11099223.660761741666926 1547735.612878905000264
11099223.660761741666926 1547735.911464842500220
11099223.660761741666926 1547736.210050780000176
11099223.660761741666926 1547736.508636717500132
11099223.660761741666926 1547736.807222655000088
11099223.660761741666926 1547737.105808592500044
11099223.660761741666926 1547737.404394530000000
11099223.660761741666926 1547737.702980467499956
11099223.660761741666926 1547738.001566404999912
11099223.660761741666926 1547738.300152342499868
11099223.660761741666926 1547738.598738279999824
11099223.660761741666926 1547738.897324217499780
11099223.660761741666926 1547739.195910154999736
11099223.660761741666926 1547739.494496092499692
11099223.660761741666926 1547739.793082029999648
11099223.959342470833463 1547734.717121092500396
11099223.959342470833463 1547735.015707030000352
11099223.959342470833463 1547735.314292967500308
11099223.959342470833463 1547735.612878905000264
11099223.959342470833463 1547735.911464842500220
11099223.959342470833463 1547736.210050780000176
11099223.959342470833463 1547736.508636717500132
11099223.959342470833463 1547736.807222655000088
11099223.959342470833463 1547737.105808592500044
11099223.959342470833463 1547737.404394530000000
11099223.959342470833463 1547737.702980467499956
11099223.959342470833463 1547738.001566404999912
11099223.959342470833463 1547738.300152342499868
11099223.959342470833463 1547738.598738279999824
11099223.959342470833463 1547738.897324217499780
11099223.959342470833463 1547739.195910154999736
11099223.959342470833463 1547739.494496092499692
11099223.959342470833463 1547739.793082029999648
11099224.257923200000000 1547734.717121092500396
11099224.257923200000000 1547735.015707030000352
11099224.257923200000000 1547735.314292967500308
11099224.257923200000000 1547735.612878905000264
11099224.257923200000000 1547735.911464842500220
11099224.257923200000000 1547736.210050780000176
11099224.257923200000000 1547736.508636717500132
11099224.257923200000000 1547736.807222655000088
11099224.257923200000000 1547737.105808592500044
11099224.257923200000000 1547737.404394530000000
11099224.257923200000000 1547737.702980467499956
11099224.257923200000000 1547738.001566404999912
11099224.257923200000000 1547738.300152342499868
11099224.257923200000000 1547738.598738279999824
11099224.257923200000000 1547738.897324217499780
11099224.257923200000000 1547739.195910154999736
11099224.257923200000000 1547739.494496092499692
11099224.257923200000000 1547739.793082029999648
11099224.556503929166537 1547734.717121092500396
11099224.556503929166537 1547735.015707030000352
11099224.556503929166537 1547735.314292967500308
11099224.556503929166537 1547735.612878905000264
11099224.556503929166537 1547735.911464842500220
11099224.556503929166537 1547736.210050780000176
11099224.556503929166537 1547736.508636717500132
11099224.556503929166537 1547736.807222655000088
11099224.556503929166537 1547737.105808592500044
11099224.556503929166537 1547737.404394530000000
11099224.556503929166537 1547737.702980467499956
11099224.556503929166537 1547738.001566404999912
11099224.556503929166537 1547738.300152342499868
11099224.556503929166537 1547738.598738279999824
11099224.556503929166537 1547738.897324217499780
11099224.556503929166537 1547739.195910154999736
11099224.556503929166537 1547739.494496092499692
11099224.556503929166537 1547739.793082029999648
11099224.855084658333074 1547734.717121092500396
11099224.855084658333074 1547735.015707030000352
11099224.855084658333074 1547735.314292967500308
11099224.855084658333074 1547735.612878905000264
11099224.855084658333074 1547735.911464842500220
11099224.855084658333074 1547736.210050780000176
11099224.855084658333074 1547736.508636717500132
11099224.855084658333074 1547736.807222655000088
11099224.855084658333074 1547737.105808592500044
11099224.855084658333074 1547737.404394530000000
11099224.855084658333074 1547737.702980467499956
11099224.855084658333074 1547738.001566404999912
11099224.855084658333074 1547738.300152342499868
11099224.855084658333074 1547738.598738279999824
11099224.855084658333074 1547738.897324217499780
11099224.855084658333074 1547739.195910154999736
11099224.855084658333074 1547739.494496092499692
11099224.855084658333074 1547739.793082029999648
11099225.153665387499611 1547734.717121092500396
11099225.153665387499611 1547735.015707030000352
11099225.153665387499611 1547735.314292967500308
11099225.153665387499611 1547735.612878905000264
11099225.153665387499611 1547735.911464842500220
11099225.153665387499611 1547736.210050780000176
11099225.153665387499611 1547736.508636717500132
11099225.153665387499611 1547736.807222655000088
11099225.153665387499611 1547737.105808592500044
11099225.153665387499611 1547737.404394530000000
11099225.153665387499611 1547737.702980467499956
11099225.153665387499611 1547738.001566404999912
11099225.153665387499611 1547738.300152342499868
11099225.153665387499611 1547738.598738279999824
11099225.153665387499611 1547738.897324217499780
11099225.153665387499611 1547739.195910154999736
11099225.153665387499611 1547739.494496092499692
11099225.153665387499611 1547739.793082029999648
11099225.452246116666148 1547734.717121092500396
11099225.452246116666148 1547735.015707030000352
11099225.452246116666148 1547735.314292967500308
11099225.452246116666148 1547735.612878905000264
11099225.452246116666148 1547735.911464842500220
11099225.452246116666148 1547736.210050780000176
11099225.452246116666148 1547736.508636717500132
11099225.452246116666148 1547736.807222655000088
11099225.452246116666148 1547737.105808592500044
11099225.452246116666148 1547737.404394530000000
11099225.452246116666148 1547737.702980467499956
11099225.452246116666148 1547738.001566404999912
11099225.452246116666148 1547738.300152342499868
11099225.452246116666148 1547738.598738279999824
11099225.452246116666148 1547738.897324217499780
11099225.452246116666148 1547739.195910154999736
11099225.452246116666148 1547739.494496092499692
11099225.452246116666148 1547739.793082029999648
11099225.750826845832685 1547734.717121092500396
11099225.750826845832685 1547735.015707030000352
11099225.750826845832685 1547735.314292967500308
11099225.750826845832685 1547735.612878905000264
11099225.750826845832685 1547735.911464842500220
11099225.750826845832685 1547736.210050780000176
11099225.750826845832685 1547736.508636717500132
11099225.750826845832685 1547736.807222655000088
11099225.750826845832685 1547737.105808592500044
11099225.750826845832685 1547737.404394530000000
11099225.750826845832685 1547737.702980467499956
11099225.750826845832685 1547738.001566404999912
11099225.750826845832685 1547738.300152342499868
11099225.750826845832685 1547738.598738279999824
11099225.750826845832685 1547738.897324217499780
11099225.750826845832685 1547739.195910154999736
11099225.750826845832685 1547739.494496092499692
11099225.750826845832685 1547739.793082029999648
11099226.049407574999222 1547734.717121092500396
11099226.049407574999222 1547735.015707030000352
11099226.049407574999222 1547735.314292967500308
11099226.049407574999222 1547735.612878905000264
11099226.049407574999222 1547735.911464842500220
11099226.049407574999222 1547736.210050780000176
11099226.049407574999222 1547736.508636717500132
11099226.049407574999222 1547736.807222655000088
11099226.049407574999222 1547737.105808592500044
11099226.049407574999222 1547737.404394530000000
11099226.049407574999222 1547737.702980467499956
11099226.049407574999222 1547738.001566404999912
11099226.049407574999222 1547738.300152342499868
11099226.049407574999222 1547738.598738279999824
11099226.049407574999222 1547738.897324217499780
11099226.049407574999222 1547739.195910154999736
11099226.049407574999222 1547739.494496092499692
11099226.049407574999222 1547739.793082029999648
11099226.347988304165759 1547734.717121092500396
11099226.347988304165759 1547735.015707030000352
11099226.347988304165759 1547735.314292967500308
11099226.347988304165759 1547735.612878905000264
11099226.347988304165759 1547735.911464842500220
11099226.347988304165759 1547736.210050780000176
11099226.347988304165759 1547736.508636717500132
11099226.347988304165759 1547736.807222655000088
11099226.347988304165759 1547737.105808592500044
11099226.347988304165759 1547737.404394530000000
11099226.347988304165759 1547737.702980467499956
11099226.347988304165759 1547738.001566404999912
11099226.347988304165759 1547738.300152342499868
11099226.347988304165759 1547738.598738279999824
11099226.347988304165759 1547738.897324217499780
11099226.347988304165759 1547739.195910154999736
11099226.347988304165759 1547739.494496092499692
11099226.347988304165759 1547739.793082029999648
11099226.646569033332296 1547734.717121092500396
11099226.646569033332296 1547735.015707030000352
11099226.646569033332296 1547735.314292967500308
11099226.646569033332296 1547735.612878905000264
11099226.646569033332296 1547735.911464842500220
11099226.646569033332296 1547736.210050780000176
11099226.646569033332296 1547736.508636717500132
11099226.646569033332296 1547736.807222655000088
11099226.646569033332296 1547737.105808592500044
11099226.646569033332296 1547737.404394530000000
11099226.646569033332296 1547737.702980467499956
11099226.646569033332296 1547738.001566404999912
11099226.646569033332296 1547738.300152342499868
11099226.646569033332296 1547738.598738279999824
11099226.646569033332296 1547738.897324217499780
11099226.646569033332296 1547739.195910154999736
11099226.646569033332296 1547739.494496092499692
11099226.646569033332296 1547739.793082029999648
