11098878.202858037501167 1547680.673066402500396
11098878.202858037501167 1547680.971652340000352
11098878.202858037501167 1547681.270238277500308
11098878.202858037501167 1547681.568824215000264
11098878.202858037501167 1547681.867410152500220
11098878.202858037501167 1547682.165996090000176
11098878.202858037501167 1547682.464582027500132
11098878.202858037501167 1547682.763167965000088
11098878.202858037501167 1547683.061753902500044
11098878.202858037501167 1547683.360339840000000
11098878.202858037501167 1547683.658925777499956
11098878.202858037501167 1547683.957511714999912
11098878.202858037501167 1547684.256097652499868
11098878.202858037501167 1547684.554683589999824
11098878.202858037501167 1547684.853269527499780
11098878.202858037501167 1547685.151855464999736
11098878.202858037501167 1547685.450441402499692
11098878.202858037501167 1547685.749027339999648
11098878.501438766667704 1547680.673066402500396
11098878.501438766667704 1547680.971652340000352
11098878.501438766667704 1547681.270238277500308
11098878.501438766667704 1547681.568824215000264
11098878.501438766667704 1547681.867410152500220
11098878.501438766667704 1547682.165996090000176
11098878.501438766667704 1547682.464582027500132
11098878.501438766667704 1547682.763167965000088
11098878.501438766667704 1547683.061753902500044
11098878.501438766667704 1547683.360339840000000
11098878.501438766667704 1547683.658925777499956
11098878.501438766667704 1547683.957511714999912
11098878.501438766667704 1547684.256097652499868
11098878.501438766667704 1547684.554683589999824
11098878.501438766667704 1547684.853269527499780
11098878.501438766667704 1547685.151855464999736
11098878.501438766667704 1547685.450441402499692
11098878.501438766667704 1547685.749027339999648
11098878.800019495834241 1547680.673066402500396
11098878.800019495834241 1547680.971652340000352
11098878.800019495834241 1547681.270238277500308
11098878.800019495834241 1547681.568824215000264
11098878.800019495834241 1547681.867410152500220
11098878.800019495834241 1547682.165996090000176
11098878.800019495834241 1547682.464582027500132
11098878.800019495834241 1547682.763167965000088
11098878.800019495834241 1547683.061753902500044
11098878.800019495834241 1547683.360339840000000
11098878.800019495834241 1547683.658925777499956
11098878.800019495834241 1547683.957511714999912
11098878.800019495834241 1547684.256097652499868
11098878.800019495834241 1547684.554683589999824
11098878.800019495834241 1547684.853269527499780
11098878.800019495834241 1547685.151855464999736
11098878.800019495834241 1547685.450441402499692
11098878.800019495834241 1547685.749027339999648
11098879.098600225000778 1547680.673066402500396
11098879.098600225000778 1547680.971652340000352
11098879.098600225000778 1547681.270238277500308
11098879.098600225000778 1547681.568824215000264
11098879.098600225000778 1547681.867410152500220
11098879.098600225000778 1547682.165996090000176
11098879.098600225000778 1547682.464582027500132
11098879.098600225000778 1547682.763167965000088
11098879.098600225000778 1547683.061753902500044
11098879.098600225000778 1547683.360339840000000
11098879.098600225000778 1547683.658925777499956
11098879.098600225000778 1547683.957511714999912
11098879.098600225000778 1547684.256097652499868
11098879.098600225000778 1547684.554683589999824
11098879.098600225000778 1547684.853269527499780
11098879.098600225000778 1547685.151855464999736
11098879.098600225000778 1547685.450441402499692
11098879.098600225000778 1547685.749027339999648
11098879.397180954167315 1547680.673066402500396
11098879.397180954167315 1547680.971652340000352
11098879.397180954167315 1547681.270238277500308
11098879.397180954167315 1547681.568824215000264
11098879.397180954167315 1547681.867410152500220
11098879.397180954167315 1547682.165996090000176
11098879.397180954167315 1547682.464582027500132
11098879.397180954167315 1547682.763167965000088
11098879.397180954167315 1547683.061753902500044
11098879.397180954167315 1547683.360339840000000
11098879.397180954167315 1547683.658925777499956
11098879.397180954167315 1547683.957511714999912
11098879.397180954167315 1547684.256097652499868
11098879.397180954167315 1547684.554683589999824
11098879.397180954167315 1547684.853269527499780
11098879.397180954167315 1547685.151855464999736
11098879.397180954167315 1547685.450441402499692
11098879.397180954167315 1547685.749027339999648
11098879.695761683333852 1547680.673066402500396
11098879.695761683333852 1547680.971652340000352
11098879.695761683333852 1547681.270238277500308
11098879.695761683333852 1547681.568824215000264
11098879.695761683333852 1547681.867410152500220
11098879.695761683333852 1547682.165996090000176
11098879.695761683333852 1547682.464582027500132
11098879.695761683333852 1547682.763167965000088
11098879.695761683333852 1547683.061753902500044
11098879.695761683333852 1547683.360339840000000
11098879.695761683333852 1547683.658925777499956
11098879.695761683333852 1547683.957511714999912
11098879.695761683333852 1547684.256097652499868
11098879.695761683333852 1547684.554683589999824
11098879.695761683333852 1547684.853269527499780
11098879.695761683333852 1547685.151855464999736
11098879.695761683333852 1547685.450441402499692
11098879.695761683333852 1547685.749027339999648
11098879.994342412500389 1547680.673066402500396
11098879.994342412500389 1547680.971652340000352
11098879.994342412500389 1547681.270238277500308
11098879.994342412500389 1547681.568824215000264
11098879.994342412500389 1547681.867410152500220
11098879.994342412500389 1547682.165996090000176
11098879.994342412500389 1547682.464582027500132
11098879.994342412500389 1547682.763167965000088
11098879.994342412500389 1547683.061753902500044
11098879.994342412500389 1547683.360339840000000
11098879.994342412500389 1547683.658925777499956
11098879.994342412500389 1547683.957511714999912
11098879.994342412500389 1547684.256097652499868
11098879.994342412500389 1547684.554683589999824
11098879.994342412500389 1547684.853269527499780
11098879.994342412500389 1547685.151855464999736
11098879.994342412500389 1547685.450441402499692
11098879.994342412500389 1547685.749027339999648
11098880.292923141666926 1547680.673066402500396
11098880.292923141666926 1547680.971652340000352
11098880.292923141666926 1547681.270238277500308
11098880.292923141666926 1547681.568824215000264
11098880.292923141666926 1547681.867410152500220
11098880.292923141666926 1547682.165996090000176
11098880.292923141666926 1547682.464582027500132
11098880.292923141666926 1547682.763167965000088
11098880.292923141666926 1547683.061753902500044
11098880.292923141666926 1547683.360339840000000
11098880.292923141666926 1547683.658925777499956
11098880.292923141666926 1547683.957511714999912
11098880.292923141666926 1547684.256097652499868
11098880.292923141666926 1547684.554683589999824
11098880.292923141666926 1547684.853269527499780
11098880.292923141666926 1547685.151855464999736
11098880.292923141666926 1547685.450441402499692
11098880.292923141666926 1547685.749027339999648
11098880.591503870833463 1547680.673066402500396
11098880.591503870833463 1547680.971652340000352
11098880.591503870833463 1547681.270238277500308
11098880.591503870833463 1547681.568824215000264
11098880.591503870833463 1547681.867410152500220
11098880.591503870833463 1547682.165996090000176
11098880.591503870833463 1547682.464582027500132
11098880.591503870833463 1547682.763167965000088
11098880.591503870833463 1547683.061753902500044
11098880.591503870833463 1547683.360339840000000
11098880.591503870833463 1547683.658925777499956
11098880.591503870833463 1547683.957511714999912
11098880.591503870833463 1547684.256097652499868
11098880.591503870833463 1547684.554683589999824
11098880.591503870833463 1547684.853269527499780
11098880.591503870833463 1547685.151855464999736
11098880.591503870833463 1547685.450441402499692
11098880.591503870833463 1547685.749027339999648
11098880.890084600000000 1547680.673066402500396
11098880.890084600000000 1547680.971652340000352
11098880.890084600000000 1547681.270238277500308
11098880.890084600000000 1547681.568824215000264
11098880.890084600000000 1547681.867410152500220
11098880.890084600000000 1547682.165996090000176
11098880.890084600000000 1547682.464582027500132
11098880.890084600000000 1547682.763167965000088
11098880.890084600000000 1547683.061753902500044
11098880.890084600000000 1547683.360339840000000
11098880.890084600000000 1547683.658925777499956
11098880.890084600000000 1547683.957511714999912
11098880.890084600000000 1547684.256097652499868
11098880.890084600000000 1547684.554683589999824
11098880.890084600000000 1547684.853269527499780
11098880.890084600000000 1547685.151855464999736
11098880.890084600000000 1547685.450441402499692
11098880.890084600000000 1547685.749027339999648
11098881.188665329166537 1547680.673066402500396
11098881.188665329166537 1547680.971652340000352
11098881.188665329166537 1547681.270238277500308
11098881.188665329166537 1547681.568824215000264
11098881.188665329166537 1547681.867410152500220
11098881.188665329166537 1547682.165996090000176
11098881.188665329166537 1547682.464582027500132
11098881.188665329166537 1547682.763167965000088
11098881.188665329166537 1547683.061753902500044
11098881.188665329166537 1547683.360339840000000
11098881.188665329166537 1547683.658925777499956
11098881.188665329166537 1547683.957511714999912
11098881.188665329166537 1547684.256097652499868
11098881.188665329166537 1547684.554683589999824
11098881.188665329166537 1547684.853269527499780
11098881.188665329166537 1547685.151855464999736
11098881.188665329166537 1547685.450441402499692
11098881.188665329166537 1547685.749027339999648
11098881.487246058333074 1547680.673066402500396
11098881.487246058333074 1547680.971652340000352
11098881.487246058333074 1547681.270238277500308
11098881.487246058333074 1547681.568824215000264
11098881.487246058333074 1547681.867410152500220
11098881.487246058333074 1547682.165996090000176
11098881.487246058333074 1547682.464582027500132
11098881.487246058333074 1547682.763167965000088
11098881.487246058333074 1547683.061753902500044
11098881.487246058333074 1547683.360339840000000
11098881.487246058333074 1547683.658925777499956
11098881.487246058333074 1547683.957511714999912
11098881.487246058333074 1547684.256097652499868
11098881.487246058333074 1547684.554683589999824
11098881.487246058333074 1547684.853269527499780
11098881.487246058333074 1547685.151855464999736
11098881.487246058333074 1547685.450441402499692
11098881.487246058333074 1547685.749027339999648
11098881.785826787499611 1547680.673066402500396
11098881.785826787499611 1547680.971652340000352
11098881.785826787499611 1547681.270238277500308
11098881.785826787499611 1547681.568824215000264
11098881.785826787499611 1547681.867410152500220
11098881.785826787499611 1547682.165996090000176
11098881.785826787499611 1547682.464582027500132
11098881.785826787499611 1547682.763167965000088
11098881.785826787499611 1547683.061753902500044
11098881.785826787499611 1547683.360339840000000
11098881.785826787499611 1547683.658925777499956
11098881.785826787499611 1547683.957511714999912
11098881.785826787499611 1547684.256097652499868
11098881.785826787499611 1547684.554683589999824
11098881.785826787499611 1547684.853269527499780
11098881.785826787499611 1547685.151855464999736
11098881.785826787499611 1547685.450441402499692
11098881.785826787499611 1547685.749027339999648
11098882.084407516666148 1547680.673066402500396
11098882.084407516666148 1547680.971652340000352
11098882.084407516666148 1547681.270238277500308
11098882.084407516666148 1547681.568824215000264
11098882.084407516666148 1547681.867410152500220
11098882.084407516666148 1547682.165996090000176
11098882.084407516666148 1547682.464582027500132
11098882.084407516666148 1547682.763167965000088
11098882.084407516666148 1547683.061753902500044
11098882.084407516666148 1547683.360339840000000
11098882.084407516666148 1547683.658925777499956
11098882.084407516666148 1547683.957511714999912
11098882.084407516666148 1547684.256097652499868
11098882.084407516666148 1547684.554683589999824
11098882.084407516666148 1547684.853269527499780
11098882.084407516666148 1547685.151855464999736
11098882.084407516666148 1547685.450441402499692
11098882.084407516666148 1547685.749027339999648
11098882.382988245832685 1547680.673066402500396
11098882.382988245832685 1547680.971652340000352
11098882.382988245832685 1547681.270238277500308
11098882.382988245832685 1547681.568824215000264
11098882.382988245832685 1547681.867410152500220
11098882.382988245832685 1547682.165996090000176
11098882.382988245832685 1547682.464582027500132
11098882.382988245832685 1547682.763167965000088
11098882.382988245832685 1547683.061753902500044
11098882.382988245832685 1547683.360339840000000
11098882.382988245832685 1547683.658925777499956
11098882.382988245832685 1547683.957511714999912
11098882.382988245832685 1547684.256097652499868
11098882.382988245832685 1547684.554683589999824
11098882.382988245832685 1547684.853269527499780
11098882.382988245832685 1547685.151855464999736
11098882.382988245832685 1547685.450441402499692
11098882.382988245832685 1547685.749027339999648
11098882.681568974999222 1547680.673066402500396
11098882.681568974999222 1547680.971652340000352
11098882.681568974999222 1547681.270238277500308
11098882.681568974999222 1547681.568824215000264
11098882.681568974999222 1547681.867410152500220
11098882.681568974999222 1547682.165996090000176
11098882.681568974999222 1547682.464582027500132
11098882.681568974999222 1547682.763167965000088
11098882.681568974999222 1547683.061753902500044
11098882.681568974999222 1547683.360339840000000
11098882.681568974999222 1547683.658925777499956
11098882.681568974999222 1547683.957511714999912
11098882.681568974999222 1547684.256097652499868
11098882.681568974999222 1547684.554683589999824
11098882.681568974999222 1547684.853269527499780
11098882.681568974999222 1547685.151855464999736
11098882.681568974999222 1547685.450441402499692
11098882.681568974999222 1547685.749027339999648
11098882.980149704165759 1547680.673066402500396
11098882.980149704165759 1547680.971652340000352
11098882.980149704165759 1547681.270238277500308
11098882.980149704165759 1547681.568824215000264
11098882.980149704165759 1547681.867410152500220
11098882.980149704165759 1547682.165996090000176
11098882.980149704165759 1547682.464582027500132
11098882.980149704165759 1547682.763167965000088
11098882.980149704165759 1547683.061753902500044
11098882.980149704165759 1547683.360339840000000
11098882.980149704165759 1547683.658925777499956
11098882.980149704165759 1547683.957511714999912
11098882.980149704165759 1547684.256097652499868
11098882.980149704165759 1547684.554683589999824
11098882.980149704165759 1547684.853269527499780
11098882.980149704165759 1547685.151855464999736
11098882.980149704165759 1547685.450441402499692
11098882.980149704165759 1547685.749027339999648
11098883.278730433332296 1547680.673066402500396
11098883.278730433332296 1547680.971652340000352
11098883.278730433332296 1547681.270238277500308
11098883.278730433332296 1547681.568824215000264
11098883.278730433332296 1547681.867410152500220
11098883.278730433332296 1547682.165996090000176
11098883.278730433332296 1547682.464582027500132
11098883.278730433332296 1547682.763167965000088
11098883.278730433332296 1547683.061753902500044
11098883.278730433332296 1547683.360339840000000
11098883.278730433332296 1547683.658925777499956
11098883.278730433332296 1547683.957511714999912
11098883.278730433332296 1547684.256097652499868
11098883.278730433332296 1547684.554683589999824
11098883.278730433332296 1547684.853269527499780
11098883.278730433332296 1547685.151855464999736
11098883.278730433332296 1547685.450441402499692
11098883.278730433332296 1547685.749027339999648
