11099106.915696637501167 1547803.093300782500396
11099106.915696637501167 1547803.391886720000352
11099106.915696637501167 1547803.690472657500308
11099106.915696637501167 1547803.989058595000264
11099106.915696637501167 1547804.287644532500220
11099106.915696637501167 1547804.586230470000176
11099106.915696637501167 1547804.884816407500132
11099106.915696637501167 1547805.183402345000088
11099106.915696637501167 1547805.481988282500044
11099106.915696637501167 1547805.780574220000000
11099106.915696637501167 1547806.079160157499956
11099106.915696637501167 1547806.377746094999912
11099106.915696637501167 1547806.676332032499868
11099106.915696637501167 1547806.974917969999824
11099106.915696637501167 1547807.273503907499780
11099106.915696637501167 1547807.572089844999736
11099106.915696637501167 1547807.870675782499692
11099106.915696637501167 1547808.169261719999648
11099107.214277366667704 1547803.093300782500396
11099107.214277366667704 1547803.391886720000352
11099107.214277366667704 1547803.690472657500308
11099107.214277366667704 1547803.989058595000264
11099107.214277366667704 1547804.287644532500220
11099107.214277366667704 1547804.586230470000176
11099107.214277366667704 1547804.884816407500132
11099107.214277366667704 1547805.183402345000088
11099107.214277366667704 1547805.481988282500044
11099107.214277366667704 1547805.780574220000000
11099107.214277366667704 1547806.079160157499956
11099107.214277366667704 1547806.377746094999912
11099107.214277366667704 1547806.676332032499868
11099107.214277366667704 1547806.974917969999824
11099107.214277366667704 1547807.273503907499780
11099107.214277366667704 1547807.572089844999736
11099107.214277366667704 1547807.870675782499692
11099107.214277366667704 1547808.169261719999648
11099107.512858095834241 1547803.093300782500396
11099107.512858095834241 1547803.391886720000352
11099107.512858095834241 1547803.690472657500308
11099107.512858095834241 1547803.989058595000264
11099107.512858095834241 1547804.287644532500220
11099107.512858095834241 1547804.586230470000176
11099107.512858095834241 1547804.884816407500132
11099107.512858095834241 1547805.183402345000088
11099107.512858095834241 1547805.481988282500044
11099107.512858095834241 1547805.780574220000000
11099107.512858095834241 1547806.079160157499956
11099107.512858095834241 1547806.377746094999912
11099107.512858095834241 1547806.676332032499868
11099107.512858095834241 1547806.974917969999824
11099107.512858095834241 1547807.273503907499780
11099107.512858095834241 1547807.572089844999736
11099107.512858095834241 1547807.870675782499692
11099107.512858095834241 1547808.169261719999648
11099107.811438825000778 1547803.093300782500396
11099107.811438825000778 1547803.391886720000352
11099107.811438825000778 1547803.690472657500308
11099107.811438825000778 1547803.989058595000264
11099107.811438825000778 1547804.287644532500220
11099107.811438825000778 1547804.586230470000176
11099107.811438825000778 1547804.884816407500132
11099107.811438825000778 1547805.183402345000088
11099107.811438825000778 1547805.481988282500044
11099107.811438825000778 1547805.780574220000000
11099107.811438825000778 1547806.079160157499956
11099107.811438825000778 1547806.377746094999912
11099107.811438825000778 1547806.676332032499868
11099107.811438825000778 1547806.974917969999824
11099107.811438825000778 1547807.273503907499780
11099107.811438825000778 1547807.572089844999736
11099107.811438825000778 1547807.870675782499692
11099107.811438825000778 1547808.169261719999648
11099108.110019554167315 1547803.093300782500396
11099108.110019554167315 1547803.391886720000352
11099108.110019554167315 1547803.690472657500308
11099108.110019554167315 1547803.989058595000264
11099108.110019554167315 1547804.287644532500220
11099108.110019554167315 1547804.586230470000176
11099108.110019554167315 1547804.884816407500132
11099108.110019554167315 1547805.183402345000088
11099108.110019554167315 1547805.481988282500044
11099108.110019554167315 1547805.780574220000000
11099108.110019554167315 1547806.079160157499956
11099108.110019554167315 1547806.377746094999912
11099108.110019554167315 1547806.676332032499868
11099108.110019554167315 1547806.974917969999824
11099108.110019554167315 1547807.273503907499780
11099108.110019554167315 1547807.572089844999736
11099108.110019554167315 1547807.870675782499692
11099108.110019554167315 1547808.169261719999648
11099108.408600283333852 1547803.093300782500396
11099108.408600283333852 1547803.391886720000352
11099108.408600283333852 1547803.690472657500308
11099108.408600283333852 1547803.989058595000264
11099108.408600283333852 1547804.287644532500220
11099108.408600283333852 1547804.586230470000176
11099108.408600283333852 1547804.884816407500132
11099108.408600283333852 1547805.183402345000088
11099108.408600283333852 1547805.481988282500044
11099108.408600283333852 1547805.780574220000000
11099108.408600283333852 1547806.079160157499956
11099108.408600283333852 1547806.377746094999912
11099108.408600283333852 1547806.676332032499868
11099108.408600283333852 1547806.974917969999824
11099108.408600283333852 1547807.273503907499780
11099108.408600283333852 1547807.572089844999736
11099108.408600283333852 1547807.870675782499692
11099108.408600283333852 1547808.169261719999648
11099108.707181012500389 1547803.093300782500396
11099108.707181012500389 1547803.391886720000352
11099108.707181012500389 1547803.690472657500308
11099108.707181012500389 1547803.989058595000264
11099108.707181012500389 1547804.287644532500220
11099108.707181012500389 1547804.586230470000176
11099108.707181012500389 1547804.884816407500132
11099108.707181012500389 1547805.183402345000088
11099108.707181012500389 1547805.481988282500044
11099108.707181012500389 1547805.780574220000000
11099108.707181012500389 1547806.079160157499956
11099108.707181012500389 1547806.377746094999912
11099108.707181012500389 1547806.676332032499868
11099108.707181012500389 1547806.974917969999824
11099108.707181012500389 1547807.273503907499780
11099108.707181012500389 1547807.572089844999736
11099108.707181012500389 1547807.870675782499692
11099108.707181012500389 1547808.169261719999648
11099109.005761741666926 1547803.093300782500396
11099109.005761741666926 1547803.391886720000352
11099109.005761741666926 1547803.690472657500308
11099109.005761741666926 1547803.989058595000264
11099109.005761741666926 1547804.287644532500220
11099109.005761741666926 1547804.586230470000176
11099109.005761741666926 1547804.884816407500132
11099109.005761741666926 1547805.183402345000088
11099109.005761741666926 1547805.481988282500044
11099109.005761741666926 1547805.780574220000000
11099109.005761741666926 1547806.079160157499956
11099109.005761741666926 1547806.377746094999912
11099109.005761741666926 1547806.676332032499868
11099109.005761741666926 1547806.974917969999824
11099109.005761741666926 1547807.273503907499780
11099109.005761741666926 1547807.572089844999736
11099109.005761741666926 1547807.870675782499692
11099109.005761741666926 1547808.169261719999648
11099109.304342470833463 1547803.093300782500396
11099109.304342470833463 1547803.391886720000352
11099109.304342470833463 1547803.690472657500308
11099109.304342470833463 1547803.989058595000264
11099109.304342470833463 1547804.287644532500220
11099109.304342470833463 1547804.586230470000176
11099109.304342470833463 1547804.884816407500132
11099109.304342470833463 1547805.183402345000088
11099109.304342470833463 1547805.481988282500044
11099109.304342470833463 1547805.780574220000000
11099109.304342470833463 1547806.079160157499956
11099109.304342470833463 1547806.377746094999912
11099109.304342470833463 1547806.676332032499868
11099109.304342470833463 1547806.974917969999824
11099109.304342470833463 1547807.273503907499780
11099109.304342470833463 1547807.572089844999736
11099109.304342470833463 1547807.870675782499692
11099109.304342470833463 1547808.169261719999648
11099109.602923200000000 1547803.093300782500396
11099109.602923200000000 1547803.391886720000352
11099109.602923200000000 1547803.690472657500308
11099109.602923200000000 1547803.989058595000264
11099109.602923200000000 1547804.287644532500220
11099109.602923200000000 1547804.586230470000176
11099109.602923200000000 1547804.884816407500132
11099109.602923200000000 1547805.183402345000088
11099109.602923200000000 1547805.481988282500044
11099109.602923200000000 1547805.780574220000000
11099109.602923200000000 1547806.079160157499956
11099109.602923200000000 1547806.377746094999912
11099109.602923200000000 1547806.676332032499868
11099109.602923200000000 1547806.974917969999824
11099109.602923200000000 1547807.273503907499780
11099109.602923200000000 1547807.572089844999736
11099109.602923200000000 1547807.870675782499692
11099109.602923200000000 1547808.169261719999648
11099109.901503929166537 1547803.093300782500396
11099109.901503929166537 1547803.391886720000352
11099109.901503929166537 1547803.690472657500308
11099109.901503929166537 1547803.989058595000264
11099109.901503929166537 1547804.287644532500220
11099109.901503929166537 1547804.586230470000176
11099109.901503929166537 1547804.884816407500132
11099109.901503929166537 1547805.183402345000088
11099109.901503929166537 1547805.481988282500044
11099109.901503929166537 1547805.780574220000000
11099109.901503929166537 1547806.079160157499956
11099109.901503929166537 1547806.377746094999912
11099109.901503929166537 1547806.676332032499868
11099109.901503929166537 1547806.974917969999824
11099109.901503929166537 1547807.273503907499780
11099109.901503929166537 1547807.572089844999736
11099109.901503929166537 1547807.870675782499692
11099109.901503929166537 1547808.169261719999648
11099110.200084658333074 1547803.093300782500396
11099110.200084658333074 1547803.391886720000352
11099110.200084658333074 1547803.690472657500308
11099110.200084658333074 1547803.989058595000264
11099110.200084658333074 1547804.287644532500220
11099110.200084658333074 1547804.586230470000176
11099110.200084658333074 1547804.884816407500132
11099110.200084658333074 1547805.183402345000088
11099110.200084658333074 1547805.481988282500044
11099110.200084658333074 1547805.780574220000000
11099110.200084658333074 1547806.079160157499956
11099110.200084658333074 1547806.377746094999912
11099110.200084658333074 1547806.676332032499868
11099110.200084658333074 1547806.974917969999824
11099110.200084658333074 1547807.273503907499780
11099110.200084658333074 1547807.572089844999736
11099110.200084658333074 1547807.870675782499692
11099110.200084658333074 1547808.169261719999648
11099110.498665387499611 1547803.093300782500396
11099110.498665387499611 1547803.391886720000352
11099110.498665387499611 1547803.690472657500308
11099110.498665387499611 1547803.989058595000264
11099110.498665387499611 1547804.287644532500220
11099110.498665387499611 1547804.586230470000176
11099110.498665387499611 1547804.884816407500132
11099110.498665387499611 1547805.183402345000088
11099110.498665387499611 1547805.481988282500044
11099110.498665387499611 1547805.780574220000000
11099110.498665387499611 1547806.079160157499956
11099110.498665387499611 1547806.377746094999912
11099110.498665387499611 1547806.676332032499868
11099110.498665387499611 1547806.974917969999824
11099110.498665387499611 1547807.273503907499780
11099110.498665387499611 1547807.572089844999736
11099110.498665387499611 1547807.870675782499692
11099110.498665387499611 1547808.169261719999648
11099110.797246116666148 1547803.093300782500396
11099110.797246116666148 1547803.391886720000352
11099110.797246116666148 1547803.690472657500308
11099110.797246116666148 1547803.989058595000264
11099110.797246116666148 1547804.287644532500220
11099110.797246116666148 1547804.586230470000176
11099110.797246116666148 1547804.884816407500132
11099110.797246116666148 1547805.183402345000088
11099110.797246116666148 1547805.481988282500044
11099110.797246116666148 1547805.780574220000000
11099110.797246116666148 1547806.079160157499956
11099110.797246116666148 1547806.377746094999912
11099110.797246116666148 1547806.676332032499868
11099110.797246116666148 1547806.974917969999824
11099110.797246116666148 1547807.273503907499780
11099110.797246116666148 1547807.572089844999736
11099110.797246116666148 1547807.870675782499692
11099110.797246116666148 1547808.169261719999648
11099111.095826845832685 1547803.093300782500396
11099111.095826845832685 1547803.391886720000352
11099111.095826845832685 1547803.690472657500308
11099111.095826845832685 1547803.989058595000264
11099111.095826845832685 1547804.287644532500220
11099111.095826845832685 1547804.586230470000176
11099111.095826845832685 1547804.884816407500132
11099111.095826845832685 1547805.183402345000088
11099111.095826845832685 1547805.481988282500044
11099111.095826845832685 1547805.780574220000000
11099111.095826845832685 1547806.079160157499956
11099111.095826845832685 1547806.377746094999912
11099111.095826845832685 1547806.676332032499868
11099111.095826845832685 1547806.974917969999824
11099111.095826845832685 1547807.273503907499780
11099111.095826845832685 1547807.572089844999736
11099111.095826845832685 1547807.870675782499692
11099111.095826845832685 1547808.169261719999648
11099111.394407574999222 1547803.093300782500396
11099111.394407574999222 1547803.391886720000352
11099111.394407574999222 1547803.690472657500308
11099111.394407574999222 1547803.989058595000264
11099111.394407574999222 1547804.287644532500220
11099111.394407574999222 1547804.586230470000176
11099111.394407574999222 1547804.884816407500132
11099111.394407574999222 1547805.183402345000088
11099111.394407574999222 1547805.481988282500044
11099111.394407574999222 1547805.780574220000000
11099111.394407574999222 1547806.079160157499956
11099111.394407574999222 1547806.377746094999912
11099111.394407574999222 1547806.676332032499868
11099111.394407574999222 1547806.974917969999824
11099111.394407574999222 1547807.273503907499780
11099111.394407574999222 1547807.572089844999736
11099111.394407574999222 1547807.870675782499692
11099111.394407574999222 1547808.169261719999648
11099111.692988304165759 1547803.093300782500396
11099111.692988304165759 1547803.391886720000352
11099111.692988304165759 1547803.690472657500308
11099111.692988304165759 1547803.989058595000264
11099111.692988304165759 1547804.287644532500220
11099111.692988304165759 1547804.586230470000176
11099111.692988304165759 1547804.884816407500132
11099111.692988304165759 1547805.183402345000088
11099111.692988304165759 1547805.481988282500044
11099111.692988304165759 1547805.780574220000000
11099111.692988304165759 1547806.079160157499956
11099111.692988304165759 1547806.377746094999912
11099111.692988304165759 1547806.676332032499868
11099111.692988304165759 1547806.974917969999824
11099111.692988304165759 1547807.273503907499780
11099111.692988304165759 1547807.572089844999736
11099111.692988304165759 1547807.870675782499692
11099111.692988304165759 1547808.169261719999648
11099111.991569033332296 1547803.093300782500396
11099111.991569033332296 1547803.391886720000352
11099111.991569033332296 1547803.690472657500308
11099111.991569033332296 1547803.989058595000264
11099111.991569033332296 1547804.287644532500220
11099111.991569033332296 1547804.586230470000176
11099111.991569033332296 1547804.884816407500132
11099111.991569033332296 1547805.183402345000088
11099111.991569033332296 1547805.481988282500044
11099111.991569033332296 1547805.780574220000000
11099111.991569033332296 1547806.079160157499956
11099111.991569033332296 1547806.377746094999912
11099111.991569033332296 1547806.676332032499868
11099111.991569033332296 1547806.974917969999824
11099111.991569033332296 1547807.273503907499780
11099111.991569033332296 1547807.572089844999736
11099111.991569033332296 1547807.870675782499692
11099111.991569033332296 1547808.169261719999648
