11099100.944082037501167 1547810.557949222500396
11099100.944082037501167 1547810.856535160000352
11099100.944082037501167 1547811.155121097500308
11099100.944082037501167 1547811.453707035000264
11099100.944082037501167 1547811.752292972500220
11099100.944082037501167 1547812.050878910000176
11099100.944082037501167 1547812.349464847500132
11099100.944082037501167 1547812.648050785000088
11099100.944082037501167 1547812.946636722500044
11099100.944082037501167 1547813.245222660000000
11099100.944082037501167 1547813.543808597499956
11099100.944082037501167 1547813.842394534999912
11099100.944082037501167 1547814.140980472499868
11099100.944082037501167 1547814.439566409999824
11099100.944082037501167 1547814.738152347499780
11099100.944082037501167 1547815.036738284999736
11099100.944082037501167 1547815.335324222499692
11099100.944082037501167 1547815.633910159999648
11099101.242662766667704 1547810.557949222500396
11099101.242662766667704 1547810.856535160000352
11099101.242662766667704 1547811.155121097500308
11099101.242662766667704 1547811.453707035000264
11099101.242662766667704 1547811.752292972500220
11099101.242662766667704 1547812.050878910000176
11099101.242662766667704 1547812.349464847500132
11099101.242662766667704 1547812.648050785000088
11099101.242662766667704 1547812.946636722500044
11099101.242662766667704 1547813.245222660000000
11099101.242662766667704 1547813.543808597499956
11099101.242662766667704 1547813.842394534999912
11099101.242662766667704 1547814.140980472499868
11099101.242662766667704 1547814.439566409999824
11099101.242662766667704 1547814.738152347499780
11099101.242662766667704 1547815.036738284999736
11099101.242662766667704 1547815.335324222499692
11099101.242662766667704 1547815.633910159999648
11099101.541243495834241 1547810.557949222500396
11099101.541243495834241 1547810.856535160000352
11099101.541243495834241 1547811.155121097500308
11099101.541243495834241 1547811.453707035000264
11099101.541243495834241 1547811.752292972500220
11099101.541243495834241 1547812.050878910000176
11099101.541243495834241 1547812.349464847500132
11099101.541243495834241 1547812.648050785000088
11099101.541243495834241 1547812.946636722500044
11099101.541243495834241 1547813.245222660000000
11099101.541243495834241 1547813.543808597499956
11099101.541243495834241 1547813.842394534999912
11099101.541243495834241 1547814.140980472499868
11099101.541243495834241 1547814.439566409999824
11099101.541243495834241 1547814.738152347499780
11099101.541243495834241 1547815.036738284999736
11099101.541243495834241 1547815.335324222499692
11099101.541243495834241 1547815.633910159999648
11099101.839824225000778 1547810.557949222500396
11099101.839824225000778 1547810.856535160000352
11099101.839824225000778 1547811.155121097500308
11099101.839824225000778 1547811.453707035000264
11099101.839824225000778 1547811.752292972500220
11099101.839824225000778 1547812.050878910000176
11099101.839824225000778 1547812.349464847500132
11099101.839824225000778 1547812.648050785000088
11099101.839824225000778 1547812.946636722500044
11099101.839824225000778 1547813.245222660000000
11099101.839824225000778 1547813.543808597499956
11099101.839824225000778 1547813.842394534999912
11099101.839824225000778 1547814.140980472499868
11099101.839824225000778 1547814.439566409999824
11099101.839824225000778 1547814.738152347499780
11099101.839824225000778 1547815.036738284999736
11099101.839824225000778 1547815.335324222499692
11099101.839824225000778 1547815.633910159999648
11099102.138404954167315 1547810.557949222500396
11099102.138404954167315 1547810.856535160000352
11099102.138404954167315 1547811.155121097500308
11099102.138404954167315 1547811.453707035000264
11099102.138404954167315 1547811.752292972500220
11099102.138404954167315 1547812.050878910000176
11099102.138404954167315 1547812.349464847500132
11099102.138404954167315 1547812.648050785000088
11099102.138404954167315 1547812.946636722500044
11099102.138404954167315 1547813.245222660000000
11099102.138404954167315 1547813.543808597499956
11099102.138404954167315 1547813.842394534999912
11099102.138404954167315 1547814.140980472499868
11099102.138404954167315 1547814.439566409999824
11099102.138404954167315 1547814.738152347499780
11099102.138404954167315 1547815.036738284999736
11099102.138404954167315 1547815.335324222499692
11099102.138404954167315 1547815.633910159999648
11099102.436985683333852 1547810.557949222500396
11099102.436985683333852 1547810.856535160000352
11099102.436985683333852 1547811.155121097500308
11099102.436985683333852 1547811.453707035000264
11099102.436985683333852 1547811.752292972500220
11099102.436985683333852 1547812.050878910000176
11099102.436985683333852 1547812.349464847500132
11099102.436985683333852 1547812.648050785000088
11099102.436985683333852 1547812.946636722500044
11099102.436985683333852 1547813.245222660000000
11099102.436985683333852 1547813.543808597499956
11099102.436985683333852 1547813.842394534999912
11099102.436985683333852 1547814.140980472499868
11099102.436985683333852 1547814.439566409999824
11099102.436985683333852 1547814.738152347499780
11099102.436985683333852 1547815.036738284999736
11099102.436985683333852 1547815.335324222499692
11099102.436985683333852 1547815.633910159999648
11099102.735566412500389 1547810.557949222500396
11099102.735566412500389 1547810.856535160000352
11099102.735566412500389 1547811.155121097500308
11099102.735566412500389 1547811.453707035000264
11099102.735566412500389 1547811.752292972500220
11099102.735566412500389 1547812.050878910000176
11099102.735566412500389 1547812.349464847500132
11099102.735566412500389 1547812.648050785000088
11099102.735566412500389 1547812.946636722500044
11099102.735566412500389 1547813.245222660000000
11099102.735566412500389 1547813.543808597499956
11099102.735566412500389 1547813.842394534999912
11099102.735566412500389 1547814.140980472499868
11099102.735566412500389 1547814.439566409999824
11099102.735566412500389 1547814.738152347499780
11099102.735566412500389 1547815.036738284999736
11099102.735566412500389 1547815.335324222499692
11099102.735566412500389 1547815.633910159999648
11099103.034147141666926 1547810.557949222500396
11099103.034147141666926 1547810.856535160000352
11099103.034147141666926 1547811.155121097500308
11099103.034147141666926 1547811.453707035000264
11099103.034147141666926 1547811.752292972500220
11099103.034147141666926 1547812.050878910000176
11099103.034147141666926 1547812.349464847500132
11099103.034147141666926 1547812.648050785000088
11099103.034147141666926 1547812.946636722500044
11099103.034147141666926 1547813.245222660000000
11099103.034147141666926 1547813.543808597499956
11099103.034147141666926 1547813.842394534999912
11099103.034147141666926 1547814.140980472499868
11099103.034147141666926 1547814.439566409999824
11099103.034147141666926 1547814.738152347499780
11099103.034147141666926 1547815.036738284999736
11099103.034147141666926 1547815.335324222499692
11099103.034147141666926 1547815.633910159999648
11099103.332727870833463 1547810.557949222500396
11099103.332727870833463 1547810.856535160000352
11099103.332727870833463 1547811.155121097500308
11099103.332727870833463 1547811.453707035000264
11099103.332727870833463 1547811.752292972500220
11099103.332727870833463 1547812.050878910000176
11099103.332727870833463 1547812.349464847500132
11099103.332727870833463 1547812.648050785000088
11099103.332727870833463 1547812.946636722500044
11099103.332727870833463 1547813.245222660000000
11099103.332727870833463 1547813.543808597499956
11099103.332727870833463 1547813.842394534999912
11099103.332727870833463 1547814.140980472499868
11099103.332727870833463 1547814.439566409999824
11099103.332727870833463 1547814.738152347499780
11099103.332727870833463 1547815.036738284999736
11099103.332727870833463 1547815.335324222499692
11099103.332727870833463 1547815.633910159999648
11099103.631308600000000 1547810.557949222500396
11099103.631308600000000 1547810.856535160000352
11099103.631308600000000 1547811.155121097500308
11099103.631308600000000 1547811.453707035000264
11099103.631308600000000 1547811.752292972500220
11099103.631308600000000 1547812.050878910000176
11099103.631308600000000 1547812.349464847500132
11099103.631308600000000 1547812.648050785000088
11099103.631308600000000 1547812.946636722500044
11099103.631308600000000 1547813.245222660000000
11099103.631308600000000 1547813.543808597499956
11099103.631308600000000 1547813.842394534999912
11099103.631308600000000 1547814.140980472499868
11099103.631308600000000 1547814.439566409999824
11099103.631308600000000 1547814.738152347499780
11099103.631308600000000 1547815.036738284999736
11099103.631308600000000 1547815.335324222499692
11099103.631308600000000 1547815.633910159999648
11099103.929889329166537 1547810.557949222500396
11099103.929889329166537 1547810.856535160000352
11099103.929889329166537 1547811.155121097500308
11099103.929889329166537 1547811.453707035000264
11099103.929889329166537 1547811.752292972500220
11099103.929889329166537 1547812.050878910000176
11099103.929889329166537 1547812.349464847500132
11099103.929889329166537 1547812.648050785000088
11099103.929889329166537 1547812.946636722500044
11099103.929889329166537 1547813.245222660000000
11099103.929889329166537 1547813.543808597499956
11099103.929889329166537 1547813.842394534999912
11099103.929889329166537 1547814.140980472499868
11099103.929889329166537 1547814.439566409999824
11099103.929889329166537 1547814.738152347499780
11099103.929889329166537 1547815.036738284999736
11099103.929889329166537 1547815.335324222499692
11099103.929889329166537 1547815.633910159999648
11099104.228470058333074 1547810.557949222500396
11099104.228470058333074 1547810.856535160000352
11099104.228470058333074 1547811.155121097500308
11099104.228470058333074 1547811.453707035000264
11099104.228470058333074 1547811.752292972500220
11099104.228470058333074 1547812.050878910000176
11099104.228470058333074 1547812.349464847500132
11099104.228470058333074 1547812.648050785000088
11099104.228470058333074 1547812.946636722500044
11099104.228470058333074 1547813.245222660000000
11099104.228470058333074 1547813.543808597499956
11099104.228470058333074 1547813.842394534999912
11099104.228470058333074 1547814.140980472499868
11099104.228470058333074 1547814.439566409999824
11099104.228470058333074 1547814.738152347499780
11099104.228470058333074 1547815.036738284999736
11099104.228470058333074 1547815.335324222499692
11099104.228470058333074 1547815.633910159999648
11099104.527050787499611 1547810.557949222500396
11099104.527050787499611 1547810.856535160000352
11099104.527050787499611 1547811.155121097500308
11099104.527050787499611 1547811.453707035000264
11099104.527050787499611 1547811.752292972500220
11099104.527050787499611 1547812.050878910000176
11099104.527050787499611 1547812.349464847500132
11099104.527050787499611 1547812.648050785000088
11099104.527050787499611 1547812.946636722500044
11099104.527050787499611 1547813.245222660000000
11099104.527050787499611 1547813.543808597499956
11099104.527050787499611 1547813.842394534999912
11099104.527050787499611 1547814.140980472499868
11099104.527050787499611 1547814.439566409999824
11099104.527050787499611 1547814.738152347499780
11099104.527050787499611 1547815.036738284999736
11099104.527050787499611 1547815.335324222499692
11099104.527050787499611 1547815.633910159999648
11099104.825631516666148 1547810.557949222500396
11099104.825631516666148 1547810.856535160000352
11099104.825631516666148 1547811.155121097500308
11099104.825631516666148 1547811.453707035000264
11099104.825631516666148 1547811.752292972500220
11099104.825631516666148 1547812.050878910000176
11099104.825631516666148 1547812.349464847500132
11099104.825631516666148 1547812.648050785000088
11099104.825631516666148 1547812.946636722500044
11099104.825631516666148 1547813.245222660000000
11099104.825631516666148 1547813.543808597499956
11099104.825631516666148 1547813.842394534999912
11099104.825631516666148 1547814.140980472499868
11099104.825631516666148 1547814.439566409999824
11099104.825631516666148 1547814.738152347499780
11099104.825631516666148 1547815.036738284999736
11099104.825631516666148 1547815.335324222499692
11099104.825631516666148 1547815.633910159999648
11099105.124212245832685 1547810.557949222500396
11099105.124212245832685 1547810.856535160000352
11099105.124212245832685 1547811.155121097500308
11099105.124212245832685 1547811.453707035000264
11099105.124212245832685 1547811.752292972500220
11099105.124212245832685 1547812.050878910000176
11099105.124212245832685 1547812.349464847500132
11099105.124212245832685 1547812.648050785000088
11099105.124212245832685 1547812.946636722500044
11099105.124212245832685 1547813.245222660000000
11099105.124212245832685 1547813.543808597499956
11099105.124212245832685 1547813.842394534999912
11099105.124212245832685 1547814.140980472499868
11099105.124212245832685 1547814.439566409999824
11099105.124212245832685 1547814.738152347499780
11099105.124212245832685 1547815.036738284999736
11099105.124212245832685 1547815.335324222499692
11099105.124212245832685 1547815.633910159999648
11099105.422792974999222 1547810.557949222500396
11099105.422792974999222 1547810.856535160000352
11099105.422792974999222 1547811.155121097500308
11099105.422792974999222 1547811.453707035000264
11099105.422792974999222 1547811.752292972500220
11099105.422792974999222 1547812.050878910000176
11099105.422792974999222 1547812.349464847500132
11099105.422792974999222 1547812.648050785000088
11099105.422792974999222 1547812.946636722500044
11099105.422792974999222 1547813.245222660000000
11099105.422792974999222 1547813.543808597499956
11099105.422792974999222 1547813.842394534999912
11099105.422792974999222 1547814.140980472499868
11099105.422792974999222 1547814.439566409999824
11099105.422792974999222 1547814.738152347499780
11099105.422792974999222 1547815.036738284999736
11099105.422792974999222 1547815.335324222499692
11099105.422792974999222 1547815.633910159999648
11099105.721373704165759 1547810.557949222500396
11099105.721373704165759 1547810.856535160000352
11099105.721373704165759 1547811.155121097500308
11099105.721373704165759 1547811.453707035000264
11099105.721373704165759 1547811.752292972500220
11099105.721373704165759 1547812.050878910000176
11099105.721373704165759 1547812.349464847500132
11099105.721373704165759 1547812.648050785000088
11099105.721373704165759 1547812.946636722500044
11099105.721373704165759 1547813.245222660000000
11099105.721373704165759 1547813.543808597499956
11099105.721373704165759 1547813.842394534999912
11099105.721373704165759 1547814.140980472499868
11099105.721373704165759 1547814.439566409999824
11099105.721373704165759 1547814.738152347499780
11099105.721373704165759 1547815.036738284999736
11099105.721373704165759 1547815.335324222499692
11099105.721373704165759 1547815.633910159999648
11099106.019954433332296 1547810.557949222500396
11099106.019954433332296 1547810.856535160000352
11099106.019954433332296 1547811.155121097500308
11099106.019954433332296 1547811.453707035000264
11099106.019954433332296 1547811.752292972500220
11099106.019954433332296 1547812.050878910000176
11099106.019954433332296 1547812.349464847500132
11099106.019954433332296 1547812.648050785000088
11099106.019954433332296 1547812.946636722500044
11099106.019954433332296 1547813.245222660000000
11099106.019954433332296 1547813.543808597499956
11099106.019954433332296 1547813.842394534999912
11099106.019954433332296 1547814.140980472499868
11099106.019954433332296 1547814.439566409999824
11099106.019954433332296 1547814.738152347499780
11099106.019954433332296 1547815.036738284999736
11099106.019954433332296 1547815.335324222499692
11099106.019954433332296 1547815.633910159999648
