11098906.269446637501167 1547746.063386722500396
11098906.269446637501167 1547746.361972660000352
11098906.269446637501167 1547746.660558597500308
11098906.269446637501167 1547746.959144535000264
11098906.269446637501167 1547747.257730472500220
11098906.269446637501167 1547747.556316410000176
11098906.269446637501167 1547747.854902347500132
11098906.269446637501167 1547748.153488285000088
11098906.269446637501167 1547748.452074222500044
11098906.269446637501167 1547748.750660160000000
11098906.269446637501167 1547749.049246097499956
11098906.269446637501167 1547749.347832034999912
11098906.269446637501167 1547749.646417972499868
11098906.269446637501167 1547749.945003909999824
11098906.269446637501167 1547750.243589847499780
11098906.269446637501167 1547750.542175784999736
11098906.269446637501167 1547750.840761722499692
11098906.269446637501167 1547751.139347659999648
11098906.568027366667704 1547746.063386722500396
11098906.568027366667704 1547746.361972660000352
11098906.568027366667704 1547746.660558597500308
11098906.568027366667704 1547746.959144535000264
11098906.568027366667704 1547747.257730472500220
11098906.568027366667704 1547747.556316410000176
11098906.568027366667704 1547747.854902347500132
11098906.568027366667704 1547748.153488285000088
11098906.568027366667704 1547748.452074222500044
11098906.568027366667704 1547748.750660160000000
11098906.568027366667704 1547749.049246097499956
11098906.568027366667704 1547749.347832034999912
11098906.568027366667704 1547749.646417972499868
11098906.568027366667704 1547749.945003909999824
11098906.568027366667704 1547750.243589847499780
11098906.568027366667704 1547750.542175784999736
11098906.568027366667704 1547750.840761722499692
11098906.568027366667704 1547751.139347659999648
11098906.866608095834241 1547746.063386722500396
11098906.866608095834241 1547746.361972660000352
11098906.866608095834241 1547746.660558597500308
11098906.866608095834241 1547746.959144535000264
11098906.866608095834241 1547747.257730472500220
11098906.866608095834241 1547747.556316410000176
11098906.866608095834241 1547747.854902347500132
11098906.866608095834241 1547748.153488285000088
11098906.866608095834241 1547748.452074222500044
11098906.866608095834241 1547748.750660160000000
11098906.866608095834241 1547749.049246097499956
11098906.866608095834241 1547749.347832034999912
11098906.866608095834241 1547749.646417972499868
11098906.866608095834241 1547749.945003909999824
11098906.866608095834241 1547750.243589847499780
11098906.866608095834241 1547750.542175784999736
11098906.866608095834241 1547750.840761722499692
11098906.866608095834241 1547751.139347659999648
11098907.165188825000778 1547746.063386722500396
11098907.165188825000778 1547746.361972660000352
11098907.165188825000778 1547746.660558597500308
11098907.165188825000778 1547746.959144535000264
11098907.165188825000778 1547747.257730472500220
11098907.165188825000778 1547747.556316410000176
11098907.165188825000778 1547747.854902347500132
11098907.165188825000778 1547748.153488285000088
11098907.165188825000778 1547748.452074222500044
11098907.165188825000778 1547748.750660160000000
11098907.165188825000778 1547749.049246097499956
11098907.165188825000778 1547749.347832034999912
11098907.165188825000778 1547749.646417972499868
11098907.165188825000778 1547749.945003909999824
11098907.165188825000778 1547750.243589847499780
11098907.165188825000778 1547750.542175784999736
11098907.165188825000778 1547750.840761722499692
11098907.165188825000778 1547751.139347659999648
11098907.463769554167315 1547746.063386722500396
11098907.463769554167315 1547746.361972660000352
11098907.463769554167315 1547746.660558597500308
11098907.463769554167315 1547746.959144535000264
11098907.463769554167315 1547747.257730472500220
11098907.463769554167315 1547747.556316410000176
11098907.463769554167315 1547747.854902347500132
11098907.463769554167315 1547748.153488285000088
11098907.463769554167315 1547748.452074222500044
11098907.463769554167315 1547748.750660160000000
11098907.463769554167315 1547749.049246097499956
11098907.463769554167315 1547749.347832034999912
11098907.463769554167315 1547749.646417972499868
11098907.463769554167315 1547749.945003909999824
11098907.463769554167315 1547750.243589847499780
11098907.463769554167315 1547750.542175784999736
11098907.463769554167315 1547750.840761722499692
11098907.463769554167315 1547751.139347659999648
11098907.762350283333852 1547746.063386722500396
11098907.762350283333852 1547746.361972660000352
11098907.762350283333852 1547746.660558597500308
11098907.762350283333852 1547746.959144535000264
11098907.762350283333852 1547747.257730472500220
11098907.762350283333852 1547747.556316410000176
11098907.762350283333852 1547747.854902347500132
11098907.762350283333852 1547748.153488285000088
11098907.762350283333852 1547748.452074222500044
11098907.762350283333852 1547748.750660160000000
11098907.762350283333852 1547749.049246097499956
11098907.762350283333852 1547749.347832034999912
11098907.762350283333852 1547749.646417972499868
11098907.762350283333852 1547749.945003909999824
11098907.762350283333852 1547750.243589847499780
11098907.762350283333852 1547750.542175784999736
11098907.762350283333852 1547750.840761722499692
11098907.762350283333852 1547751.139347659999648
11098908.060931012500389 1547746.063386722500396
11098908.060931012500389 1547746.361972660000352
11098908.060931012500389 1547746.660558597500308
11098908.060931012500389 1547746.959144535000264
11098908.060931012500389 1547747.257730472500220
11098908.060931012500389 1547747.556316410000176
11098908.060931012500389 1547747.854902347500132
11098908.060931012500389 1547748.153488285000088
11098908.060931012500389 1547748.452074222500044
11098908.060931012500389 1547748.750660160000000
11098908.060931012500389 1547749.049246097499956
11098908.060931012500389 1547749.347832034999912
11098908.060931012500389 1547749.646417972499868
11098908.060931012500389 1547749.945003909999824
11098908.060931012500389 1547750.243589847499780
11098908.060931012500389 1547750.542175784999736
11098908.060931012500389 1547750.840761722499692
11098908.060931012500389 1547751.139347659999648
11098908.359511741666926 1547746.063386722500396
11098908.359511741666926 1547746.361972660000352
11098908.359511741666926 1547746.660558597500308
11098908.359511741666926 1547746.959144535000264
11098908.359511741666926 1547747.257730472500220
11098908.359511741666926 1547747.556316410000176
11098908.359511741666926 1547747.854902347500132
11098908.359511741666926 1547748.153488285000088
11098908.359511741666926 1547748.452074222500044
11098908.359511741666926 1547748.750660160000000
11098908.359511741666926 1547749.049246097499956
11098908.359511741666926 1547749.347832034999912
11098908.359511741666926 1547749.646417972499868
11098908.359511741666926 1547749.945003909999824
11098908.359511741666926 1547750.243589847499780
11098908.359511741666926 1547750.542175784999736
11098908.359511741666926 1547750.840761722499692
11098908.359511741666926 1547751.139347659999648
11098908.658092470833463 1547746.063386722500396
11098908.658092470833463 1547746.361972660000352
11098908.658092470833463 1547746.660558597500308
11098908.658092470833463 1547746.959144535000264
11098908.658092470833463 1547747.257730472500220
11098908.658092470833463 1547747.556316410000176
11098908.658092470833463 1547747.854902347500132
11098908.658092470833463 1547748.153488285000088
11098908.658092470833463 1547748.452074222500044
11098908.658092470833463 1547748.750660160000000
11098908.658092470833463 1547749.049246097499956
11098908.658092470833463 1547749.347832034999912
11098908.658092470833463 1547749.646417972499868
11098908.658092470833463 1547749.945003909999824
11098908.658092470833463 1547750.243589847499780
11098908.658092470833463 1547750.542175784999736
11098908.658092470833463 1547750.840761722499692
11098908.658092470833463 1547751.139347659999648
11098908.956673200000000 1547746.063386722500396
11098908.956673200000000 1547746.361972660000352
11098908.956673200000000 1547746.660558597500308
11098908.956673200000000 1547746.959144535000264
11098908.956673200000000 1547747.257730472500220
11098908.956673200000000 1547747.556316410000176
11098908.956673200000000 1547747.854902347500132
11098908.956673200000000 1547748.153488285000088
11098908.956673200000000 1547748.452074222500044
11098908.956673200000000 1547748.750660160000000
11098908.956673200000000 1547749.049246097499956
11098908.956673200000000 1547749.347832034999912
11098908.956673200000000 1547749.646417972499868
11098908.956673200000000 1547749.945003909999824
11098908.956673200000000 1547750.243589847499780
11098908.956673200000000 1547750.542175784999736
11098908.956673200000000 1547750.840761722499692
11098908.956673200000000 1547751.139347659999648
11098909.255253929166537 1547746.063386722500396
11098909.255253929166537 1547746.361972660000352
11098909.255253929166537 1547746.660558597500308
11098909.255253929166537 1547746.959144535000264
11098909.255253929166537 1547747.257730472500220
11098909.255253929166537 1547747.556316410000176
11098909.255253929166537 1547747.854902347500132
11098909.255253929166537 1547748.153488285000088
11098909.255253929166537 1547748.452074222500044
11098909.255253929166537 1547748.750660160000000
11098909.255253929166537 1547749.049246097499956
11098909.255253929166537 1547749.347832034999912
11098909.255253929166537 1547749.646417972499868
11098909.255253929166537 1547749.945003909999824
11098909.255253929166537 1547750.243589847499780
11098909.255253929166537 1547750.542175784999736
11098909.255253929166537 1547750.840761722499692
11098909.255253929166537 1547751.139347659999648
11098909.553834658333074 1547746.063386722500396
11098909.553834658333074 1547746.361972660000352
11098909.553834658333074 1547746.660558597500308
11098909.553834658333074 1547746.959144535000264
11098909.553834658333074 1547747.257730472500220
11098909.553834658333074 1547747.556316410000176
11098909.553834658333074 1547747.854902347500132
11098909.553834658333074 1547748.153488285000088
11098909.553834658333074 1547748.452074222500044
11098909.553834658333074 1547748.750660160000000
11098909.553834658333074 1547749.049246097499956
11098909.553834658333074 1547749.347832034999912
11098909.553834658333074 1547749.646417972499868
11098909.553834658333074 1547749.945003909999824
11098909.553834658333074 1547750.243589847499780
11098909.553834658333074 1547750.542175784999736
11098909.553834658333074 1547750.840761722499692
11098909.553834658333074 1547751.139347659999648
11098909.852415387499611 1547746.063386722500396
11098909.852415387499611 1547746.361972660000352
11098909.852415387499611 1547746.660558597500308
11098909.852415387499611 1547746.959144535000264
11098909.852415387499611 1547747.257730472500220
11098909.852415387499611 1547747.556316410000176
11098909.852415387499611 1547747.854902347500132
11098909.852415387499611 1547748.153488285000088
11098909.852415387499611 1547748.452074222500044
11098909.852415387499611 1547748.750660160000000
11098909.852415387499611 1547749.049246097499956
11098909.852415387499611 1547749.347832034999912
11098909.852415387499611 1547749.646417972499868
11098909.852415387499611 1547749.945003909999824
11098909.852415387499611 1547750.243589847499780
11098909.852415387499611 1547750.542175784999736
11098909.852415387499611 1547750.840761722499692
11098909.852415387499611 1547751.139347659999648
11098910.150996116666148 1547746.063386722500396
11098910.150996116666148 1547746.361972660000352
11098910.150996116666148 1547746.660558597500308
11098910.150996116666148 1547746.959144535000264
11098910.150996116666148 1547747.257730472500220
11098910.150996116666148 1547747.556316410000176
11098910.150996116666148 1547747.854902347500132
11098910.150996116666148 1547748.153488285000088
11098910.150996116666148 1547748.452074222500044
11098910.150996116666148 1547748.750660160000000
11098910.150996116666148 1547749.049246097499956
11098910.150996116666148 1547749.347832034999912
11098910.150996116666148 1547749.646417972499868
11098910.150996116666148 1547749.945003909999824
11098910.150996116666148 1547750.243589847499780
11098910.150996116666148 1547750.542175784999736
11098910.150996116666148 1547750.840761722499692
11098910.150996116666148 1547751.139347659999648
11098910.449576845832685 1547746.063386722500396
11098910.449576845832685 1547746.361972660000352
11098910.449576845832685 1547746.660558597500308
11098910.449576845832685 1547746.959144535000264
11098910.449576845832685 1547747.257730472500220
11098910.449576845832685 1547747.556316410000176
11098910.449576845832685 1547747.854902347500132
11098910.449576845832685 1547748.153488285000088
11098910.449576845832685 1547748.452074222500044
11098910.449576845832685 1547748.750660160000000
11098910.449576845832685 1547749.049246097499956
11098910.449576845832685 1547749.347832034999912
11098910.449576845832685 1547749.646417972499868
11098910.449576845832685 1547749.945003909999824
11098910.449576845832685 1547750.243589847499780
11098910.449576845832685 1547750.542175784999736
11098910.449576845832685 1547750.840761722499692
11098910.449576845832685 1547751.139347659999648
11098910.748157574999222 1547746.063386722500396
11098910.748157574999222 1547746.361972660000352
11098910.748157574999222 1547746.660558597500308
11098910.748157574999222 1547746.959144535000264
11098910.748157574999222 1547747.257730472500220
11098910.748157574999222 1547747.556316410000176
11098910.748157574999222 1547747.854902347500132
11098910.748157574999222 1547748.153488285000088
11098910.748157574999222 1547748.452074222500044
11098910.748157574999222 1547748.750660160000000
11098910.748157574999222 1547749.049246097499956
11098910.748157574999222 1547749.347832034999912
11098910.748157574999222 1547749.646417972499868
11098910.748157574999222 1547749.945003909999824
11098910.748157574999222 1547750.243589847499780
11098910.748157574999222 1547750.542175784999736
11098910.748157574999222 1547750.840761722499692
11098910.748157574999222 1547751.139347659999648
11098911.046738304165759 1547746.063386722500396
11098911.046738304165759 1547746.361972660000352
11098911.046738304165759 1547746.660558597500308
11098911.046738304165759 1547746.959144535000264
11098911.046738304165759 1547747.257730472500220
11098911.046738304165759 1547747.556316410000176
11098911.046738304165759 1547747.854902347500132
11098911.046738304165759 1547748.153488285000088
11098911.046738304165759 1547748.452074222500044
11098911.046738304165759 1547748.750660160000000
11098911.046738304165759 1547749.049246097499956
11098911.046738304165759 1547749.347832034999912
11098911.046738304165759 1547749.646417972499868
11098911.046738304165759 1547749.945003909999824
11098911.046738304165759 1547750.243589847499780
11098911.046738304165759 1547750.542175784999736
11098911.046738304165759 1547750.840761722499692
11098911.046738304165759 1547751.139347659999648
11098911.345319033332296 1547746.063386722500396
11098911.345319033332296 1547746.361972660000352
11098911.345319033332296 1547746.660558597500308
11098911.345319033332296 1547746.959144535000264
11098911.345319033332296 1547747.257730472500220
11098911.345319033332296 1547747.556316410000176
11098911.345319033332296 1547747.854902347500132
11098911.345319033332296 1547748.153488285000088
11098911.345319033332296 1547748.452074222500044
11098911.345319033332296 1547748.750660160000000
11098911.345319033332296 1547749.049246097499956
11098911.345319033332296 1547749.347832034999912
11098911.345319033332296 1547749.646417972499868
11098911.345319033332296 1547749.945003909999824
11098911.345319033332296 1547750.243589847499780
11098911.345319033332296 1547750.542175784999736
11098911.345319033332296 1547750.840761722499692
11098911.345319033332296 1547751.139347659999648
