11099398.031907537501167 1547594.381730472500396
11099398.031907537501167 1547594.680316410000352
11099398.031907537501167 1547594.978902347500308
11099398.031907537501167 1547595.277488285000264
11099398.031907537501167 1547595.576074222500220
11099398.031907537501167 1547595.874660160000176
11099398.031907537501167 1547596.173246097500132
11099398.031907537501167 1547596.471832035000088
11099398.031907537501167 1547596.770417972500044
11099398.031907537501167 1547597.069003910000000
11099398.031907537501167 1547597.367589847499956
11099398.031907537501167 1547597.666175784999912
11099398.031907537501167 1547597.964761722499868
11099398.031907537501167 1547598.263347659999824
11099398.031907537501167 1547598.561933597499780
11099398.031907537501167 1547598.860519534999736
11099398.031907537501167 1547599.159105472499692
11099398.031907537501167 1547599.457691409999648
11099398.330488266667704 1547594.381730472500396
11099398.330488266667704 1547594.680316410000352
11099398.330488266667704 1547594.978902347500308
11099398.330488266667704 1547595.277488285000264
11099398.330488266667704 1547595.576074222500220
11099398.330488266667704 1547595.874660160000176
11099398.330488266667704 1547596.173246097500132
11099398.330488266667704 1547596.471832035000088
11099398.330488266667704 1547596.770417972500044
11099398.330488266667704 1547597.069003910000000
11099398.330488266667704 1547597.367589847499956
11099398.330488266667704 1547597.666175784999912
11099398.330488266667704 1547597.964761722499868
11099398.330488266667704 1547598.263347659999824
11099398.330488266667704 1547598.561933597499780
11099398.330488266667704 1547598.860519534999736
11099398.330488266667704 1547599.159105472499692
11099398.330488266667704 1547599.457691409999648
11099398.629068995834241 1547594.381730472500396
11099398.629068995834241 1547594.680316410000352
11099398.629068995834241 1547594.978902347500308
11099398.629068995834241 1547595.277488285000264
11099398.629068995834241 1547595.576074222500220
11099398.629068995834241 1547595.874660160000176
11099398.629068995834241 1547596.173246097500132
11099398.629068995834241 1547596.471832035000088
11099398.629068995834241 1547596.770417972500044
11099398.629068995834241 1547597.069003910000000
11099398.629068995834241 1547597.367589847499956
11099398.629068995834241 1547597.666175784999912
11099398.629068995834241 1547597.964761722499868
11099398.629068995834241 1547598.263347659999824
11099398.629068995834241 1547598.561933597499780
11099398.629068995834241 1547598.860519534999736
11099398.629068995834241 1547599.159105472499692
11099398.629068995834241 1547599.457691409999648
11099398.927649725000778 1547594.381730472500396
11099398.927649725000778 1547594.680316410000352
11099398.927649725000778 1547594.978902347500308
11099398.927649725000778 1547595.277488285000264
11099398.927649725000778 1547595.576074222500220
11099398.927649725000778 1547595.874660160000176
11099398.927649725000778 1547596.173246097500132
11099398.927649725000778 1547596.471832035000088
11099398.927649725000778 1547596.770417972500044
11099398.927649725000778 1547597.069003910000000
11099398.927649725000778 1547597.367589847499956
11099398.927649725000778 1547597.666175784999912
11099398.927649725000778 1547597.964761722499868
11099398.927649725000778 1547598.263347659999824
11099398.927649725000778 1547598.561933597499780
11099398.927649725000778 1547598.860519534999736
11099398.927649725000778 1547599.159105472499692
11099398.927649725000778 1547599.457691409999648
11099399.226230454167315 1547594.381730472500396
11099399.226230454167315 1547594.680316410000352
11099399.226230454167315 1547594.978902347500308
11099399.226230454167315 1547595.277488285000264
11099399.226230454167315 1547595.576074222500220
11099399.226230454167315 1547595.874660160000176
11099399.226230454167315 1547596.173246097500132
11099399.226230454167315 1547596.471832035000088
11099399.226230454167315 1547596.770417972500044
11099399.226230454167315 1547597.069003910000000
11099399.226230454167315 1547597.367589847499956
11099399.226230454167315 1547597.666175784999912
11099399.226230454167315 1547597.964761722499868
11099399.226230454167315 1547598.263347659999824
11099399.226230454167315 1547598.561933597499780
11099399.226230454167315 1547598.860519534999736
11099399.226230454167315 1547599.159105472499692
11099399.226230454167315 1547599.457691409999648
11099399.524811183333852 1547594.381730472500396
11099399.524811183333852 1547594.680316410000352
11099399.524811183333852 1547594.978902347500308
11099399.524811183333852 1547595.277488285000264
11099399.524811183333852 1547595.576074222500220
11099399.524811183333852 1547595.874660160000176
11099399.524811183333852 1547596.173246097500132
11099399.524811183333852 1547596.471832035000088
11099399.524811183333852 1547596.770417972500044
11099399.524811183333852 1547597.069003910000000
11099399.524811183333852 1547597.367589847499956
11099399.524811183333852 1547597.666175784999912
11099399.524811183333852 1547597.964761722499868
11099399.524811183333852 1547598.263347659999824
11099399.524811183333852 1547598.561933597499780
11099399.524811183333852 1547598.860519534999736
11099399.524811183333852 1547599.159105472499692
11099399.524811183333852 1547599.457691409999648
11099399.823391912500389 1547594.381730472500396
11099399.823391912500389 1547594.680316410000352
11099399.823391912500389 1547594.978902347500308
11099399.823391912500389 1547595.277488285000264
11099399.823391912500389 1547595.576074222500220
11099399.823391912500389 1547595.874660160000176
11099399.823391912500389 1547596.173246097500132
11099399.823391912500389 1547596.471832035000088
11099399.823391912500389 1547596.770417972500044
11099399.823391912500389 1547597.069003910000000
11099399.823391912500389 1547597.367589847499956
11099399.823391912500389 1547597.666175784999912
11099399.823391912500389 1547597.964761722499868
11099399.823391912500389 1547598.263347659999824
11099399.823391912500389 1547598.561933597499780
11099399.823391912500389 1547598.860519534999736
11099399.823391912500389 1547599.159105472499692
11099399.823391912500389 1547599.457691409999648
11099400.121972641666926 1547594.381730472500396
11099400.121972641666926 1547594.680316410000352
11099400.121972641666926 1547594.978902347500308
11099400.121972641666926 1547595.277488285000264
11099400.121972641666926 1547595.576074222500220
11099400.121972641666926 1547595.874660160000176
11099400.121972641666926 1547596.173246097500132
11099400.121972641666926 1547596.471832035000088
11099400.121972641666926 1547596.770417972500044
11099400.121972641666926 1547597.069003910000000
11099400.121972641666926 1547597.367589847499956
11099400.121972641666926 1547597.666175784999912
11099400.121972641666926 1547597.964761722499868
11099400.121972641666926 1547598.263347659999824
11099400.121972641666926 1547598.561933597499780
11099400.121972641666926 1547598.860519534999736
11099400.121972641666926 1547599.159105472499692
11099400.121972641666926 1547599.457691409999648
11099400.420553370833463 1547594.381730472500396
11099400.420553370833463 1547594.680316410000352
11099400.420553370833463 1547594.978902347500308
11099400.420553370833463 1547595.277488285000264
11099400.420553370833463 1547595.576074222500220
11099400.420553370833463 1547595.874660160000176
11099400.420553370833463 1547596.173246097500132
11099400.420553370833463 1547596.471832035000088
11099400.420553370833463 1547596.770417972500044
11099400.420553370833463 1547597.069003910000000
11099400.420553370833463 1547597.367589847499956
11099400.420553370833463 1547597.666175784999912
11099400.420553370833463 1547597.964761722499868
11099400.420553370833463 1547598.263347659999824
11099400.420553370833463 1547598.561933597499780
11099400.420553370833463 1547598.860519534999736
11099400.420553370833463 1547599.159105472499692
11099400.420553370833463 1547599.457691409999648
11099400.719134100000000 1547594.381730472500396
11099400.719134100000000 1547594.680316410000352
11099400.719134100000000 1547594.978902347500308
11099400.719134100000000 1547595.277488285000264
11099400.719134100000000 1547595.576074222500220
11099400.719134100000000 1547595.874660160000176
11099400.719134100000000 1547596.173246097500132
11099400.719134100000000 1547596.471832035000088
11099400.719134100000000 1547596.770417972500044
11099400.719134100000000 1547597.069003910000000
11099400.719134100000000 1547597.367589847499956
11099400.719134100000000 1547597.666175784999912
11099400.719134100000000 1547597.964761722499868
11099400.719134100000000 1547598.263347659999824
11099400.719134100000000 1547598.561933597499780
11099400.719134100000000 1547598.860519534999736
11099400.719134100000000 1547599.159105472499692
11099400.719134100000000 1547599.457691409999648
11099401.017714829166537 1547594.381730472500396
11099401.017714829166537 1547594.680316410000352
11099401.017714829166537 1547594.978902347500308
11099401.017714829166537 1547595.277488285000264
11099401.017714829166537 1547595.576074222500220
11099401.017714829166537 1547595.874660160000176
11099401.017714829166537 1547596.173246097500132
11099401.017714829166537 1547596.471832035000088
11099401.017714829166537 1547596.770417972500044
11099401.017714829166537 1547597.069003910000000
11099401.017714829166537 1547597.367589847499956
11099401.017714829166537 1547597.666175784999912
11099401.017714829166537 1547597.964761722499868
11099401.017714829166537 1547598.263347659999824
11099401.017714829166537 1547598.561933597499780
11099401.017714829166537 1547598.860519534999736
11099401.017714829166537 1547599.159105472499692
11099401.017714829166537 1547599.457691409999648
11099401.316295558333074 1547594.381730472500396
11099401.316295558333074 1547594.680316410000352
11099401.316295558333074 1547594.978902347500308
11099401.316295558333074 1547595.277488285000264
11099401.316295558333074 1547595.576074222500220
11099401.316295558333074 1547595.874660160000176
11099401.316295558333074 1547596.173246097500132
11099401.316295558333074 1547596.471832035000088
11099401.316295558333074 1547596.770417972500044
11099401.316295558333074 1547597.069003910000000
11099401.316295558333074 1547597.367589847499956
11099401.316295558333074 1547597.666175784999912
11099401.316295558333074 1547597.964761722499868
11099401.316295558333074 1547598.263347659999824
11099401.316295558333074 1547598.561933597499780
11099401.316295558333074 1547598.860519534999736
11099401.316295558333074 1547599.159105472499692
11099401.316295558333074 1547599.457691409999648
11099401.614876287499611 1547594.381730472500396
11099401.614876287499611 1547594.680316410000352
11099401.614876287499611 1547594.978902347500308
11099401.614876287499611 1547595.277488285000264
11099401.614876287499611 1547595.576074222500220
11099401.614876287499611 1547595.874660160000176
11099401.614876287499611 1547596.173246097500132
11099401.614876287499611 1547596.471832035000088
11099401.614876287499611 1547596.770417972500044
11099401.614876287499611 1547597.069003910000000
11099401.614876287499611 1547597.367589847499956
11099401.614876287499611 1547597.666175784999912
11099401.614876287499611 1547597.964761722499868
11099401.614876287499611 1547598.263347659999824
11099401.614876287499611 1547598.561933597499780
11099401.614876287499611 1547598.860519534999736
11099401.614876287499611 1547599.159105472499692
11099401.614876287499611 1547599.457691409999648
11099401.913457016666148 1547594.381730472500396
11099401.913457016666148 1547594.680316410000352
11099401.913457016666148 1547594.978902347500308
11099401.913457016666148 1547595.277488285000264
11099401.913457016666148 1547595.576074222500220
11099401.913457016666148 1547595.874660160000176
11099401.913457016666148 1547596.173246097500132
11099401.913457016666148 1547596.471832035000088
11099401.913457016666148 1547596.770417972500044
11099401.913457016666148 1547597.069003910000000
11099401.913457016666148 1547597.367589847499956
11099401.913457016666148 1547597.666175784999912
11099401.913457016666148 1547597.964761722499868
11099401.913457016666148 1547598.263347659999824
11099401.913457016666148 1547598.561933597499780
11099401.913457016666148 1547598.860519534999736
11099401.913457016666148 1547599.159105472499692
11099401.913457016666148 1547599.457691409999648
11099402.212037745832685 1547594.381730472500396
11099402.212037745832685 1547594.680316410000352
11099402.212037745832685 1547594.978902347500308
11099402.212037745832685 1547595.277488285000264
11099402.212037745832685 1547595.576074222500220
11099402.212037745832685 1547595.874660160000176
11099402.212037745832685 1547596.173246097500132
11099402.212037745832685 1547596.471832035000088
11099402.212037745832685 1547596.770417972500044
11099402.212037745832685 1547597.069003910000000
11099402.212037745832685 1547597.367589847499956
11099402.212037745832685 1547597.666175784999912
11099402.212037745832685 1547597.964761722499868
11099402.212037745832685 1547598.263347659999824
11099402.212037745832685 1547598.561933597499780
11099402.212037745832685 1547598.860519534999736
11099402.212037745832685 1547599.159105472499692
11099402.212037745832685 1547599.457691409999648
11099402.510618474999222 1547594.381730472500396
11099402.510618474999222 1547594.680316410000352
11099402.510618474999222 1547594.978902347500308
11099402.510618474999222 1547595.277488285000264
11099402.510618474999222 1547595.576074222500220
11099402.510618474999222 1547595.874660160000176
11099402.510618474999222 1547596.173246097500132
11099402.510618474999222 1547596.471832035000088
11099402.510618474999222 1547596.770417972500044
11099402.510618474999222 1547597.069003910000000
11099402.510618474999222 1547597.367589847499956
11099402.510618474999222 1547597.666175784999912
11099402.510618474999222 1547597.964761722499868
11099402.510618474999222 1547598.263347659999824
11099402.510618474999222 1547598.561933597499780
11099402.510618474999222 1547598.860519534999736
11099402.510618474999222 1547599.159105472499692
11099402.510618474999222 1547599.457691409999648
11099402.809199204165759 1547594.381730472500396
11099402.809199204165759 1547594.680316410000352
11099402.809199204165759 1547594.978902347500308
11099402.809199204165759 1547595.277488285000264
11099402.809199204165759 1547595.576074222500220
11099402.809199204165759 1547595.874660160000176
11099402.809199204165759 1547596.173246097500132
11099402.809199204165759 1547596.471832035000088
11099402.809199204165759 1547596.770417972500044
11099402.809199204165759 1547597.069003910000000
11099402.809199204165759 1547597.367589847499956
11099402.809199204165759 1547597.666175784999912
11099402.809199204165759 1547597.964761722499868
11099402.809199204165759 1547598.263347659999824
11099402.809199204165759 1547598.561933597499780
11099402.809199204165759 1547598.860519534999736
11099402.809199204165759 1547599.159105472499692
11099402.809199204165759 1547599.457691409999648
11099403.107779933332296 1547594.381730472500396
11099403.107779933332296 1547594.680316410000352
11099403.107779933332296 1547594.978902347500308
11099403.107779933332296 1547595.277488285000264
11099403.107779933332296 1547595.576074222500220
11099403.107779933332296 1547595.874660160000176
11099403.107779933332296 1547596.173246097500132
11099403.107779933332296 1547596.471832035000088
11099403.107779933332296 1547596.770417972500044
11099403.107779933332296 1547597.069003910000000
11099403.107779933332296 1547597.367589847499956
11099403.107779933332296 1547597.666175784999912
11099403.107779933332296 1547597.964761722499868
11099403.107779933332296 1547598.263347659999824
11099403.107779933332296 1547598.561933597499780
11099403.107779933332296 1547598.860519534999736
11099403.107779933332296 1547599.159105472499692
11099403.107779933332296 1547599.457691409999648
