11099069.294524737501167 1547631.406386722500396
11099069.294524737501167 1547631.704972660000352
11099069.294524737501167 1547632.003558597500308
11099069.294524737501167 1547632.302144535000264
11099069.294524737501167 1547632.600730472500220
11099069.294524737501167 1547632.899316410000176
11099069.294524737501167 1547633.197902347500132
11099069.294524737501167 1547633.496488285000088
11099069.294524737501167 1547633.795074222500044
11099069.294524737501167 1547634.093660160000000
11099069.294524737501167 1547634.392246097499956
11099069.294524737501167 1547634.690832034999912
11099069.294524737501167 1547634.989417972499868
11099069.294524737501167 1547635.288003909999824
11099069.294524737501167 1547635.586589847499780
11099069.294524737501167 1547635.885175784999736
11099069.294524737501167 1547636.183761722499692
11099069.294524737501167 1547636.482347659999648
11099069.593105466667704 1547631.406386722500396
11099069.593105466667704 1547631.704972660000352
11099069.593105466667704 1547632.003558597500308
11099069.593105466667704 1547632.302144535000264
11099069.593105466667704 1547632.600730472500220
11099069.593105466667704 1547632.899316410000176
11099069.593105466667704 1547633.197902347500132
11099069.593105466667704 1547633.496488285000088
11099069.593105466667704 1547633.795074222500044
11099069.593105466667704 1547634.093660160000000
11099069.593105466667704 1547634.392246097499956
11099069.593105466667704 1547634.690832034999912
11099069.593105466667704 1547634.989417972499868
11099069.593105466667704 1547635.288003909999824
11099069.593105466667704 1547635.586589847499780
11099069.593105466667704 1547635.885175784999736
11099069.593105466667704 1547636.183761722499692
11099069.593105466667704 1547636.482347659999648
11099069.891686195834241 1547631.406386722500396
11099069.891686195834241 1547631.704972660000352
11099069.891686195834241 1547632.003558597500308
11099069.891686195834241 1547632.302144535000264
11099069.891686195834241 1547632.600730472500220
11099069.891686195834241 1547632.899316410000176
11099069.891686195834241 1547633.197902347500132
11099069.891686195834241 1547633.496488285000088
11099069.891686195834241 1547633.795074222500044
11099069.891686195834241 1547634.093660160000000
11099069.891686195834241 1547634.392246097499956
11099069.891686195834241 1547634.690832034999912
11099069.891686195834241 1547634.989417972499868
11099069.891686195834241 1547635.288003909999824
11099069.891686195834241 1547635.586589847499780
11099069.891686195834241 1547635.885175784999736
11099069.891686195834241 1547636.183761722499692
11099069.891686195834241 1547636.482347659999648
11099070.190266925000778 1547631.406386722500396
11099070.190266925000778 1547631.704972660000352
11099070.190266925000778 1547632.003558597500308
11099070.190266925000778 1547632.302144535000264
11099070.190266925000778 1547632.600730472500220
11099070.190266925000778 1547632.899316410000176
11099070.190266925000778 1547633.197902347500132
11099070.190266925000778 1547633.496488285000088
11099070.190266925000778 1547633.795074222500044
11099070.190266925000778 1547634.093660160000000
11099070.190266925000778 1547634.392246097499956
11099070.190266925000778 1547634.690832034999912
11099070.190266925000778 1547634.989417972499868
11099070.190266925000778 1547635.288003909999824
11099070.190266925000778 1547635.586589847499780
11099070.190266925000778 1547635.885175784999736
11099070.190266925000778 1547636.183761722499692
11099070.190266925000778 1547636.482347659999648
11099070.488847654167315 1547631.406386722500396
11099070.488847654167315 1547631.704972660000352
11099070.488847654167315 1547632.003558597500308
11099070.488847654167315 1547632.302144535000264
11099070.488847654167315 1547632.600730472500220
11099070.488847654167315 1547632.899316410000176
11099070.488847654167315 1547633.197902347500132
11099070.488847654167315 1547633.496488285000088
11099070.488847654167315 1547633.795074222500044
11099070.488847654167315 1547634.093660160000000
11099070.488847654167315 1547634.392246097499956
11099070.488847654167315 1547634.690832034999912
11099070.488847654167315 1547634.989417972499868
11099070.488847654167315 1547635.288003909999824
11099070.488847654167315 1547635.586589847499780
11099070.488847654167315 1547635.885175784999736
11099070.488847654167315 1547636.183761722499692
11099070.488847654167315 1547636.482347659999648
11099070.787428383333852 1547631.406386722500396
11099070.787428383333852 1547631.704972660000352
11099070.787428383333852 1547632.003558597500308
11099070.787428383333852 1547632.302144535000264
11099070.787428383333852 1547632.600730472500220
11099070.787428383333852 1547632.899316410000176
11099070.787428383333852 1547633.197902347500132
11099070.787428383333852 1547633.496488285000088
11099070.787428383333852 1547633.795074222500044
11099070.787428383333852 1547634.093660160000000
11099070.787428383333852 1547634.392246097499956
11099070.787428383333852 1547634.690832034999912
11099070.787428383333852 1547634.989417972499868
11099070.787428383333852 1547635.288003909999824
11099070.787428383333852 1547635.586589847499780
11099070.787428383333852 1547635.885175784999736
11099070.787428383333852 1547636.183761722499692
11099070.787428383333852 1547636.482347659999648
11099071.086009112500389 1547631.406386722500396
11099071.086009112500389 1547631.704972660000352
11099071.086009112500389 1547632.003558597500308
11099071.086009112500389 1547632.302144535000264
11099071.086009112500389 1547632.600730472500220
11099071.086009112500389 1547632.899316410000176
11099071.086009112500389 1547633.197902347500132
11099071.086009112500389 1547633.496488285000088
11099071.086009112500389 1547633.795074222500044
11099071.086009112500389 1547634.093660160000000
11099071.086009112500389 1547634.392246097499956
11099071.086009112500389 1547634.690832034999912
11099071.086009112500389 1547634.989417972499868
11099071.086009112500389 1547635.288003909999824
11099071.086009112500389 1547635.586589847499780
11099071.086009112500389 1547635.885175784999736
11099071.086009112500389 1547636.183761722499692
11099071.086009112500389 1547636.482347659999648
11099071.384589841666926 1547631.406386722500396
11099071.384589841666926 1547631.704972660000352
11099071.384589841666926 1547632.003558597500308
11099071.384589841666926 1547632.302144535000264
11099071.384589841666926 1547632.600730472500220
11099071.384589841666926 1547632.899316410000176
11099071.384589841666926 1547633.197902347500132
11099071.384589841666926 1547633.496488285000088
11099071.384589841666926 1547633.795074222500044
11099071.384589841666926 1547634.093660160000000
11099071.384589841666926 1547634.392246097499956
11099071.384589841666926 1547634.690832034999912
11099071.384589841666926 1547634.989417972499868
11099071.384589841666926 1547635.288003909999824
11099071.384589841666926 1547635.586589847499780
11099071.384589841666926 1547635.885175784999736
11099071.384589841666926 1547636.183761722499692
11099071.384589841666926 1547636.482347659999648
11099071.683170570833463 1547631.406386722500396
11099071.683170570833463 1547631.704972660000352
11099071.683170570833463 1547632.003558597500308
11099071.683170570833463 1547632.302144535000264
11099071.683170570833463 1547632.600730472500220
11099071.683170570833463 1547632.899316410000176
11099071.683170570833463 1547633.197902347500132
11099071.683170570833463 1547633.496488285000088
11099071.683170570833463 1547633.795074222500044
11099071.683170570833463 1547634.093660160000000
11099071.683170570833463 1547634.392246097499956
11099071.683170570833463 1547634.690832034999912
11099071.683170570833463 1547634.989417972499868
11099071.683170570833463 1547635.288003909999824
11099071.683170570833463 1547635.586589847499780
11099071.683170570833463 1547635.885175784999736
11099071.683170570833463 1547636.183761722499692
11099071.683170570833463 1547636.482347659999648
11099071.981751300000000 1547631.406386722500396
11099071.981751300000000 1547631.704972660000352
11099071.981751300000000 1547632.003558597500308
11099071.981751300000000 1547632.302144535000264
11099071.981751300000000 1547632.600730472500220
11099071.981751300000000 1547632.899316410000176
11099071.981751300000000 1547633.197902347500132
11099071.981751300000000 1547633.496488285000088
11099071.981751300000000 1547633.795074222500044
11099071.981751300000000 1547634.093660160000000
11099071.981751300000000 1547634.392246097499956
11099071.981751300000000 1547634.690832034999912
11099071.981751300000000 1547634.989417972499868
11099071.981751300000000 1547635.288003909999824
11099071.981751300000000 1547635.586589847499780
11099071.981751300000000 1547635.885175784999736
11099071.981751300000000 1547636.183761722499692
11099071.981751300000000 1547636.482347659999648
11099072.280332029166537 1547631.406386722500396
11099072.280332029166537 1547631.704972660000352
11099072.280332029166537 1547632.003558597500308
11099072.280332029166537 1547632.302144535000264
11099072.280332029166537 1547632.600730472500220
11099072.280332029166537 1547632.899316410000176
11099072.280332029166537 1547633.197902347500132
11099072.280332029166537 1547633.496488285000088
11099072.280332029166537 1547633.795074222500044
11099072.280332029166537 1547634.093660160000000
11099072.280332029166537 1547634.392246097499956
11099072.280332029166537 1547634.690832034999912
11099072.280332029166537 1547634.989417972499868
11099072.280332029166537 1547635.288003909999824
11099072.280332029166537 1547635.586589847499780
11099072.280332029166537 1547635.885175784999736
11099072.280332029166537 1547636.183761722499692
11099072.280332029166537 1547636.482347659999648
11099072.578912758333074 1547631.406386722500396
11099072.578912758333074 1547631.704972660000352
11099072.578912758333074 1547632.003558597500308
11099072.578912758333074 1547632.302144535000264
11099072.578912758333074 1547632.600730472500220
11099072.578912758333074 1547632.899316410000176
11099072.578912758333074 1547633.197902347500132
11099072.578912758333074 1547633.496488285000088
11099072.578912758333074 1547633.795074222500044
11099072.578912758333074 1547634.093660160000000
11099072.578912758333074 1547634.392246097499956
11099072.578912758333074 1547634.690832034999912
11099072.578912758333074 1547634.989417972499868
11099072.578912758333074 1547635.288003909999824
11099072.578912758333074 1547635.586589847499780
11099072.578912758333074 1547635.885175784999736
11099072.578912758333074 1547636.183761722499692
11099072.578912758333074 1547636.482347659999648
11099072.877493487499611 1547631.406386722500396
11099072.877493487499611 1547631.704972660000352
11099072.877493487499611 1547632.003558597500308
11099072.877493487499611 1547632.302144535000264
11099072.877493487499611 1547632.600730472500220
11099072.877493487499611 1547632.899316410000176
11099072.877493487499611 1547633.197902347500132
11099072.877493487499611 1547633.496488285000088
11099072.877493487499611 1547633.795074222500044
11099072.877493487499611 1547634.093660160000000
11099072.877493487499611 1547634.392246097499956
11099072.877493487499611 1547634.690832034999912
11099072.877493487499611 1547634.989417972499868
11099072.877493487499611 1547635.288003909999824
11099072.877493487499611 1547635.586589847499780
11099072.877493487499611 1547635.885175784999736
11099072.877493487499611 1547636.183761722499692
11099072.877493487499611 1547636.482347659999648
11099073.176074216666148 1547631.406386722500396
11099073.176074216666148 1547631.704972660000352
11099073.176074216666148 1547632.003558597500308
11099073.176074216666148 1547632.302144535000264
11099073.176074216666148 1547632.600730472500220
11099073.176074216666148 1547632.899316410000176
11099073.176074216666148 1547633.197902347500132
11099073.176074216666148 1547633.496488285000088
11099073.176074216666148 1547633.795074222500044
11099073.176074216666148 1547634.093660160000000
11099073.176074216666148 1547634.392246097499956
11099073.176074216666148 1547634.690832034999912
11099073.176074216666148 1547634.989417972499868
11099073.176074216666148 1547635.288003909999824
11099073.176074216666148 1547635.586589847499780
11099073.176074216666148 1547635.885175784999736
11099073.176074216666148 1547636.183761722499692
11099073.176074216666148 1547636.482347659999648
11099073.474654945832685 1547631.406386722500396
11099073.474654945832685 1547631.704972660000352
11099073.474654945832685 1547632.003558597500308
11099073.474654945832685 1547632.302144535000264
11099073.474654945832685 1547632.600730472500220
11099073.474654945832685 1547632.899316410000176
11099073.474654945832685 1547633.197902347500132
11099073.474654945832685 1547633.496488285000088
11099073.474654945832685 1547633.795074222500044
11099073.474654945832685 1547634.093660160000000
11099073.474654945832685 1547634.392246097499956
11099073.474654945832685 1547634.690832034999912
11099073.474654945832685 1547634.989417972499868
11099073.474654945832685 1547635.288003909999824
11099073.474654945832685 1547635.586589847499780
11099073.474654945832685 1547635.885175784999736
11099073.474654945832685 1547636.183761722499692
11099073.474654945832685 1547636.482347659999648
11099073.773235674999222 1547631.406386722500396
11099073.773235674999222 1547631.704972660000352
11099073.773235674999222 1547632.003558597500308
11099073.773235674999222 1547632.302144535000264
11099073.773235674999222 1547632.600730472500220
11099073.773235674999222 1547632.899316410000176
11099073.773235674999222 1547633.197902347500132
11099073.773235674999222 1547633.496488285000088
11099073.773235674999222 1547633.795074222500044
11099073.773235674999222 1547634.093660160000000
11099073.773235674999222 1547634.392246097499956
11099073.773235674999222 1547634.690832034999912
11099073.773235674999222 1547634.989417972499868
11099073.773235674999222 1547635.288003909999824
11099073.773235674999222 1547635.586589847499780
11099073.773235674999222 1547635.885175784999736
11099073.773235674999222 1547636.183761722499692
11099073.773235674999222 1547636.482347659999648
11099074.071816404165759 1547631.406386722500396
11099074.071816404165759 1547631.704972660000352
11099074.071816404165759 1547632.003558597500308
11099074.071816404165759 1547632.302144535000264
11099074.071816404165759 1547632.600730472500220
11099074.071816404165759 1547632.899316410000176
11099074.071816404165759 1547633.197902347500132
11099074.071816404165759 1547633.496488285000088
11099074.071816404165759 1547633.795074222500044
11099074.071816404165759 1547634.093660160000000
11099074.071816404165759 1547634.392246097499956
11099074.071816404165759 1547634.690832034999912
11099074.071816404165759 1547634.989417972499868
11099074.071816404165759 1547635.288003909999824
11099074.071816404165759 1547635.586589847499780
11099074.071816404165759 1547635.885175784999736
11099074.071816404165759 1547636.183761722499692
11099074.071816404165759 1547636.482347659999648
11099074.370397133332296 1547631.406386722500396
11099074.370397133332296 1547631.704972660000352
11099074.370397133332296 1547632.003558597500308
11099074.370397133332296 1547632.302144535000264
11099074.370397133332296 1547632.600730472500220
11099074.370397133332296 1547632.899316410000176
11099074.370397133332296 1547633.197902347500132
11099074.370397133332296 1547633.496488285000088
11099074.370397133332296 1547633.795074222500044
11099074.370397133332296 1547634.093660160000000
11099074.370397133332296 1547634.392246097499956
11099074.370397133332296 1547634.690832034999912
11099074.370397133332296 1547634.989417972499868
11099074.370397133332296 1547635.288003909999824
11099074.370397133332296 1547635.586589847499780
11099074.370397133332296 1547635.885175784999736
11099074.370397133332296 1547636.183761722499692
11099074.370397133332296 1547636.482347659999648
