11099005.398248737501167 1547747.556316402500396
11099005.398248737501167 1547747.854902340000352
11099005.398248737501167 1547748.153488277500308
11099005.398248737501167 1547748.452074215000264
11099005.398248737501167 1547748.750660152500220
11099005.398248737501167 1547749.049246090000176
11099005.398248737501167 1547749.347832027500132
11099005.398248737501167 1547749.646417965000088
11099005.398248737501167 1547749.945003902500044
11099005.398248737501167 1547750.243589840000000
11099005.398248737501167 1547750.542175777499956
11099005.398248737501167 1547750.840761714999912
11099005.398248737501167 1547751.139347652499868
11099005.398248737501167 1547751.437933589999824
11099005.398248737501167 1547751.736519527499780
11099005.398248737501167 1547752.035105464999736
11099005.398248737501167 1547752.333691402499692
11099005.398248737501167 1547752.632277339999648
11099005.696829466667704 1547747.556316402500396
11099005.696829466667704 1547747.854902340000352
11099005.696829466667704 1547748.153488277500308
11099005.696829466667704 1547748.452074215000264
11099005.696829466667704 1547748.750660152500220
11099005.696829466667704 1547749.049246090000176
11099005.696829466667704 1547749.347832027500132
11099005.696829466667704 1547749.646417965000088
11099005.696829466667704 1547749.945003902500044
11099005.696829466667704 1547750.243589840000000
11099005.696829466667704 1547750.542175777499956
11099005.696829466667704 1547750.840761714999912
11099005.696829466667704 1547751.139347652499868
11099005.696829466667704 1547751.437933589999824
11099005.696829466667704 1547751.736519527499780
11099005.696829466667704 1547752.035105464999736
11099005.696829466667704 1547752.333691402499692
11099005.696829466667704 1547752.632277339999648
11099005.995410195834241 1547747.556316402500396
11099005.995410195834241 1547747.854902340000352
11099005.995410195834241 1547748.153488277500308
11099005.995410195834241 1547748.452074215000264
11099005.995410195834241 1547748.750660152500220
11099005.995410195834241 1547749.049246090000176
11099005.995410195834241 1547749.347832027500132
11099005.995410195834241 1547749.646417965000088
11099005.995410195834241 1547749.945003902500044
11099005.995410195834241 1547750.243589840000000
11099005.995410195834241 1547750.542175777499956
11099005.995410195834241 1547750.840761714999912
11099005.995410195834241 1547751.139347652499868
11099005.995410195834241 1547751.437933589999824
11099005.995410195834241 1547751.736519527499780
11099005.995410195834241 1547752.035105464999736
11099005.995410195834241 1547752.333691402499692
11099005.995410195834241 1547752.632277339999648
11099006.293990925000778 1547747.556316402500396
11099006.293990925000778 1547747.854902340000352
11099006.293990925000778 1547748.153488277500308
11099006.293990925000778 1547748.452074215000264
11099006.293990925000778 1547748.750660152500220
11099006.293990925000778 1547749.049246090000176
11099006.293990925000778 1547749.347832027500132
11099006.293990925000778 1547749.646417965000088
11099006.293990925000778 1547749.945003902500044
11099006.293990925000778 1547750.243589840000000
11099006.293990925000778 1547750.542175777499956
11099006.293990925000778 1547750.840761714999912
11099006.293990925000778 1547751.139347652499868
11099006.293990925000778 1547751.437933589999824
11099006.293990925000778 1547751.736519527499780
11099006.293990925000778 1547752.035105464999736
11099006.293990925000778 1547752.333691402499692
11099006.293990925000778 1547752.632277339999648
11099006.592571654167315 1547747.556316402500396
11099006.592571654167315 1547747.854902340000352
11099006.592571654167315 1547748.153488277500308
11099006.592571654167315 1547748.452074215000264
11099006.592571654167315 1547748.750660152500220
11099006.592571654167315 1547749.049246090000176
11099006.592571654167315 1547749.347832027500132
11099006.592571654167315 1547749.646417965000088
11099006.592571654167315 1547749.945003902500044
11099006.592571654167315 1547750.243589840000000
11099006.592571654167315 1547750.542175777499956
11099006.592571654167315 1547750.840761714999912
11099006.592571654167315 1547751.139347652499868
11099006.592571654167315 1547751.437933589999824
11099006.592571654167315 1547751.736519527499780
11099006.592571654167315 1547752.035105464999736
11099006.592571654167315 1547752.333691402499692
11099006.592571654167315 1547752.632277339999648
11099006.891152383333852 1547747.556316402500396
11099006.891152383333852 1547747.854902340000352
11099006.891152383333852 1547748.153488277500308
11099006.891152383333852 1547748.452074215000264
11099006.891152383333852 1547748.750660152500220
11099006.891152383333852 1547749.049246090000176
11099006.891152383333852 1547749.347832027500132
11099006.891152383333852 1547749.646417965000088
11099006.891152383333852 1547749.945003902500044
11099006.891152383333852 1547750.243589840000000
11099006.891152383333852 1547750.542175777499956
11099006.891152383333852 1547750.840761714999912
11099006.891152383333852 1547751.139347652499868
11099006.891152383333852 1547751.437933589999824
11099006.891152383333852 1547751.736519527499780
11099006.891152383333852 1547752.035105464999736
11099006.891152383333852 1547752.333691402499692
11099006.891152383333852 1547752.632277339999648
11099007.189733112500389 1547747.556316402500396
11099007.189733112500389 1547747.854902340000352
11099007.189733112500389 1547748.153488277500308
11099007.189733112500389 1547748.452074215000264
11099007.189733112500389 1547748.750660152500220
11099007.189733112500389 1547749.049246090000176
11099007.189733112500389 1547749.347832027500132
11099007.189733112500389 1547749.646417965000088
11099007.189733112500389 1547749.945003902500044
11099007.189733112500389 1547750.243589840000000
11099007.189733112500389 1547750.542175777499956
11099007.189733112500389 1547750.840761714999912
11099007.189733112500389 1547751.139347652499868
11099007.189733112500389 1547751.437933589999824
11099007.189733112500389 1547751.736519527499780
11099007.189733112500389 1547752.035105464999736
11099007.189733112500389 1547752.333691402499692
11099007.189733112500389 1547752.632277339999648
11099007.488313841666926 1547747.556316402500396
11099007.488313841666926 1547747.854902340000352
11099007.488313841666926 1547748.153488277500308
11099007.488313841666926 1547748.452074215000264
11099007.488313841666926 1547748.750660152500220
11099007.488313841666926 1547749.049246090000176
11099007.488313841666926 1547749.347832027500132
11099007.488313841666926 1547749.646417965000088
11099007.488313841666926 1547749.945003902500044
11099007.488313841666926 1547750.243589840000000
11099007.488313841666926 1547750.542175777499956
11099007.488313841666926 1547750.840761714999912
11099007.488313841666926 1547751.139347652499868
11099007.488313841666926 1547751.437933589999824
11099007.488313841666926 1547751.736519527499780
11099007.488313841666926 1547752.035105464999736
11099007.488313841666926 1547752.333691402499692
11099007.488313841666926 1547752.632277339999648
11099007.786894570833463 1547747.556316402500396
11099007.786894570833463 1547747.854902340000352
11099007.786894570833463 1547748.153488277500308
11099007.786894570833463 1547748.452074215000264
11099007.786894570833463 1547748.750660152500220
11099007.786894570833463 1547749.049246090000176
11099007.786894570833463 1547749.347832027500132
11099007.786894570833463 1547749.646417965000088
11099007.786894570833463 1547749.945003902500044
11099007.786894570833463 1547750.243589840000000
11099007.786894570833463 1547750.542175777499956
11099007.786894570833463 1547750.840761714999912
11099007.786894570833463 1547751.139347652499868
11099007.786894570833463 1547751.437933589999824
11099007.786894570833463 1547751.736519527499780
11099007.786894570833463 1547752.035105464999736
11099007.786894570833463 1547752.333691402499692
11099007.786894570833463 1547752.632277339999648
11099008.085475300000000 1547747.556316402500396
11099008.085475300000000 1547747.854902340000352
11099008.085475300000000 1547748.153488277500308
11099008.085475300000000 1547748.452074215000264
11099008.085475300000000 1547748.750660152500220
11099008.085475300000000 1547749.049246090000176
11099008.085475300000000 1547749.347832027500132
11099008.085475300000000 1547749.646417965000088
11099008.085475300000000 1547749.945003902500044
11099008.085475300000000 1547750.243589840000000
11099008.085475300000000 1547750.542175777499956
11099008.085475300000000 1547750.840761714999912
11099008.085475300000000 1547751.139347652499868
11099008.085475300000000 1547751.437933589999824
11099008.085475300000000 1547751.736519527499780
11099008.085475300000000 1547752.035105464999736
11099008.085475300000000 1547752.333691402499692
11099008.085475300000000 1547752.632277339999648
11099008.384056029166537 1547747.556316402500396
11099008.384056029166537 1547747.854902340000352
11099008.384056029166537 1547748.153488277500308
11099008.384056029166537 1547748.452074215000264
11099008.384056029166537 1547748.750660152500220
11099008.384056029166537 1547749.049246090000176
11099008.384056029166537 1547749.347832027500132
11099008.384056029166537 1547749.646417965000088
11099008.384056029166537 1547749.945003902500044
11099008.384056029166537 1547750.243589840000000
11099008.384056029166537 1547750.542175777499956
11099008.384056029166537 1547750.840761714999912
11099008.384056029166537 1547751.139347652499868
11099008.384056029166537 1547751.437933589999824
11099008.384056029166537 1547751.736519527499780
11099008.384056029166537 1547752.035105464999736
11099008.384056029166537 1547752.333691402499692
11099008.384056029166537 1547752.632277339999648
11099008.682636758333074 1547747.556316402500396
11099008.682636758333074 1547747.854902340000352
11099008.682636758333074 1547748.153488277500308
11099008.682636758333074 1547748.452074215000264
11099008.682636758333074 1547748.750660152500220
11099008.682636758333074 1547749.049246090000176
11099008.682636758333074 1547749.347832027500132
11099008.682636758333074 1547749.646417965000088
11099008.682636758333074 1547749.945003902500044
11099008.682636758333074 1547750.243589840000000
11099008.682636758333074 1547750.542175777499956
11099008.682636758333074 1547750.840761714999912
11099008.682636758333074 1547751.139347652499868
11099008.682636758333074 1547751.437933589999824
11099008.682636758333074 1547751.736519527499780
11099008.682636758333074 1547752.035105464999736
11099008.682636758333074 1547752.333691402499692
11099008.682636758333074 1547752.632277339999648
11099008.981217487499611 1547747.556316402500396
11099008.981217487499611 1547747.854902340000352
11099008.981217487499611 1547748.153488277500308
11099008.981217487499611 1547748.452074215000264
11099008.981217487499611 1547748.750660152500220
11099008.981217487499611 1547749.049246090000176
11099008.981217487499611 1547749.347832027500132
11099008.981217487499611 1547749.646417965000088
11099008.981217487499611 1547749.945003902500044
11099008.981217487499611 1547750.243589840000000
11099008.981217487499611 1547750.542175777499956
11099008.981217487499611 1547750.840761714999912
11099008.981217487499611 1547751.139347652499868
11099008.981217487499611 1547751.437933589999824
11099008.981217487499611 1547751.736519527499780
11099008.981217487499611 1547752.035105464999736
11099008.981217487499611 1547752.333691402499692
11099008.981217487499611 1547752.632277339999648
11099009.279798216666148 1547747.556316402500396
11099009.279798216666148 1547747.854902340000352
11099009.279798216666148 1547748.153488277500308
11099009.279798216666148 1547748.452074215000264
11099009.279798216666148 1547748.750660152500220
11099009.279798216666148 1547749.049246090000176
11099009.279798216666148 1547749.347832027500132
11099009.279798216666148 1547749.646417965000088
11099009.279798216666148 1547749.945003902500044
11099009.279798216666148 1547750.243589840000000
11099009.279798216666148 1547750.542175777499956
11099009.279798216666148 1547750.840761714999912
11099009.279798216666148 1547751.139347652499868
11099009.279798216666148 1547751.437933589999824
11099009.279798216666148 1547751.736519527499780
11099009.279798216666148 1547752.035105464999736
11099009.279798216666148 1547752.333691402499692
11099009.279798216666148 1547752.632277339999648
11099009.578378945832685 1547747.556316402500396
11099009.578378945832685 1547747.854902340000352
11099009.578378945832685 1547748.153488277500308
11099009.578378945832685 1547748.452074215000264
11099009.578378945832685 1547748.750660152500220
11099009.578378945832685 1547749.049246090000176
11099009.578378945832685 1547749.347832027500132
11099009.578378945832685 1547749.646417965000088
11099009.578378945832685 1547749.945003902500044
11099009.578378945832685 1547750.243589840000000
11099009.578378945832685 1547750.542175777499956
11099009.578378945832685 1547750.840761714999912
11099009.578378945832685 1547751.139347652499868
11099009.578378945832685 1547751.437933589999824
11099009.578378945832685 1547751.736519527499780
11099009.578378945832685 1547752.035105464999736
11099009.578378945832685 1547752.333691402499692
11099009.578378945832685 1547752.632277339999648
11099009.876959674999222 1547747.556316402500396
11099009.876959674999222 1547747.854902340000352
11099009.876959674999222 1547748.153488277500308
11099009.876959674999222 1547748.452074215000264
11099009.876959674999222 1547748.750660152500220
11099009.876959674999222 1547749.049246090000176
11099009.876959674999222 1547749.347832027500132
11099009.876959674999222 1547749.646417965000088
11099009.876959674999222 1547749.945003902500044
11099009.876959674999222 1547750.243589840000000
11099009.876959674999222 1547750.542175777499956
11099009.876959674999222 1547750.840761714999912
11099009.876959674999222 1547751.139347652499868
11099009.876959674999222 1547751.437933589999824
11099009.876959674999222 1547751.736519527499780
11099009.876959674999222 1547752.035105464999736
11099009.876959674999222 1547752.333691402499692
11099009.876959674999222 1547752.632277339999648
11099010.175540404165759 1547747.556316402500396
11099010.175540404165759 1547747.854902340000352
11099010.175540404165759 1547748.153488277500308
11099010.175540404165759 1547748.452074215000264
11099010.175540404165759 1547748.750660152500220
11099010.175540404165759 1547749.049246090000176
11099010.175540404165759 1547749.347832027500132
11099010.175540404165759 1547749.646417965000088
11099010.175540404165759 1547749.945003902500044
11099010.175540404165759 1547750.243589840000000
11099010.175540404165759 1547750.542175777499956
11099010.175540404165759 1547750.840761714999912
11099010.175540404165759 1547751.139347652499868
11099010.175540404165759 1547751.437933589999824
11099010.175540404165759 1547751.736519527499780
11099010.175540404165759 1547752.035105464999736
11099010.175540404165759 1547752.333691402499692
11099010.175540404165759 1547752.632277339999648
11099010.474121133332296 1547747.556316402500396
11099010.474121133332296 1547747.854902340000352
11099010.474121133332296 1547748.153488277500308
11099010.474121133332296 1547748.452074215000264
11099010.474121133332296 1547748.750660152500220
11099010.474121133332296 1547749.049246090000176
11099010.474121133332296 1547749.347832027500132
11099010.474121133332296 1547749.646417965000088
11099010.474121133332296 1547749.945003902500044
11099010.474121133332296 1547750.243589840000000
11099010.474121133332296 1547750.542175777499956
11099010.474121133332296 1547750.840761714999912
11099010.474121133332296 1547751.139347652499868
11099010.474121133332296 1547751.437933589999824
11099010.474121133332296 1547751.736519527499780
11099010.474121133332296 1547752.035105464999736
11099010.474121133332296 1547752.333691402499692
11099010.474121133332296 1547752.632277339999648
