11099424.605592437501167 1547829.966035152500396
11099424.605592437501167 1547830.264621090000352
11099424.605592437501167 1547830.563207027500308
11099424.605592437501167 1547830.861792965000264
11099424.605592437501167 1547831.160378902500220
11099424.605592437501167 1547831.458964840000176
11099424.605592437501167 1547831.757550777500132
11099424.605592437501167 1547832.056136715000088
11099424.605592437501167 1547832.354722652500044
11099424.605592437501167 1547832.653308590000000
11099424.605592437501167 1547832.951894527499956
11099424.605592437501167 1547833.250480464999912
11099424.605592437501167 1547833.549066402499868
11099424.605592437501167 1547833.847652339999824
11099424.605592437501167 1547834.146238277499780
11099424.605592437501167 1547834.444824214999736
11099424.605592437501167 1547834.743410152499692
11099424.605592437501167 1547835.041996089999648
11099424.904173166667704 1547829.966035152500396
11099424.904173166667704 1547830.264621090000352
11099424.904173166667704 1547830.563207027500308
11099424.904173166667704 1547830.861792965000264
11099424.904173166667704 1547831.160378902500220
11099424.904173166667704 1547831.458964840000176
11099424.904173166667704 1547831.757550777500132
11099424.904173166667704 1547832.056136715000088
11099424.904173166667704 1547832.354722652500044
11099424.904173166667704 1547832.653308590000000
11099424.904173166667704 1547832.951894527499956
11099424.904173166667704 1547833.250480464999912
11099424.904173166667704 1547833.549066402499868
11099424.904173166667704 1547833.847652339999824
11099424.904173166667704 1547834.146238277499780
11099424.904173166667704 1547834.444824214999736
11099424.904173166667704 1547834.743410152499692
11099424.904173166667704 1547835.041996089999648
11099425.202753895834241 1547829.966035152500396
11099425.202753895834241 1547830.264621090000352
11099425.202753895834241 1547830.563207027500308
11099425.202753895834241 1547830.861792965000264
11099425.202753895834241 1547831.160378902500220
11099425.202753895834241 1547831.458964840000176
11099425.202753895834241 1547831.757550777500132
11099425.202753895834241 1547832.056136715000088
11099425.202753895834241 1547832.354722652500044
11099425.202753895834241 1547832.653308590000000
11099425.202753895834241 1547832.951894527499956
11099425.202753895834241 1547833.250480464999912
11099425.202753895834241 1547833.549066402499868
11099425.202753895834241 1547833.847652339999824
11099425.202753895834241 1547834.146238277499780
11099425.202753895834241 1547834.444824214999736
11099425.202753895834241 1547834.743410152499692
11099425.202753895834241 1547835.041996089999648
11099425.501334625000778 1547829.966035152500396
11099425.501334625000778 1547830.264621090000352
11099425.501334625000778 1547830.563207027500308
11099425.501334625000778 1547830.861792965000264
11099425.501334625000778 1547831.160378902500220
11099425.501334625000778 1547831.458964840000176
11099425.501334625000778 1547831.757550777500132
11099425.501334625000778 1547832.056136715000088
11099425.501334625000778 1547832.354722652500044
11099425.501334625000778 1547832.653308590000000
11099425.501334625000778 1547832.951894527499956
11099425.501334625000778 1547833.250480464999912
11099425.501334625000778 1547833.549066402499868
11099425.501334625000778 1547833.847652339999824
11099425.501334625000778 1547834.146238277499780
11099425.501334625000778 1547834.444824214999736
11099425.501334625000778 1547834.743410152499692
11099425.501334625000778 1547835.041996089999648
11099425.799915354167315 1547829.966035152500396
11099425.799915354167315 1547830.264621090000352
11099425.799915354167315 1547830.563207027500308
11099425.799915354167315 1547830.861792965000264
11099425.799915354167315 1547831.160378902500220
11099425.799915354167315 1547831.458964840000176
11099425.799915354167315 1547831.757550777500132
11099425.799915354167315 1547832.056136715000088
11099425.799915354167315 1547832.354722652500044
11099425.799915354167315 1547832.653308590000000
11099425.799915354167315 1547832.951894527499956
11099425.799915354167315 1547833.250480464999912
11099425.799915354167315 1547833.549066402499868
11099425.799915354167315 1547833.847652339999824
11099425.799915354167315 1547834.146238277499780
11099425.799915354167315 1547834.444824214999736
11099425.799915354167315 1547834.743410152499692
11099425.799915354167315 1547835.041996089999648
11099426.098496083333852 1547829.966035152500396
11099426.098496083333852 1547830.264621090000352
11099426.098496083333852 1547830.563207027500308
11099426.098496083333852 1547830.861792965000264
11099426.098496083333852 1547831.160378902500220
11099426.098496083333852 1547831.458964840000176
11099426.098496083333852 1547831.757550777500132
11099426.098496083333852 1547832.056136715000088
11099426.098496083333852 1547832.354722652500044
11099426.098496083333852 1547832.653308590000000
11099426.098496083333852 1547832.951894527499956
11099426.098496083333852 1547833.250480464999912
11099426.098496083333852 1547833.549066402499868
11099426.098496083333852 1547833.847652339999824
11099426.098496083333852 1547834.146238277499780
11099426.098496083333852 1547834.444824214999736
11099426.098496083333852 1547834.743410152499692
11099426.098496083333852 1547835.041996089999648
11099426.397076812500389 1547829.966035152500396
11099426.397076812500389 1547830.264621090000352
11099426.397076812500389 1547830.563207027500308
11099426.397076812500389 1547830.861792965000264
11099426.397076812500389 1547831.160378902500220
11099426.397076812500389 1547831.458964840000176
11099426.397076812500389 1547831.757550777500132
11099426.397076812500389 1547832.056136715000088
11099426.397076812500389 1547832.354722652500044
11099426.397076812500389 1547832.653308590000000
11099426.397076812500389 1547832.951894527499956
11099426.397076812500389 1547833.250480464999912
11099426.397076812500389 1547833.549066402499868
11099426.397076812500389 1547833.847652339999824
11099426.397076812500389 1547834.146238277499780
11099426.397076812500389 1547834.444824214999736
11099426.397076812500389 1547834.743410152499692
11099426.397076812500389 1547835.041996089999648
11099426.695657541666926 1547829.966035152500396
11099426.695657541666926 1547830.264621090000352
11099426.695657541666926 1547830.563207027500308
11099426.695657541666926 1547830.861792965000264
11099426.695657541666926 1547831.160378902500220
11099426.695657541666926 1547831.458964840000176
11099426.695657541666926 1547831.757550777500132
11099426.695657541666926 1547832.056136715000088
11099426.695657541666926 1547832.354722652500044
11099426.695657541666926 1547832.653308590000000
11099426.695657541666926 1547832.951894527499956
11099426.695657541666926 1547833.250480464999912
11099426.695657541666926 1547833.549066402499868
11099426.695657541666926 1547833.847652339999824
11099426.695657541666926 1547834.146238277499780
11099426.695657541666926 1547834.444824214999736
11099426.695657541666926 1547834.743410152499692
11099426.695657541666926 1547835.041996089999648
11099426.994238270833463 1547829.966035152500396
11099426.994238270833463 1547830.264621090000352
11099426.994238270833463 1547830.563207027500308
11099426.994238270833463 1547830.861792965000264
11099426.994238270833463 1547831.160378902500220
11099426.994238270833463 1547831.458964840000176
11099426.994238270833463 1547831.757550777500132
11099426.994238270833463 1547832.056136715000088
11099426.994238270833463 1547832.354722652500044
11099426.994238270833463 1547832.653308590000000
11099426.994238270833463 1547832.951894527499956
11099426.994238270833463 1547833.250480464999912
11099426.994238270833463 1547833.549066402499868
11099426.994238270833463 1547833.847652339999824
11099426.994238270833463 1547834.146238277499780
11099426.994238270833463 1547834.444824214999736
11099426.994238270833463 1547834.743410152499692
11099426.994238270833463 1547835.041996089999648
11099427.292819000000000 1547829.966035152500396
11099427.292819000000000 1547830.264621090000352
11099427.292819000000000 1547830.563207027500308
11099427.292819000000000 1547830.861792965000264
11099427.292819000000000 1547831.160378902500220
11099427.292819000000000 1547831.458964840000176
11099427.292819000000000 1547831.757550777500132
11099427.292819000000000 1547832.056136715000088
11099427.292819000000000 1547832.354722652500044
11099427.292819000000000 1547832.653308590000000
11099427.292819000000000 1547832.951894527499956
11099427.292819000000000 1547833.250480464999912
11099427.292819000000000 1547833.549066402499868
11099427.292819000000000 1547833.847652339999824
11099427.292819000000000 1547834.146238277499780
11099427.292819000000000 1547834.444824214999736
11099427.292819000000000 1547834.743410152499692
11099427.292819000000000 1547835.041996089999648
11099427.591399729166537 1547829.966035152500396
11099427.591399729166537 1547830.264621090000352
11099427.591399729166537 1547830.563207027500308
11099427.591399729166537 1547830.861792965000264
11099427.591399729166537 1547831.160378902500220
11099427.591399729166537 1547831.458964840000176
11099427.591399729166537 1547831.757550777500132
11099427.591399729166537 1547832.056136715000088
11099427.591399729166537 1547832.354722652500044
11099427.591399729166537 1547832.653308590000000
11099427.591399729166537 1547832.951894527499956
11099427.591399729166537 1547833.250480464999912
11099427.591399729166537 1547833.549066402499868
11099427.591399729166537 1547833.847652339999824
11099427.591399729166537 1547834.146238277499780
11099427.591399729166537 1547834.444824214999736
11099427.591399729166537 1547834.743410152499692
11099427.591399729166537 1547835.041996089999648
11099427.889980458333074 1547829.966035152500396
11099427.889980458333074 1547830.264621090000352
11099427.889980458333074 1547830.563207027500308
11099427.889980458333074 1547830.861792965000264
11099427.889980458333074 1547831.160378902500220
11099427.889980458333074 1547831.458964840000176
11099427.889980458333074 1547831.757550777500132
11099427.889980458333074 1547832.056136715000088
11099427.889980458333074 1547832.354722652500044
11099427.889980458333074 1547832.653308590000000
11099427.889980458333074 1547832.951894527499956
11099427.889980458333074 1547833.250480464999912
11099427.889980458333074 1547833.549066402499868
11099427.889980458333074 1547833.847652339999824
11099427.889980458333074 1547834.146238277499780
11099427.889980458333074 1547834.444824214999736
11099427.889980458333074 1547834.743410152499692
11099427.889980458333074 1547835.041996089999648
11099428.188561187499611 1547829.966035152500396
11099428.188561187499611 1547830.264621090000352
11099428.188561187499611 1547830.563207027500308
11099428.188561187499611 1547830.861792965000264
11099428.188561187499611 1547831.160378902500220
11099428.188561187499611 1547831.458964840000176
11099428.188561187499611 1547831.757550777500132
11099428.188561187499611 1547832.056136715000088
11099428.188561187499611 1547832.354722652500044
11099428.188561187499611 1547832.653308590000000
11099428.188561187499611 1547832.951894527499956
11099428.188561187499611 1547833.250480464999912
11099428.188561187499611 1547833.549066402499868
11099428.188561187499611 1547833.847652339999824
11099428.188561187499611 1547834.146238277499780
11099428.188561187499611 1547834.444824214999736
11099428.188561187499611 1547834.743410152499692
11099428.188561187499611 1547835.041996089999648
11099428.487141916666148 1547829.966035152500396
11099428.487141916666148 1547830.264621090000352
11099428.487141916666148 1547830.563207027500308
11099428.487141916666148 1547830.861792965000264
11099428.487141916666148 1547831.160378902500220
11099428.487141916666148 1547831.458964840000176
11099428.487141916666148 1547831.757550777500132
11099428.487141916666148 1547832.056136715000088
11099428.487141916666148 1547832.354722652500044
11099428.487141916666148 1547832.653308590000000
11099428.487141916666148 1547832.951894527499956
11099428.487141916666148 1547833.250480464999912
11099428.487141916666148 1547833.549066402499868
11099428.487141916666148 1547833.847652339999824
11099428.487141916666148 1547834.146238277499780
11099428.487141916666148 1547834.444824214999736
11099428.487141916666148 1547834.743410152499692
11099428.487141916666148 1547835.041996089999648
11099428.785722645832685 1547829.966035152500396
11099428.785722645832685 1547830.264621090000352
11099428.785722645832685 1547830.563207027500308
11099428.785722645832685 1547830.861792965000264
11099428.785722645832685 1547831.160378902500220
11099428.785722645832685 1547831.458964840000176
11099428.785722645832685 1547831.757550777500132
11099428.785722645832685 1547832.056136715000088
11099428.785722645832685 1547832.354722652500044
11099428.785722645832685 1547832.653308590000000
11099428.785722645832685 1547832.951894527499956
11099428.785722645832685 1547833.250480464999912
11099428.785722645832685 1547833.549066402499868
11099428.785722645832685 1547833.847652339999824
11099428.785722645832685 1547834.146238277499780
11099428.785722645832685 1547834.444824214999736
11099428.785722645832685 1547834.743410152499692
11099428.785722645832685 1547835.041996089999648
11099429.084303374999222 1547829.966035152500396
11099429.084303374999222 1547830.264621090000352
11099429.084303374999222 1547830.563207027500308
11099429.084303374999222 1547830.861792965000264
11099429.084303374999222 1547831.160378902500220
11099429.084303374999222 1547831.458964840000176
11099429.084303374999222 1547831.757550777500132
11099429.084303374999222 1547832.056136715000088
11099429.084303374999222 1547832.354722652500044
11099429.084303374999222 1547832.653308590000000
11099429.084303374999222 1547832.951894527499956
11099429.084303374999222 1547833.250480464999912
11099429.084303374999222 1547833.549066402499868
11099429.084303374999222 1547833.847652339999824
11099429.084303374999222 1547834.146238277499780
11099429.084303374999222 1547834.444824214999736
11099429.084303374999222 1547834.743410152499692
11099429.084303374999222 1547835.041996089999648
11099429.382884104165759 1547829.966035152500396
11099429.382884104165759 1547830.264621090000352
11099429.382884104165759 1547830.563207027500308
11099429.382884104165759 1547830.861792965000264
11099429.382884104165759 1547831.160378902500220
11099429.382884104165759 1547831.458964840000176
11099429.382884104165759 1547831.757550777500132
11099429.382884104165759 1547832.056136715000088
11099429.382884104165759 1547832.354722652500044
11099429.382884104165759 1547832.653308590000000
11099429.382884104165759 1547832.951894527499956
11099429.382884104165759 1547833.250480464999912
11099429.382884104165759 1547833.549066402499868
11099429.382884104165759 1547833.847652339999824
11099429.382884104165759 1547834.146238277499780
11099429.382884104165759 1547834.444824214999736
11099429.382884104165759 1547834.743410152499692
11099429.382884104165759 1547835.041996089999648
11099429.681464833332296 1547829.966035152500396
11099429.681464833332296 1547830.264621090000352
11099429.681464833332296 1547830.563207027500308
11099429.681464833332296 1547830.861792965000264
11099429.681464833332296 1547831.160378902500220
11099429.681464833332296 1547831.458964840000176
11099429.681464833332296 1547831.757550777500132
11099429.681464833332296 1547832.056136715000088
11099429.681464833332296 1547832.354722652500044
11099429.681464833332296 1547832.653308590000000
11099429.681464833332296 1547832.951894527499956
11099429.681464833332296 1547833.250480464999912
11099429.681464833332296 1547833.549066402499868
11099429.681464833332296 1547833.847652339999824
11099429.681464833332296 1547834.146238277499780
11099429.681464833332296 1547834.444824214999736
11099429.681464833332296 1547834.743410152499692
11099429.681464833332296 1547835.041996089999648
