11099464.615410137501167 1547816.529667972500396
11099464.615410137501167 1547816.828253910000352
11099464.615410137501167 1547817.126839847500308
11099464.615410137501167 1547817.425425785000264
11099464.615410137501167 1547817.724011722500220
11099464.615410137501167 1547818.022597660000176
11099464.615410137501167 1547818.321183597500132
11099464.615410137501167 1547818.619769535000088
11099464.615410137501167 1547818.918355472500044
11099464.615410137501167 1547819.216941410000000
11099464.615410137501167 1547819.515527347499956
11099464.615410137501167 1547819.814113284999912
11099464.615410137501167 1547820.112699222499868
11099464.615410137501167 1547820.411285159999824
11099464.615410137501167 1547820.709871097499780
11099464.615410137501167 1547821.008457034999736
11099464.615410137501167 1547821.307042972499692
11099464.615410137501167 1547821.605628909999648
11099464.913990866667704 1547816.529667972500396
11099464.913990866667704 1547816.828253910000352
11099464.913990866667704 1547817.126839847500308
11099464.913990866667704 1547817.425425785000264
11099464.913990866667704 1547817.724011722500220
11099464.913990866667704 1547818.022597660000176
11099464.913990866667704 1547818.321183597500132
11099464.913990866667704 1547818.619769535000088
11099464.913990866667704 1547818.918355472500044
11099464.913990866667704 1547819.216941410000000
11099464.913990866667704 1547819.515527347499956
11099464.913990866667704 1547819.814113284999912
11099464.913990866667704 1547820.112699222499868
11099464.913990866667704 1547820.411285159999824
11099464.913990866667704 1547820.709871097499780
11099464.913990866667704 1547821.008457034999736
11099464.913990866667704 1547821.307042972499692
11099464.913990866667704 1547821.605628909999648
11099465.212571595834241 1547816.529667972500396
11099465.212571595834241 1547816.828253910000352
11099465.212571595834241 1547817.126839847500308
11099465.212571595834241 1547817.425425785000264
11099465.212571595834241 1547817.724011722500220
11099465.212571595834241 1547818.022597660000176
11099465.212571595834241 1547818.321183597500132
11099465.212571595834241 1547818.619769535000088
11099465.212571595834241 1547818.918355472500044
11099465.212571595834241 1547819.216941410000000
11099465.212571595834241 1547819.515527347499956
11099465.212571595834241 1547819.814113284999912
11099465.212571595834241 1547820.112699222499868
11099465.212571595834241 1547820.411285159999824
11099465.212571595834241 1547820.709871097499780
11099465.212571595834241 1547821.008457034999736
11099465.212571595834241 1547821.307042972499692
11099465.212571595834241 1547821.605628909999648
11099465.511152325000778 1547816.529667972500396
11099465.511152325000778 1547816.828253910000352
11099465.511152325000778 1547817.126839847500308
11099465.511152325000778 1547817.425425785000264
11099465.511152325000778 1547817.724011722500220
11099465.511152325000778 1547818.022597660000176
11099465.511152325000778 1547818.321183597500132
11099465.511152325000778 1547818.619769535000088
11099465.511152325000778 1547818.918355472500044
11099465.511152325000778 1547819.216941410000000
11099465.511152325000778 1547819.515527347499956
11099465.511152325000778 1547819.814113284999912
11099465.511152325000778 1547820.112699222499868
11099465.511152325000778 1547820.411285159999824
11099465.511152325000778 1547820.709871097499780
11099465.511152325000778 1547821.008457034999736
11099465.511152325000778 1547821.307042972499692
11099465.511152325000778 1547821.605628909999648
11099465.809733054167315 1547816.529667972500396
11099465.809733054167315 1547816.828253910000352
11099465.809733054167315 1547817.126839847500308
11099465.809733054167315 1547817.425425785000264
11099465.809733054167315 1547817.724011722500220
11099465.809733054167315 1547818.022597660000176
11099465.809733054167315 1547818.321183597500132
11099465.809733054167315 1547818.619769535000088
11099465.809733054167315 1547818.918355472500044
11099465.809733054167315 1547819.216941410000000
11099465.809733054167315 1547819.515527347499956
11099465.809733054167315 1547819.814113284999912
11099465.809733054167315 1547820.112699222499868
11099465.809733054167315 1547820.411285159999824
11099465.809733054167315 1547820.709871097499780
11099465.809733054167315 1547821.008457034999736
11099465.809733054167315 1547821.307042972499692
11099465.809733054167315 1547821.605628909999648
11099466.108313783333852 1547816.529667972500396
11099466.108313783333852 1547816.828253910000352
11099466.108313783333852 1547817.126839847500308
11099466.108313783333852 1547817.425425785000264
11099466.108313783333852 1547817.724011722500220
11099466.108313783333852 1547818.022597660000176
11099466.108313783333852 1547818.321183597500132
11099466.108313783333852 1547818.619769535000088
11099466.108313783333852 1547818.918355472500044
11099466.108313783333852 1547819.216941410000000
11099466.108313783333852 1547819.515527347499956
11099466.108313783333852 1547819.814113284999912
11099466.108313783333852 1547820.112699222499868
11099466.108313783333852 1547820.411285159999824
11099466.108313783333852 1547820.709871097499780
11099466.108313783333852 1547821.008457034999736
11099466.108313783333852 1547821.307042972499692
11099466.108313783333852 1547821.605628909999648
11099466.406894512500389 1547816.529667972500396
11099466.406894512500389 1547816.828253910000352
11099466.406894512500389 1547817.126839847500308
11099466.406894512500389 1547817.425425785000264
11099466.406894512500389 1547817.724011722500220
11099466.406894512500389 1547818.022597660000176
11099466.406894512500389 1547818.321183597500132
11099466.406894512500389 1547818.619769535000088
11099466.406894512500389 1547818.918355472500044
11099466.406894512500389 1547819.216941410000000
11099466.406894512500389 1547819.515527347499956
11099466.406894512500389 1547819.814113284999912
11099466.406894512500389 1547820.112699222499868
11099466.406894512500389 1547820.411285159999824
11099466.406894512500389 1547820.709871097499780
11099466.406894512500389 1547821.008457034999736
11099466.406894512500389 1547821.307042972499692
11099466.406894512500389 1547821.605628909999648
11099466.705475241666926 1547816.529667972500396
11099466.705475241666926 1547816.828253910000352
11099466.705475241666926 1547817.126839847500308
11099466.705475241666926 1547817.425425785000264
11099466.705475241666926 1547817.724011722500220
11099466.705475241666926 1547818.022597660000176
11099466.705475241666926 1547818.321183597500132
11099466.705475241666926 1547818.619769535000088
11099466.705475241666926 1547818.918355472500044
11099466.705475241666926 1547819.216941410000000
11099466.705475241666926 1547819.515527347499956
11099466.705475241666926 1547819.814113284999912
11099466.705475241666926 1547820.112699222499868
11099466.705475241666926 1547820.411285159999824
11099466.705475241666926 1547820.709871097499780
11099466.705475241666926 1547821.008457034999736
11099466.705475241666926 1547821.307042972499692
11099466.705475241666926 1547821.605628909999648
11099467.004055970833463 1547816.529667972500396
11099467.004055970833463 1547816.828253910000352
11099467.004055970833463 1547817.126839847500308
11099467.004055970833463 1547817.425425785000264
11099467.004055970833463 1547817.724011722500220
11099467.004055970833463 1547818.022597660000176
11099467.004055970833463 1547818.321183597500132
11099467.004055970833463 1547818.619769535000088
11099467.004055970833463 1547818.918355472500044
11099467.004055970833463 1547819.216941410000000
11099467.004055970833463 1547819.515527347499956
11099467.004055970833463 1547819.814113284999912
11099467.004055970833463 1547820.112699222499868
11099467.004055970833463 1547820.411285159999824
11099467.004055970833463 1547820.709871097499780
11099467.004055970833463 1547821.008457034999736
11099467.004055970833463 1547821.307042972499692
11099467.004055970833463 1547821.605628909999648
11099467.302636700000000 1547816.529667972500396
11099467.302636700000000 1547816.828253910000352
11099467.302636700000000 1547817.126839847500308
11099467.302636700000000 1547817.425425785000264
11099467.302636700000000 1547817.724011722500220
11099467.302636700000000 1547818.022597660000176
11099467.302636700000000 1547818.321183597500132
11099467.302636700000000 1547818.619769535000088
11099467.302636700000000 1547818.918355472500044
11099467.302636700000000 1547819.216941410000000
11099467.302636700000000 1547819.515527347499956
11099467.302636700000000 1547819.814113284999912
11099467.302636700000000 1547820.112699222499868
11099467.302636700000000 1547820.411285159999824
11099467.302636700000000 1547820.709871097499780
11099467.302636700000000 1547821.008457034999736
11099467.302636700000000 1547821.307042972499692
11099467.302636700000000 1547821.605628909999648
11099467.601217429166537 1547816.529667972500396
11099467.601217429166537 1547816.828253910000352
11099467.601217429166537 1547817.126839847500308
11099467.601217429166537 1547817.425425785000264
11099467.601217429166537 1547817.724011722500220
11099467.601217429166537 1547818.022597660000176
11099467.601217429166537 1547818.321183597500132
11099467.601217429166537 1547818.619769535000088
11099467.601217429166537 1547818.918355472500044
11099467.601217429166537 1547819.216941410000000
11099467.601217429166537 1547819.515527347499956
11099467.601217429166537 1547819.814113284999912
11099467.601217429166537 1547820.112699222499868
11099467.601217429166537 1547820.411285159999824
11099467.601217429166537 1547820.709871097499780
11099467.601217429166537 1547821.008457034999736
11099467.601217429166537 1547821.307042972499692
11099467.601217429166537 1547821.605628909999648
11099467.899798158333074 1547816.529667972500396
11099467.899798158333074 1547816.828253910000352
11099467.899798158333074 1547817.126839847500308
11099467.899798158333074 1547817.425425785000264
11099467.899798158333074 1547817.724011722500220
11099467.899798158333074 1547818.022597660000176
11099467.899798158333074 1547818.321183597500132
11099467.899798158333074 1547818.619769535000088
11099467.899798158333074 1547818.918355472500044
11099467.899798158333074 1547819.216941410000000
11099467.899798158333074 1547819.515527347499956
11099467.899798158333074 1547819.814113284999912
11099467.899798158333074 1547820.112699222499868
11099467.899798158333074 1547820.411285159999824
11099467.899798158333074 1547820.709871097499780
11099467.899798158333074 1547821.008457034999736
11099467.899798158333074 1547821.307042972499692
11099467.899798158333074 1547821.605628909999648
11099468.198378887499611 1547816.529667972500396
11099468.198378887499611 1547816.828253910000352
11099468.198378887499611 1547817.126839847500308
11099468.198378887499611 1547817.425425785000264
11099468.198378887499611 1547817.724011722500220
11099468.198378887499611 1547818.022597660000176
11099468.198378887499611 1547818.321183597500132
11099468.198378887499611 1547818.619769535000088
11099468.198378887499611 1547818.918355472500044
11099468.198378887499611 1547819.216941410000000
11099468.198378887499611 1547819.515527347499956
11099468.198378887499611 1547819.814113284999912
11099468.198378887499611 1547820.112699222499868
11099468.198378887499611 1547820.411285159999824
11099468.198378887499611 1547820.709871097499780
11099468.198378887499611 1547821.008457034999736
11099468.198378887499611 1547821.307042972499692
11099468.198378887499611 1547821.605628909999648
11099468.496959616666148 1547816.529667972500396
11099468.496959616666148 1547816.828253910000352
11099468.496959616666148 1547817.126839847500308
11099468.496959616666148 1547817.425425785000264
11099468.496959616666148 1547817.724011722500220
11099468.496959616666148 1547818.022597660000176
11099468.496959616666148 1547818.321183597500132
11099468.496959616666148 1547818.619769535000088
11099468.496959616666148 1547818.918355472500044
11099468.496959616666148 1547819.216941410000000
11099468.496959616666148 1547819.515527347499956
11099468.496959616666148 1547819.814113284999912
11099468.496959616666148 1547820.112699222499868
11099468.496959616666148 1547820.411285159999824
11099468.496959616666148 1547820.709871097499780
11099468.496959616666148 1547821.008457034999736
11099468.496959616666148 1547821.307042972499692
11099468.496959616666148 1547821.605628909999648
11099468.795540345832685 1547816.529667972500396
11099468.795540345832685 1547816.828253910000352
11099468.795540345832685 1547817.126839847500308
11099468.795540345832685 1547817.425425785000264
11099468.795540345832685 1547817.724011722500220
11099468.795540345832685 1547818.022597660000176
11099468.795540345832685 1547818.321183597500132
11099468.795540345832685 1547818.619769535000088
11099468.795540345832685 1547818.918355472500044
11099468.795540345832685 1547819.216941410000000
11099468.795540345832685 1547819.515527347499956
11099468.795540345832685 1547819.814113284999912
11099468.795540345832685 1547820.112699222499868
11099468.795540345832685 1547820.411285159999824
11099468.795540345832685 1547820.709871097499780
11099468.795540345832685 1547821.008457034999736
11099468.795540345832685 1547821.307042972499692
11099468.795540345832685 1547821.605628909999648
11099469.094121074999222 1547816.529667972500396
11099469.094121074999222 1547816.828253910000352
11099469.094121074999222 1547817.126839847500308
11099469.094121074999222 1547817.425425785000264
11099469.094121074999222 1547817.724011722500220
11099469.094121074999222 1547818.022597660000176
11099469.094121074999222 1547818.321183597500132
11099469.094121074999222 1547818.619769535000088
11099469.094121074999222 1547818.918355472500044
11099469.094121074999222 1547819.216941410000000
11099469.094121074999222 1547819.515527347499956
11099469.094121074999222 1547819.814113284999912
11099469.094121074999222 1547820.112699222499868
11099469.094121074999222 1547820.411285159999824
11099469.094121074999222 1547820.709871097499780
11099469.094121074999222 1547821.008457034999736
11099469.094121074999222 1547821.307042972499692
11099469.094121074999222 1547821.605628909999648
11099469.392701804165759 1547816.529667972500396
11099469.392701804165759 1547816.828253910000352
11099469.392701804165759 1547817.126839847500308
11099469.392701804165759 1547817.425425785000264
11099469.392701804165759 1547817.724011722500220
11099469.392701804165759 1547818.022597660000176
11099469.392701804165759 1547818.321183597500132
11099469.392701804165759 1547818.619769535000088
11099469.392701804165759 1547818.918355472500044
11099469.392701804165759 1547819.216941410000000
11099469.392701804165759 1547819.515527347499956
11099469.392701804165759 1547819.814113284999912
11099469.392701804165759 1547820.112699222499868
11099469.392701804165759 1547820.411285159999824
11099469.392701804165759 1547820.709871097499780
11099469.392701804165759 1547821.008457034999736
11099469.392701804165759 1547821.307042972499692
11099469.392701804165759 1547821.605628909999648
11099469.691282533332296 1547816.529667972500396
11099469.691282533332296 1547816.828253910000352
11099469.691282533332296 1547817.126839847500308
11099469.691282533332296 1547817.425425785000264
11099469.691282533332296 1547817.724011722500220
11099469.691282533332296 1547818.022597660000176
11099469.691282533332296 1547818.321183597500132
11099469.691282533332296 1547818.619769535000088
11099469.691282533332296 1547818.918355472500044
11099469.691282533332296 1547819.216941410000000
11099469.691282533332296 1547819.515527347499956
11099469.691282533332296 1547819.814113284999912
11099469.691282533332296 1547820.112699222499868
11099469.691282533332296 1547820.411285159999824
11099469.691282533332296 1547820.709871097499780
11099469.691282533332296 1547821.008457034999736
11099469.691282533332296 1547821.307042972499692
11099469.691282533332296 1547821.605628909999648
