11099149.911321637501167 1547815.335324222500396
11099149.911321637501167 1547815.633910160000352
11099149.911321637501167 1547815.932496097500308
11099149.911321637501167 1547816.231082035000264
11099149.911321637501167 1547816.529667972500220
11099149.911321637501167 1547816.828253910000176
11099149.911321637501167 1547817.126839847500132
11099149.911321637501167 1547817.425425785000088
11099149.911321637501167 1547817.724011722500044
11099149.911321637501167 1547818.022597660000000
11099149.911321637501167 1547818.321183597499956
11099149.911321637501167 1547818.619769534999912
11099149.911321637501167 1547818.918355472499868
11099149.911321637501167 1547819.216941409999824
11099149.911321637501167 1547819.515527347499780
11099149.911321637501167 1547819.814113284999736
11099149.911321637501167 1547820.112699222499692
11099149.911321637501167 1547820.411285159999648
11099150.209902366667704 1547815.335324222500396
11099150.209902366667704 1547815.633910160000352
11099150.209902366667704 1547815.932496097500308
11099150.209902366667704 1547816.231082035000264
11099150.209902366667704 1547816.529667972500220
11099150.209902366667704 1547816.828253910000176
11099150.209902366667704 1547817.126839847500132
11099150.209902366667704 1547817.425425785000088
11099150.209902366667704 1547817.724011722500044
11099150.209902366667704 1547818.022597660000000
11099150.209902366667704 1547818.321183597499956
11099150.209902366667704 1547818.619769534999912
11099150.209902366667704 1547818.918355472499868
11099150.209902366667704 1547819.216941409999824
11099150.209902366667704 1547819.515527347499780
11099150.209902366667704 1547819.814113284999736
11099150.209902366667704 1547820.112699222499692
11099150.209902366667704 1547820.411285159999648
11099150.508483095834241 1547815.335324222500396
11099150.508483095834241 1547815.633910160000352
11099150.508483095834241 1547815.932496097500308
11099150.508483095834241 1547816.231082035000264
11099150.508483095834241 1547816.529667972500220
11099150.508483095834241 1547816.828253910000176
11099150.508483095834241 1547817.126839847500132
11099150.508483095834241 1547817.425425785000088
11099150.508483095834241 1547817.724011722500044
11099150.508483095834241 1547818.022597660000000
11099150.508483095834241 1547818.321183597499956
11099150.508483095834241 1547818.619769534999912
11099150.508483095834241 1547818.918355472499868
11099150.508483095834241 1547819.216941409999824
11099150.508483095834241 1547819.515527347499780
11099150.508483095834241 1547819.814113284999736
11099150.508483095834241 1547820.112699222499692
11099150.508483095834241 1547820.411285159999648
11099150.807063825000778 1547815.335324222500396
11099150.807063825000778 1547815.633910160000352
11099150.807063825000778 1547815.932496097500308
11099150.807063825000778 1547816.231082035000264
11099150.807063825000778 1547816.529667972500220
11099150.807063825000778 1547816.828253910000176
11099150.807063825000778 1547817.126839847500132
11099150.807063825000778 1547817.425425785000088
11099150.807063825000778 1547817.724011722500044
11099150.807063825000778 1547818.022597660000000
11099150.807063825000778 1547818.321183597499956
11099150.807063825000778 1547818.619769534999912
11099150.807063825000778 1547818.918355472499868
11099150.807063825000778 1547819.216941409999824
11099150.807063825000778 1547819.515527347499780
11099150.807063825000778 1547819.814113284999736
11099150.807063825000778 1547820.112699222499692
11099150.807063825000778 1547820.411285159999648
11099151.105644554167315 1547815.335324222500396
11099151.105644554167315 1547815.633910160000352
11099151.105644554167315 1547815.932496097500308
11099151.105644554167315 1547816.231082035000264
11099151.105644554167315 1547816.529667972500220
11099151.105644554167315 1547816.828253910000176
11099151.105644554167315 1547817.126839847500132
11099151.105644554167315 1547817.425425785000088
11099151.105644554167315 1547817.724011722500044
11099151.105644554167315 1547818.022597660000000
11099151.105644554167315 1547818.321183597499956
11099151.105644554167315 1547818.619769534999912
11099151.105644554167315 1547818.918355472499868
11099151.105644554167315 1547819.216941409999824
11099151.105644554167315 1547819.515527347499780
11099151.105644554167315 1547819.814113284999736
11099151.105644554167315 1547820.112699222499692
11099151.105644554167315 1547820.411285159999648
11099151.404225283333852 1547815.335324222500396
11099151.404225283333852 1547815.633910160000352
11099151.404225283333852 1547815.932496097500308
11099151.404225283333852 1547816.231082035000264
11099151.404225283333852 1547816.529667972500220
11099151.404225283333852 1547816.828253910000176
11099151.404225283333852 1547817.126839847500132
11099151.404225283333852 1547817.425425785000088
11099151.404225283333852 1547817.724011722500044
11099151.404225283333852 1547818.022597660000000
11099151.404225283333852 1547818.321183597499956
11099151.404225283333852 1547818.619769534999912
11099151.404225283333852 1547818.918355472499868
11099151.404225283333852 1547819.216941409999824
11099151.404225283333852 1547819.515527347499780
11099151.404225283333852 1547819.814113284999736
11099151.404225283333852 1547820.112699222499692
11099151.404225283333852 1547820.411285159999648
11099151.702806012500389 1547815.335324222500396
11099151.702806012500389 1547815.633910160000352
11099151.702806012500389 1547815.932496097500308
11099151.702806012500389 1547816.231082035000264
11099151.702806012500389 1547816.529667972500220
11099151.702806012500389 1547816.828253910000176
11099151.702806012500389 1547817.126839847500132
11099151.702806012500389 1547817.425425785000088
11099151.702806012500389 1547817.724011722500044
11099151.702806012500389 1547818.022597660000000
11099151.702806012500389 1547818.321183597499956
11099151.702806012500389 1547818.619769534999912
11099151.702806012500389 1547818.918355472499868
11099151.702806012500389 1547819.216941409999824
11099151.702806012500389 1547819.515527347499780
11099151.702806012500389 1547819.814113284999736
11099151.702806012500389 1547820.112699222499692
11099151.702806012500389 1547820.411285159999648
11099152.001386741666926 1547815.335324222500396
11099152.001386741666926 1547815.633910160000352
11099152.001386741666926 1547815.932496097500308
11099152.001386741666926 1547816.231082035000264
11099152.001386741666926 1547816.529667972500220
11099152.001386741666926 1547816.828253910000176
11099152.001386741666926 1547817.126839847500132
11099152.001386741666926 1547817.425425785000088
11099152.001386741666926 1547817.724011722500044
11099152.001386741666926 1547818.022597660000000
11099152.001386741666926 1547818.321183597499956
11099152.001386741666926 1547818.619769534999912
11099152.001386741666926 1547818.918355472499868
11099152.001386741666926 1547819.216941409999824
11099152.001386741666926 1547819.515527347499780
11099152.001386741666926 1547819.814113284999736
11099152.001386741666926 1547820.112699222499692
11099152.001386741666926 1547820.411285159999648
11099152.299967470833463 1547815.335324222500396
11099152.299967470833463 1547815.633910160000352
11099152.299967470833463 1547815.932496097500308
11099152.299967470833463 1547816.231082035000264
11099152.299967470833463 1547816.529667972500220
11099152.299967470833463 1547816.828253910000176
11099152.299967470833463 1547817.126839847500132
11099152.299967470833463 1547817.425425785000088
11099152.299967470833463 1547817.724011722500044
11099152.299967470833463 1547818.022597660000000
11099152.299967470833463 1547818.321183597499956
11099152.299967470833463 1547818.619769534999912
11099152.299967470833463 1547818.918355472499868
11099152.299967470833463 1547819.216941409999824
11099152.299967470833463 1547819.515527347499780
11099152.299967470833463 1547819.814113284999736
11099152.299967470833463 1547820.112699222499692
11099152.299967470833463 1547820.411285159999648
11099152.598548200000000 1547815.335324222500396
11099152.598548200000000 1547815.633910160000352
11099152.598548200000000 1547815.932496097500308
11099152.598548200000000 1547816.231082035000264
11099152.598548200000000 1547816.529667972500220
11099152.598548200000000 1547816.828253910000176
11099152.598548200000000 1547817.126839847500132
11099152.598548200000000 1547817.425425785000088
11099152.598548200000000 1547817.724011722500044
11099152.598548200000000 1547818.022597660000000
11099152.598548200000000 1547818.321183597499956
11099152.598548200000000 1547818.619769534999912
11099152.598548200000000 1547818.918355472499868
11099152.598548200000000 1547819.216941409999824
11099152.598548200000000 1547819.515527347499780
11099152.598548200000000 1547819.814113284999736
11099152.598548200000000 1547820.112699222499692
11099152.598548200000000 1547820.411285159999648
11099152.897128929166537 1547815.335324222500396
11099152.897128929166537 1547815.633910160000352
11099152.897128929166537 1547815.932496097500308
11099152.897128929166537 1547816.231082035000264
11099152.897128929166537 1547816.529667972500220
11099152.897128929166537 1547816.828253910000176
11099152.897128929166537 1547817.126839847500132
11099152.897128929166537 1547817.425425785000088
11099152.897128929166537 1547817.724011722500044
11099152.897128929166537 1547818.022597660000000
11099152.897128929166537 1547818.321183597499956
11099152.897128929166537 1547818.619769534999912
11099152.897128929166537 1547818.918355472499868
11099152.897128929166537 1547819.216941409999824
11099152.897128929166537 1547819.515527347499780
11099152.897128929166537 1547819.814113284999736
11099152.897128929166537 1547820.112699222499692
11099152.897128929166537 1547820.411285159999648
11099153.195709658333074 1547815.335324222500396
11099153.195709658333074 1547815.633910160000352
11099153.195709658333074 1547815.932496097500308
11099153.195709658333074 1547816.231082035000264
11099153.195709658333074 1547816.529667972500220
11099153.195709658333074 1547816.828253910000176
11099153.195709658333074 1547817.126839847500132
11099153.195709658333074 1547817.425425785000088
11099153.195709658333074 1547817.724011722500044
11099153.195709658333074 1547818.022597660000000
11099153.195709658333074 1547818.321183597499956
11099153.195709658333074 1547818.619769534999912
11099153.195709658333074 1547818.918355472499868
11099153.195709658333074 1547819.216941409999824
11099153.195709658333074 1547819.515527347499780
11099153.195709658333074 1547819.814113284999736
11099153.195709658333074 1547820.112699222499692
11099153.195709658333074 1547820.411285159999648
11099153.494290387499611 1547815.335324222500396
11099153.494290387499611 1547815.633910160000352
11099153.494290387499611 1547815.932496097500308
11099153.494290387499611 1547816.231082035000264
11099153.494290387499611 1547816.529667972500220
11099153.494290387499611 1547816.828253910000176
11099153.494290387499611 1547817.126839847500132
11099153.494290387499611 1547817.425425785000088
11099153.494290387499611 1547817.724011722500044
11099153.494290387499611 1547818.022597660000000
11099153.494290387499611 1547818.321183597499956
11099153.494290387499611 1547818.619769534999912
11099153.494290387499611 1547818.918355472499868
11099153.494290387499611 1547819.216941409999824
11099153.494290387499611 1547819.515527347499780
11099153.494290387499611 1547819.814113284999736
11099153.494290387499611 1547820.112699222499692
11099153.494290387499611 1547820.411285159999648
11099153.792871116666148 1547815.335324222500396
11099153.792871116666148 1547815.633910160000352
11099153.792871116666148 1547815.932496097500308
11099153.792871116666148 1547816.231082035000264
11099153.792871116666148 1547816.529667972500220
11099153.792871116666148 1547816.828253910000176
11099153.792871116666148 1547817.126839847500132
11099153.792871116666148 1547817.425425785000088
11099153.792871116666148 1547817.724011722500044
11099153.792871116666148 1547818.022597660000000
11099153.792871116666148 1547818.321183597499956
11099153.792871116666148 1547818.619769534999912
11099153.792871116666148 1547818.918355472499868
11099153.792871116666148 1547819.216941409999824
11099153.792871116666148 1547819.515527347499780
11099153.792871116666148 1547819.814113284999736
11099153.792871116666148 1547820.112699222499692
11099153.792871116666148 1547820.411285159999648
11099154.091451845832685 1547815.335324222500396
11099154.091451845832685 1547815.633910160000352
11099154.091451845832685 1547815.932496097500308
11099154.091451845832685 1547816.231082035000264
11099154.091451845832685 1547816.529667972500220
11099154.091451845832685 1547816.828253910000176
11099154.091451845832685 1547817.126839847500132
11099154.091451845832685 1547817.425425785000088
11099154.091451845832685 1547817.724011722500044
11099154.091451845832685 1547818.022597660000000
11099154.091451845832685 1547818.321183597499956
11099154.091451845832685 1547818.619769534999912
11099154.091451845832685 1547818.918355472499868
11099154.091451845832685 1547819.216941409999824
11099154.091451845832685 1547819.515527347499780
11099154.091451845832685 1547819.814113284999736
11099154.091451845832685 1547820.112699222499692
11099154.091451845832685 1547820.411285159999648
11099154.390032574999222 1547815.335324222500396
11099154.390032574999222 1547815.633910160000352
11099154.390032574999222 1547815.932496097500308
11099154.390032574999222 1547816.231082035000264
11099154.390032574999222 1547816.529667972500220
11099154.390032574999222 1547816.828253910000176
11099154.390032574999222 1547817.126839847500132
11099154.390032574999222 1547817.425425785000088
11099154.390032574999222 1547817.724011722500044
11099154.390032574999222 1547818.022597660000000
11099154.390032574999222 1547818.321183597499956
11099154.390032574999222 1547818.619769534999912
11099154.390032574999222 1547818.918355472499868
11099154.390032574999222 1547819.216941409999824
11099154.390032574999222 1547819.515527347499780
11099154.390032574999222 1547819.814113284999736
11099154.390032574999222 1547820.112699222499692
11099154.390032574999222 1547820.411285159999648
11099154.688613304165759 1547815.335324222500396
11099154.688613304165759 1547815.633910160000352
11099154.688613304165759 1547815.932496097500308
11099154.688613304165759 1547816.231082035000264
11099154.688613304165759 1547816.529667972500220
11099154.688613304165759 1547816.828253910000176
11099154.688613304165759 1547817.126839847500132
11099154.688613304165759 1547817.425425785000088
11099154.688613304165759 1547817.724011722500044
11099154.688613304165759 1547818.022597660000000
11099154.688613304165759 1547818.321183597499956
11099154.688613304165759 1547818.619769534999912
11099154.688613304165759 1547818.918355472499868
11099154.688613304165759 1547819.216941409999824
11099154.688613304165759 1547819.515527347499780
11099154.688613304165759 1547819.814113284999736
11099154.688613304165759 1547820.112699222499692
11099154.688613304165759 1547820.411285159999648
11099154.987194033332296 1547815.335324222500396
11099154.987194033332296 1547815.633910160000352
11099154.987194033332296 1547815.932496097500308
11099154.987194033332296 1547816.231082035000264
11099154.987194033332296 1547816.529667972500220
11099154.987194033332296 1547816.828253910000176
11099154.987194033332296 1547817.126839847500132
11099154.987194033332296 1547817.425425785000088
11099154.987194033332296 1547817.724011722500044
11099154.987194033332296 1547818.022597660000000
11099154.987194033332296 1547818.321183597499956
11099154.987194033332296 1547818.619769534999912
11099154.987194033332296 1547818.918355472499868
11099154.987194033332296 1547819.216941409999824
11099154.987194033332296 1547819.515527347499780
11099154.987194033332296 1547819.814113284999736
11099154.987194033332296 1547820.112699222499692
11099154.987194033332296 1547820.411285159999648
