11099444.909082037501167 1547850.269878902500396
11099444.909082037501167 1547850.568464840000352
11099444.909082037501167 1547850.867050777500308
11099444.909082037501167 1547851.165636715000264
11099444.909082037501167 1547851.464222652500220
11099444.909082037501167 1547851.762808590000176
11099444.909082037501167 1547852.061394527500132
11099444.909082037501167 1547852.359980465000088
11099444.909082037501167 1547852.658566402500044
11099444.909082037501167 1547852.957152340000000
11099444.909082037501167 1547853.255738277499956
11099444.909082037501167 1547853.554324214999912
11099444.909082037501167 1547853.852910152499868
11099444.909082037501167 1547854.151496089999824
11099444.909082037501167 1547854.450082027499780
11099444.909082037501167 1547854.748667964999736
11099444.909082037501167 1547855.047253902499692
11099444.909082037501167 1547855.345839839999648
11099445.207662766667704 1547850.269878902500396
11099445.207662766667704 1547850.568464840000352
11099445.207662766667704 1547850.867050777500308
11099445.207662766667704 1547851.165636715000264
11099445.207662766667704 1547851.464222652500220
11099445.207662766667704 1547851.762808590000176
11099445.207662766667704 1547852.061394527500132
11099445.207662766667704 1547852.359980465000088
11099445.207662766667704 1547852.658566402500044
11099445.207662766667704 1547852.957152340000000
11099445.207662766667704 1547853.255738277499956
11099445.207662766667704 1547853.554324214999912
11099445.207662766667704 1547853.852910152499868
11099445.207662766667704 1547854.151496089999824
11099445.207662766667704 1547854.450082027499780
11099445.207662766667704 1547854.748667964999736
11099445.207662766667704 1547855.047253902499692
11099445.207662766667704 1547855.345839839999648
11099445.506243495834241 1547850.269878902500396
11099445.506243495834241 1547850.568464840000352
11099445.506243495834241 1547850.867050777500308
11099445.506243495834241 1547851.165636715000264
11099445.506243495834241 1547851.464222652500220
11099445.506243495834241 1547851.762808590000176
11099445.506243495834241 1547852.061394527500132
11099445.506243495834241 1547852.359980465000088
11099445.506243495834241 1547852.658566402500044
11099445.506243495834241 1547852.957152340000000
11099445.506243495834241 1547853.255738277499956
11099445.506243495834241 1547853.554324214999912
11099445.506243495834241 1547853.852910152499868
11099445.506243495834241 1547854.151496089999824
11099445.506243495834241 1547854.450082027499780
11099445.506243495834241 1547854.748667964999736
11099445.506243495834241 1547855.047253902499692
11099445.506243495834241 1547855.345839839999648
11099445.804824225000778 1547850.269878902500396
11099445.804824225000778 1547850.568464840000352
11099445.804824225000778 1547850.867050777500308
11099445.804824225000778 1547851.165636715000264
11099445.804824225000778 1547851.464222652500220
11099445.804824225000778 1547851.762808590000176
11099445.804824225000778 1547852.061394527500132
11099445.804824225000778 1547852.359980465000088
11099445.804824225000778 1547852.658566402500044
11099445.804824225000778 1547852.957152340000000
11099445.804824225000778 1547853.255738277499956
11099445.804824225000778 1547853.554324214999912
11099445.804824225000778 1547853.852910152499868
11099445.804824225000778 1547854.151496089999824
11099445.804824225000778 1547854.450082027499780
11099445.804824225000778 1547854.748667964999736
11099445.804824225000778 1547855.047253902499692
11099445.804824225000778 1547855.345839839999648
11099446.103404954167315 1547850.269878902500396
11099446.103404954167315 1547850.568464840000352
11099446.103404954167315 1547850.867050777500308
11099446.103404954167315 1547851.165636715000264
11099446.103404954167315 1547851.464222652500220
11099446.103404954167315 1547851.762808590000176
11099446.103404954167315 1547852.061394527500132
11099446.103404954167315 1547852.359980465000088
11099446.103404954167315 1547852.658566402500044
11099446.103404954167315 1547852.957152340000000
11099446.103404954167315 1547853.255738277499956
11099446.103404954167315 1547853.554324214999912
11099446.103404954167315 1547853.852910152499868
11099446.103404954167315 1547854.151496089999824
11099446.103404954167315 1547854.450082027499780
11099446.103404954167315 1547854.748667964999736
11099446.103404954167315 1547855.047253902499692
11099446.103404954167315 1547855.345839839999648
11099446.401985683333852 1547850.269878902500396
11099446.401985683333852 1547850.568464840000352
11099446.401985683333852 1547850.867050777500308
11099446.401985683333852 1547851.165636715000264
11099446.401985683333852 1547851.464222652500220
11099446.401985683333852 1547851.762808590000176
11099446.401985683333852 1547852.061394527500132
11099446.401985683333852 1547852.359980465000088
11099446.401985683333852 1547852.658566402500044
11099446.401985683333852 1547852.957152340000000
11099446.401985683333852 1547853.255738277499956
11099446.401985683333852 1547853.554324214999912
11099446.401985683333852 1547853.852910152499868
11099446.401985683333852 1547854.151496089999824
11099446.401985683333852 1547854.450082027499780
11099446.401985683333852 1547854.748667964999736
11099446.401985683333852 1547855.047253902499692
11099446.401985683333852 1547855.345839839999648
11099446.700566412500389 1547850.269878902500396
11099446.700566412500389 1547850.568464840000352
11099446.700566412500389 1547850.867050777500308
11099446.700566412500389 1547851.165636715000264
11099446.700566412500389 1547851.464222652500220
11099446.700566412500389 1547851.762808590000176
11099446.700566412500389 1547852.061394527500132
11099446.700566412500389 1547852.359980465000088
11099446.700566412500389 1547852.658566402500044
11099446.700566412500389 1547852.957152340000000
11099446.700566412500389 1547853.255738277499956
11099446.700566412500389 1547853.554324214999912
11099446.700566412500389 1547853.852910152499868
11099446.700566412500389 1547854.151496089999824
11099446.700566412500389 1547854.450082027499780
11099446.700566412500389 1547854.748667964999736
11099446.700566412500389 1547855.047253902499692
11099446.700566412500389 1547855.345839839999648
11099446.999147141666926 1547850.269878902500396
11099446.999147141666926 1547850.568464840000352
11099446.999147141666926 1547850.867050777500308
11099446.999147141666926 1547851.165636715000264
11099446.999147141666926 1547851.464222652500220
11099446.999147141666926 1547851.762808590000176
11099446.999147141666926 1547852.061394527500132
11099446.999147141666926 1547852.359980465000088
11099446.999147141666926 1547852.658566402500044
11099446.999147141666926 1547852.957152340000000
11099446.999147141666926 1547853.255738277499956
11099446.999147141666926 1547853.554324214999912
11099446.999147141666926 1547853.852910152499868
11099446.999147141666926 1547854.151496089999824
11099446.999147141666926 1547854.450082027499780
11099446.999147141666926 1547854.748667964999736
11099446.999147141666926 1547855.047253902499692
11099446.999147141666926 1547855.345839839999648
11099447.297727870833463 1547850.269878902500396
11099447.297727870833463 1547850.568464840000352
11099447.297727870833463 1547850.867050777500308
11099447.297727870833463 1547851.165636715000264
11099447.297727870833463 1547851.464222652500220
11099447.297727870833463 1547851.762808590000176
11099447.297727870833463 1547852.061394527500132
11099447.297727870833463 1547852.359980465000088
11099447.297727870833463 1547852.658566402500044
11099447.297727870833463 1547852.957152340000000
11099447.297727870833463 1547853.255738277499956
11099447.297727870833463 1547853.554324214999912
11099447.297727870833463 1547853.852910152499868
11099447.297727870833463 1547854.151496089999824
11099447.297727870833463 1547854.450082027499780
11099447.297727870833463 1547854.748667964999736
11099447.297727870833463 1547855.047253902499692
11099447.297727870833463 1547855.345839839999648
11099447.596308600000000 1547850.269878902500396
11099447.596308600000000 1547850.568464840000352
11099447.596308600000000 1547850.867050777500308
11099447.596308600000000 1547851.165636715000264
11099447.596308600000000 1547851.464222652500220
11099447.596308600000000 1547851.762808590000176
11099447.596308600000000 1547852.061394527500132
11099447.596308600000000 1547852.359980465000088
11099447.596308600000000 1547852.658566402500044
11099447.596308600000000 1547852.957152340000000
11099447.596308600000000 1547853.255738277499956
11099447.596308600000000 1547853.554324214999912
11099447.596308600000000 1547853.852910152499868
11099447.596308600000000 1547854.151496089999824
11099447.596308600000000 1547854.450082027499780
11099447.596308600000000 1547854.748667964999736
11099447.596308600000000 1547855.047253902499692
11099447.596308600000000 1547855.345839839999648
11099447.894889329166537 1547850.269878902500396
11099447.894889329166537 1547850.568464840000352
11099447.894889329166537 1547850.867050777500308
11099447.894889329166537 1547851.165636715000264
11099447.894889329166537 1547851.464222652500220
11099447.894889329166537 1547851.762808590000176
11099447.894889329166537 1547852.061394527500132
11099447.894889329166537 1547852.359980465000088
11099447.894889329166537 1547852.658566402500044
11099447.894889329166537 1547852.957152340000000
11099447.894889329166537 1547853.255738277499956
11099447.894889329166537 1547853.554324214999912
11099447.894889329166537 1547853.852910152499868
11099447.894889329166537 1547854.151496089999824
11099447.894889329166537 1547854.450082027499780
11099447.894889329166537 1547854.748667964999736
11099447.894889329166537 1547855.047253902499692
11099447.894889329166537 1547855.345839839999648
11099448.193470058333074 1547850.269878902500396
11099448.193470058333074 1547850.568464840000352
11099448.193470058333074 1547850.867050777500308
11099448.193470058333074 1547851.165636715000264
11099448.193470058333074 1547851.464222652500220
11099448.193470058333074 1547851.762808590000176
11099448.193470058333074 1547852.061394527500132
11099448.193470058333074 1547852.359980465000088
11099448.193470058333074 1547852.658566402500044
11099448.193470058333074 1547852.957152340000000
11099448.193470058333074 1547853.255738277499956
11099448.193470058333074 1547853.554324214999912
11099448.193470058333074 1547853.852910152499868
11099448.193470058333074 1547854.151496089999824
11099448.193470058333074 1547854.450082027499780
11099448.193470058333074 1547854.748667964999736
11099448.193470058333074 1547855.047253902499692
11099448.193470058333074 1547855.345839839999648
11099448.492050787499611 1547850.269878902500396
11099448.492050787499611 1547850.568464840000352
11099448.492050787499611 1547850.867050777500308
11099448.492050787499611 1547851.165636715000264
11099448.492050787499611 1547851.464222652500220
11099448.492050787499611 1547851.762808590000176
11099448.492050787499611 1547852.061394527500132
11099448.492050787499611 1547852.359980465000088
11099448.492050787499611 1547852.658566402500044
11099448.492050787499611 1547852.957152340000000
11099448.492050787499611 1547853.255738277499956
11099448.492050787499611 1547853.554324214999912
11099448.492050787499611 1547853.852910152499868
11099448.492050787499611 1547854.151496089999824
11099448.492050787499611 1547854.450082027499780
11099448.492050787499611 1547854.748667964999736
11099448.492050787499611 1547855.047253902499692
11099448.492050787499611 1547855.345839839999648
11099448.790631516666148 1547850.269878902500396
11099448.790631516666148 1547850.568464840000352
11099448.790631516666148 1547850.867050777500308
11099448.790631516666148 1547851.165636715000264
11099448.790631516666148 1547851.464222652500220
11099448.790631516666148 1547851.762808590000176
11099448.790631516666148 1547852.061394527500132
11099448.790631516666148 1547852.359980465000088
11099448.790631516666148 1547852.658566402500044
11099448.790631516666148 1547852.957152340000000
11099448.790631516666148 1547853.255738277499956
11099448.790631516666148 1547853.554324214999912
11099448.790631516666148 1547853.852910152499868
11099448.790631516666148 1547854.151496089999824
11099448.790631516666148 1547854.450082027499780
11099448.790631516666148 1547854.748667964999736
11099448.790631516666148 1547855.047253902499692
11099448.790631516666148 1547855.345839839999648
11099449.089212245832685 1547850.269878902500396
11099449.089212245832685 1547850.568464840000352
11099449.089212245832685 1547850.867050777500308
11099449.089212245832685 1547851.165636715000264
11099449.089212245832685 1547851.464222652500220
11099449.089212245832685 1547851.762808590000176
11099449.089212245832685 1547852.061394527500132
11099449.089212245832685 1547852.359980465000088
11099449.089212245832685 1547852.658566402500044
11099449.089212245832685 1547852.957152340000000
11099449.089212245832685 1547853.255738277499956
11099449.089212245832685 1547853.554324214999912
11099449.089212245832685 1547853.852910152499868
11099449.089212245832685 1547854.151496089999824
11099449.089212245832685 1547854.450082027499780
11099449.089212245832685 1547854.748667964999736
11099449.089212245832685 1547855.047253902499692
11099449.089212245832685 1547855.345839839999648
11099449.387792974999222 1547850.269878902500396
11099449.387792974999222 1547850.568464840000352
11099449.387792974999222 1547850.867050777500308
11099449.387792974999222 1547851.165636715000264
11099449.387792974999222 1547851.464222652500220
11099449.387792974999222 1547851.762808590000176
11099449.387792974999222 1547852.061394527500132
11099449.387792974999222 1547852.359980465000088
11099449.387792974999222 1547852.658566402500044
11099449.387792974999222 1547852.957152340000000
11099449.387792974999222 1547853.255738277499956
11099449.387792974999222 1547853.554324214999912
11099449.387792974999222 1547853.852910152499868
11099449.387792974999222 1547854.151496089999824
11099449.387792974999222 1547854.450082027499780
11099449.387792974999222 1547854.748667964999736
11099449.387792974999222 1547855.047253902499692
11099449.387792974999222 1547855.345839839999648
11099449.686373704165759 1547850.269878902500396
11099449.686373704165759 1547850.568464840000352
11099449.686373704165759 1547850.867050777500308
11099449.686373704165759 1547851.165636715000264
11099449.686373704165759 1547851.464222652500220
11099449.686373704165759 1547851.762808590000176
11099449.686373704165759 1547852.061394527500132
11099449.686373704165759 1547852.359980465000088
11099449.686373704165759 1547852.658566402500044
11099449.686373704165759 1547852.957152340000000
11099449.686373704165759 1547853.255738277499956
11099449.686373704165759 1547853.554324214999912
11099449.686373704165759 1547853.852910152499868
11099449.686373704165759 1547854.151496089999824
11099449.686373704165759 1547854.450082027499780
11099449.686373704165759 1547854.748667964999736
11099449.686373704165759 1547855.047253902499692
11099449.686373704165759 1547855.345839839999648
11099449.984954433332296 1547850.269878902500396
11099449.984954433332296 1547850.568464840000352
11099449.984954433332296 1547850.867050777500308
11099449.984954433332296 1547851.165636715000264
11099449.984954433332296 1547851.464222652500220
11099449.984954433332296 1547851.762808590000176
11099449.984954433332296 1547852.061394527500132
11099449.984954433332296 1547852.359980465000088
11099449.984954433332296 1547852.658566402500044
11099449.984954433332296 1547852.957152340000000
11099449.984954433332296 1547853.255738277499956
11099449.984954433332296 1547853.554324214999912
11099449.984954433332296 1547853.852910152499868
11099449.984954433332296 1547854.151496089999824
11099449.984954433332296 1547854.450082027499780
11099449.984954433332296 1547854.748667964999736
11099449.984954433332296 1547855.047253902499692
11099449.984954433332296 1547855.345839839999648
