11099177.679329437501167 1547649.321542972500396
11099177.679329437501167 1547649.620128910000352
11099177.679329437501167 1547649.918714847500308
11099177.679329437501167 1547650.217300785000264
11099177.679329437501167 1547650.515886722500220
11099177.679329437501167 1547650.814472660000176
11099177.679329437501167 1547651.113058597500132
11099177.679329437501167 1547651.411644535000088
11099177.679329437501167 1547651.710230472500044
11099177.679329437501167 1547652.008816410000000
11099177.679329437501167 1547652.307402347499956
11099177.679329437501167 1547652.605988284999912
11099177.679329437501167 1547652.904574222499868
11099177.679329437501167 1547653.203160159999824
11099177.679329437501167 1547653.501746097499780
11099177.679329437501167 1547653.800332034999736
11099177.679329437501167 1547654.098917972499692
11099177.679329437501167 1547654.397503909999648
11099177.977910166667704 1547649.321542972500396
11099177.977910166667704 1547649.620128910000352
11099177.977910166667704 1547649.918714847500308
11099177.977910166667704 1547650.217300785000264
11099177.977910166667704 1547650.515886722500220
11099177.977910166667704 1547650.814472660000176
11099177.977910166667704 1547651.113058597500132
11099177.977910166667704 1547651.411644535000088
11099177.977910166667704 1547651.710230472500044
11099177.977910166667704 1547652.008816410000000
11099177.977910166667704 1547652.307402347499956
11099177.977910166667704 1547652.605988284999912
11099177.977910166667704 1547652.904574222499868
11099177.977910166667704 1547653.203160159999824
11099177.977910166667704 1547653.501746097499780
11099177.977910166667704 1547653.800332034999736
11099177.977910166667704 1547654.098917972499692
11099177.977910166667704 1547654.397503909999648
11099178.276490895834241 1547649.321542972500396
11099178.276490895834241 1547649.620128910000352
11099178.276490895834241 1547649.918714847500308
11099178.276490895834241 1547650.217300785000264
11099178.276490895834241 1547650.515886722500220
11099178.276490895834241 1547650.814472660000176
11099178.276490895834241 1547651.113058597500132
11099178.276490895834241 1547651.411644535000088
11099178.276490895834241 1547651.710230472500044
11099178.276490895834241 1547652.008816410000000
11099178.276490895834241 1547652.307402347499956
11099178.276490895834241 1547652.605988284999912
11099178.276490895834241 1547652.904574222499868
11099178.276490895834241 1547653.203160159999824
11099178.276490895834241 1547653.501746097499780
11099178.276490895834241 1547653.800332034999736
11099178.276490895834241 1547654.098917972499692
11099178.276490895834241 1547654.397503909999648
11099178.575071625000778 1547649.321542972500396
11099178.575071625000778 1547649.620128910000352
11099178.575071625000778 1547649.918714847500308
11099178.575071625000778 1547650.217300785000264
11099178.575071625000778 1547650.515886722500220
11099178.575071625000778 1547650.814472660000176
11099178.575071625000778 1547651.113058597500132
11099178.575071625000778 1547651.411644535000088
11099178.575071625000778 1547651.710230472500044
11099178.575071625000778 1547652.008816410000000
11099178.575071625000778 1547652.307402347499956
11099178.575071625000778 1547652.605988284999912
11099178.575071625000778 1547652.904574222499868
11099178.575071625000778 1547653.203160159999824
11099178.575071625000778 1547653.501746097499780
11099178.575071625000778 1547653.800332034999736
11099178.575071625000778 1547654.098917972499692
11099178.575071625000778 1547654.397503909999648
11099178.873652354167315 1547649.321542972500396
11099178.873652354167315 1547649.620128910000352
11099178.873652354167315 1547649.918714847500308
11099178.873652354167315 1547650.217300785000264
11099178.873652354167315 1547650.515886722500220
11099178.873652354167315 1547650.814472660000176
11099178.873652354167315 1547651.113058597500132
11099178.873652354167315 1547651.411644535000088
11099178.873652354167315 1547651.710230472500044
11099178.873652354167315 1547652.008816410000000
11099178.873652354167315 1547652.307402347499956
11099178.873652354167315 1547652.605988284999912
11099178.873652354167315 1547652.904574222499868
11099178.873652354167315 1547653.203160159999824
11099178.873652354167315 1547653.501746097499780
11099178.873652354167315 1547653.800332034999736
11099178.873652354167315 1547654.098917972499692
11099178.873652354167315 1547654.397503909999648
11099179.172233083333852 1547649.321542972500396
11099179.172233083333852 1547649.620128910000352
11099179.172233083333852 1547649.918714847500308
11099179.172233083333852 1547650.217300785000264
11099179.172233083333852 1547650.515886722500220
11099179.172233083333852 1547650.814472660000176
11099179.172233083333852 1547651.113058597500132
11099179.172233083333852 1547651.411644535000088
11099179.172233083333852 1547651.710230472500044
11099179.172233083333852 1547652.008816410000000
11099179.172233083333852 1547652.307402347499956
11099179.172233083333852 1547652.605988284999912
11099179.172233083333852 1547652.904574222499868
11099179.172233083333852 1547653.203160159999824
11099179.172233083333852 1547653.501746097499780
11099179.172233083333852 1547653.800332034999736
11099179.172233083333852 1547654.098917972499692
11099179.172233083333852 1547654.397503909999648
11099179.470813812500389 1547649.321542972500396
11099179.470813812500389 1547649.620128910000352
11099179.470813812500389 1547649.918714847500308
11099179.470813812500389 1547650.217300785000264
11099179.470813812500389 1547650.515886722500220
11099179.470813812500389 1547650.814472660000176
11099179.470813812500389 1547651.113058597500132
11099179.470813812500389 1547651.411644535000088
11099179.470813812500389 1547651.710230472500044
11099179.470813812500389 1547652.008816410000000
11099179.470813812500389 1547652.307402347499956
11099179.470813812500389 1547652.605988284999912
11099179.470813812500389 1547652.904574222499868
11099179.470813812500389 1547653.203160159999824
11099179.470813812500389 1547653.501746097499780
11099179.470813812500389 1547653.800332034999736
11099179.470813812500389 1547654.098917972499692
11099179.470813812500389 1547654.397503909999648
11099179.769394541666926 1547649.321542972500396
11099179.769394541666926 1547649.620128910000352
11099179.769394541666926 1547649.918714847500308
11099179.769394541666926 1547650.217300785000264
11099179.769394541666926 1547650.515886722500220
11099179.769394541666926 1547650.814472660000176
11099179.769394541666926 1547651.113058597500132
11099179.769394541666926 1547651.411644535000088
11099179.769394541666926 1547651.710230472500044
11099179.769394541666926 1547652.008816410000000
11099179.769394541666926 1547652.307402347499956
11099179.769394541666926 1547652.605988284999912
11099179.769394541666926 1547652.904574222499868
11099179.769394541666926 1547653.203160159999824
11099179.769394541666926 1547653.501746097499780
11099179.769394541666926 1547653.800332034999736
11099179.769394541666926 1547654.098917972499692
11099179.769394541666926 1547654.397503909999648
11099180.067975270833463 1547649.321542972500396
11099180.067975270833463 1547649.620128910000352
11099180.067975270833463 1547649.918714847500308
11099180.067975270833463 1547650.217300785000264
11099180.067975270833463 1547650.515886722500220
11099180.067975270833463 1547650.814472660000176
11099180.067975270833463 1547651.113058597500132
11099180.067975270833463 1547651.411644535000088
11099180.067975270833463 1547651.710230472500044
11099180.067975270833463 1547652.008816410000000
11099180.067975270833463 1547652.307402347499956
11099180.067975270833463 1547652.605988284999912
11099180.067975270833463 1547652.904574222499868
11099180.067975270833463 1547653.203160159999824
11099180.067975270833463 1547653.501746097499780
11099180.067975270833463 1547653.800332034999736
11099180.067975270833463 1547654.098917972499692
11099180.067975270833463 1547654.397503909999648
11099180.366556000000000 1547649.321542972500396
11099180.366556000000000 1547649.620128910000352
11099180.366556000000000 1547649.918714847500308
11099180.366556000000000 1547650.217300785000264
11099180.366556000000000 1547650.515886722500220
11099180.366556000000000 1547650.814472660000176
11099180.366556000000000 1547651.113058597500132
11099180.366556000000000 1547651.411644535000088
11099180.366556000000000 1547651.710230472500044
11099180.366556000000000 1547652.008816410000000
11099180.366556000000000 1547652.307402347499956
11099180.366556000000000 1547652.605988284999912
11099180.366556000000000 1547652.904574222499868
11099180.366556000000000 1547653.203160159999824
11099180.366556000000000 1547653.501746097499780
11099180.366556000000000 1547653.800332034999736
11099180.366556000000000 1547654.098917972499692
11099180.366556000000000 1547654.397503909999648
11099180.665136729166537 1547649.321542972500396
11099180.665136729166537 1547649.620128910000352
11099180.665136729166537 1547649.918714847500308
11099180.665136729166537 1547650.217300785000264
11099180.665136729166537 1547650.515886722500220
11099180.665136729166537 1547650.814472660000176
11099180.665136729166537 1547651.113058597500132
11099180.665136729166537 1547651.411644535000088
11099180.665136729166537 1547651.710230472500044
11099180.665136729166537 1547652.008816410000000
11099180.665136729166537 1547652.307402347499956
11099180.665136729166537 1547652.605988284999912
11099180.665136729166537 1547652.904574222499868
11099180.665136729166537 1547653.203160159999824
11099180.665136729166537 1547653.501746097499780
11099180.665136729166537 1547653.800332034999736
11099180.665136729166537 1547654.098917972499692
11099180.665136729166537 1547654.397503909999648
11099180.963717458333074 1547649.321542972500396
11099180.963717458333074 1547649.620128910000352
11099180.963717458333074 1547649.918714847500308
11099180.963717458333074 1547650.217300785000264
11099180.963717458333074 1547650.515886722500220
11099180.963717458333074 1547650.814472660000176
11099180.963717458333074 1547651.113058597500132
11099180.963717458333074 1547651.411644535000088
11099180.963717458333074 1547651.710230472500044
11099180.963717458333074 1547652.008816410000000
11099180.963717458333074 1547652.307402347499956
11099180.963717458333074 1547652.605988284999912
11099180.963717458333074 1547652.904574222499868
11099180.963717458333074 1547653.203160159999824
11099180.963717458333074 1547653.501746097499780
11099180.963717458333074 1547653.800332034999736
11099180.963717458333074 1547654.098917972499692
11099180.963717458333074 1547654.397503909999648
11099181.262298187499611 1547649.321542972500396
11099181.262298187499611 1547649.620128910000352
11099181.262298187499611 1547649.918714847500308
11099181.262298187499611 1547650.217300785000264
11099181.262298187499611 1547650.515886722500220
11099181.262298187499611 1547650.814472660000176
11099181.262298187499611 1547651.113058597500132
11099181.262298187499611 1547651.411644535000088
11099181.262298187499611 1547651.710230472500044
11099181.262298187499611 1547652.008816410000000
11099181.262298187499611 1547652.307402347499956
11099181.262298187499611 1547652.605988284999912
11099181.262298187499611 1547652.904574222499868
11099181.262298187499611 1547653.203160159999824
11099181.262298187499611 1547653.501746097499780
11099181.262298187499611 1547653.800332034999736
11099181.262298187499611 1547654.098917972499692
11099181.262298187499611 1547654.397503909999648
11099181.560878916666148 1547649.321542972500396
11099181.560878916666148 1547649.620128910000352
11099181.560878916666148 1547649.918714847500308
11099181.560878916666148 1547650.217300785000264
11099181.560878916666148 1547650.515886722500220
11099181.560878916666148 1547650.814472660000176
11099181.560878916666148 1547651.113058597500132
11099181.560878916666148 1547651.411644535000088
11099181.560878916666148 1547651.710230472500044
11099181.560878916666148 1547652.008816410000000
11099181.560878916666148 1547652.307402347499956
11099181.560878916666148 1547652.605988284999912
11099181.560878916666148 1547652.904574222499868
11099181.560878916666148 1547653.203160159999824
11099181.560878916666148 1547653.501746097499780
11099181.560878916666148 1547653.800332034999736
11099181.560878916666148 1547654.098917972499692
11099181.560878916666148 1547654.397503909999648
11099181.859459645832685 1547649.321542972500396
11099181.859459645832685 1547649.620128910000352
11099181.859459645832685 1547649.918714847500308
11099181.859459645832685 1547650.217300785000264
11099181.859459645832685 1547650.515886722500220
11099181.859459645832685 1547650.814472660000176
11099181.859459645832685 1547651.113058597500132
11099181.859459645832685 1547651.411644535000088
11099181.859459645832685 1547651.710230472500044
11099181.859459645832685 1547652.008816410000000
11099181.859459645832685 1547652.307402347499956
11099181.859459645832685 1547652.605988284999912
11099181.859459645832685 1547652.904574222499868
11099181.859459645832685 1547653.203160159999824
11099181.859459645832685 1547653.501746097499780
11099181.859459645832685 1547653.800332034999736
11099181.859459645832685 1547654.098917972499692
11099181.859459645832685 1547654.397503909999648
11099182.158040374999222 1547649.321542972500396
11099182.158040374999222 1547649.620128910000352
11099182.158040374999222 1547649.918714847500308
11099182.158040374999222 1547650.217300785000264
11099182.158040374999222 1547650.515886722500220
11099182.158040374999222 1547650.814472660000176
11099182.158040374999222 1547651.113058597500132
11099182.158040374999222 1547651.411644535000088
11099182.158040374999222 1547651.710230472500044
11099182.158040374999222 1547652.008816410000000
11099182.158040374999222 1547652.307402347499956
11099182.158040374999222 1547652.605988284999912
11099182.158040374999222 1547652.904574222499868
11099182.158040374999222 1547653.203160159999824
11099182.158040374999222 1547653.501746097499780
11099182.158040374999222 1547653.800332034999736
11099182.158040374999222 1547654.098917972499692
11099182.158040374999222 1547654.397503909999648
11099182.456621104165759 1547649.321542972500396
11099182.456621104165759 1547649.620128910000352
11099182.456621104165759 1547649.918714847500308
11099182.456621104165759 1547650.217300785000264
11099182.456621104165759 1547650.515886722500220
11099182.456621104165759 1547650.814472660000176
11099182.456621104165759 1547651.113058597500132
11099182.456621104165759 1547651.411644535000088
11099182.456621104165759 1547651.710230472500044
11099182.456621104165759 1547652.008816410000000
11099182.456621104165759 1547652.307402347499956
11099182.456621104165759 1547652.605988284999912
11099182.456621104165759 1547652.904574222499868
11099182.456621104165759 1547653.203160159999824
11099182.456621104165759 1547653.501746097499780
11099182.456621104165759 1547653.800332034999736
11099182.456621104165759 1547654.098917972499692
11099182.456621104165759 1547654.397503909999648
11099182.755201833332296 1547649.321542972500396
11099182.755201833332296 1547649.620128910000352
11099182.755201833332296 1547649.918714847500308
11099182.755201833332296 1547650.217300785000264
11099182.755201833332296 1547650.515886722500220
11099182.755201833332296 1547650.814472660000176
11099182.755201833332296 1547651.113058597500132
11099182.755201833332296 1547651.411644535000088
11099182.755201833332296 1547651.710230472500044
11099182.755201833332296 1547652.008816410000000
11099182.755201833332296 1547652.307402347499956
11099182.755201833332296 1547652.605988284999912
11099182.755201833332296 1547652.904574222499868
11099182.755201833332296 1547653.203160159999824
11099182.755201833332296 1547653.501746097499780
11099182.755201833332296 1547653.800332034999736
11099182.755201833332296 1547654.098917972499692
11099182.755201833332296 1547654.397503909999648
