11098829.832779937501167 1547834.444824222500396
11098829.832779937501167 1547834.743410160000352
11098829.832779937501167 1547835.041996097500308
11098829.832779937501167 1547835.340582035000264
11098829.832779937501167 1547835.639167972500220
11098829.832779937501167 1547835.937753910000176
11098829.832779937501167 1547836.236339847500132
11098829.832779937501167 1547836.534925785000088
11098829.832779937501167 1547836.833511722500044
11098829.832779937501167 1547837.132097660000000
11098829.832779937501167 1547837.430683597499956
11098829.832779937501167 1547837.729269534999912
11098829.832779937501167 1547838.027855472499868
11098829.832779937501167 1547838.326441409999824
11098829.832779937501167 1547838.625027347499780
11098829.832779937501167 1547838.923613284999736
11098829.832779937501167 1547839.222199222499692
11098829.832779937501167 1547839.520785159999648
11098830.131360666667704 1547834.444824222500396
11098830.131360666667704 1547834.743410160000352
11098830.131360666667704 1547835.041996097500308
11098830.131360666667704 1547835.340582035000264
11098830.131360666667704 1547835.639167972500220
11098830.131360666667704 1547835.937753910000176
11098830.131360666667704 1547836.236339847500132
11098830.131360666667704 1547836.534925785000088
11098830.131360666667704 1547836.833511722500044
11098830.131360666667704 1547837.132097660000000
11098830.131360666667704 1547837.430683597499956
11098830.131360666667704 1547837.729269534999912
11098830.131360666667704 1547838.027855472499868
11098830.131360666667704 1547838.326441409999824
11098830.131360666667704 1547838.625027347499780
11098830.131360666667704 1547838.923613284999736
11098830.131360666667704 1547839.222199222499692
11098830.131360666667704 1547839.520785159999648
11098830.429941395834241 1547834.444824222500396
11098830.429941395834241 1547834.743410160000352
11098830.429941395834241 1547835.041996097500308
11098830.429941395834241 1547835.340582035000264
11098830.429941395834241 1547835.639167972500220
11098830.429941395834241 1547835.937753910000176
11098830.429941395834241 1547836.236339847500132
11098830.429941395834241 1547836.534925785000088
11098830.429941395834241 1547836.833511722500044
11098830.429941395834241 1547837.132097660000000
11098830.429941395834241 1547837.430683597499956
11098830.429941395834241 1547837.729269534999912
11098830.429941395834241 1547838.027855472499868
11098830.429941395834241 1547838.326441409999824
11098830.429941395834241 1547838.625027347499780
11098830.429941395834241 1547838.923613284999736
11098830.429941395834241 1547839.222199222499692
11098830.429941395834241 1547839.520785159999648
11098830.728522125000778 1547834.444824222500396
11098830.728522125000778 1547834.743410160000352
11098830.728522125000778 1547835.041996097500308
11098830.728522125000778 1547835.340582035000264
11098830.728522125000778 1547835.639167972500220
11098830.728522125000778 1547835.937753910000176
11098830.728522125000778 1547836.236339847500132
11098830.728522125000778 1547836.534925785000088
11098830.728522125000778 1547836.833511722500044
11098830.728522125000778 1547837.132097660000000
11098830.728522125000778 1547837.430683597499956
11098830.728522125000778 1547837.729269534999912
11098830.728522125000778 1547838.027855472499868
11098830.728522125000778 1547838.326441409999824
11098830.728522125000778 1547838.625027347499780
11098830.728522125000778 1547838.923613284999736
11098830.728522125000778 1547839.222199222499692
11098830.728522125000778 1547839.520785159999648
11098831.027102854167315 1547834.444824222500396
11098831.027102854167315 1547834.743410160000352
11098831.027102854167315 1547835.041996097500308
11098831.027102854167315 1547835.340582035000264
11098831.027102854167315 1547835.639167972500220
11098831.027102854167315 1547835.937753910000176
11098831.027102854167315 1547836.236339847500132
11098831.027102854167315 1547836.534925785000088
11098831.027102854167315 1547836.833511722500044
11098831.027102854167315 1547837.132097660000000
11098831.027102854167315 1547837.430683597499956
11098831.027102854167315 1547837.729269534999912
11098831.027102854167315 1547838.027855472499868
11098831.027102854167315 1547838.326441409999824
11098831.027102854167315 1547838.625027347499780
11098831.027102854167315 1547838.923613284999736
11098831.027102854167315 1547839.222199222499692
11098831.027102854167315 1547839.520785159999648
11098831.325683583333852 1547834.444824222500396
11098831.325683583333852 1547834.743410160000352
11098831.325683583333852 1547835.041996097500308
11098831.325683583333852 1547835.340582035000264
11098831.325683583333852 1547835.639167972500220
11098831.325683583333852 1547835.937753910000176
11098831.325683583333852 1547836.236339847500132
11098831.325683583333852 1547836.534925785000088
11098831.325683583333852 1547836.833511722500044
11098831.325683583333852 1547837.132097660000000
11098831.325683583333852 1547837.430683597499956
11098831.325683583333852 1547837.729269534999912
11098831.325683583333852 1547838.027855472499868
11098831.325683583333852 1547838.326441409999824
11098831.325683583333852 1547838.625027347499780
11098831.325683583333852 1547838.923613284999736
11098831.325683583333852 1547839.222199222499692
11098831.325683583333852 1547839.520785159999648
11098831.624264312500389 1547834.444824222500396
11098831.624264312500389 1547834.743410160000352
11098831.624264312500389 1547835.041996097500308
11098831.624264312500389 1547835.340582035000264
11098831.624264312500389 1547835.639167972500220
11098831.624264312500389 1547835.937753910000176
11098831.624264312500389 1547836.236339847500132
11098831.624264312500389 1547836.534925785000088
11098831.624264312500389 1547836.833511722500044
11098831.624264312500389 1547837.132097660000000
11098831.624264312500389 1547837.430683597499956
11098831.624264312500389 1547837.729269534999912
11098831.624264312500389 1547838.027855472499868
11098831.624264312500389 1547838.326441409999824
11098831.624264312500389 1547838.625027347499780
11098831.624264312500389 1547838.923613284999736
11098831.624264312500389 1547839.222199222499692
11098831.624264312500389 1547839.520785159999648
11098831.922845041666926 1547834.444824222500396
11098831.922845041666926 1547834.743410160000352
11098831.922845041666926 1547835.041996097500308
11098831.922845041666926 1547835.340582035000264
11098831.922845041666926 1547835.639167972500220
11098831.922845041666926 1547835.937753910000176
11098831.922845041666926 1547836.236339847500132
11098831.922845041666926 1547836.534925785000088
11098831.922845041666926 1547836.833511722500044
11098831.922845041666926 1547837.132097660000000
11098831.922845041666926 1547837.430683597499956
11098831.922845041666926 1547837.729269534999912
11098831.922845041666926 1547838.027855472499868
11098831.922845041666926 1547838.326441409999824
11098831.922845041666926 1547838.625027347499780
11098831.922845041666926 1547838.923613284999736
11098831.922845041666926 1547839.222199222499692
11098831.922845041666926 1547839.520785159999648
11098832.221425770833463 1547834.444824222500396
11098832.221425770833463 1547834.743410160000352
11098832.221425770833463 1547835.041996097500308
11098832.221425770833463 1547835.340582035000264
11098832.221425770833463 1547835.639167972500220
11098832.221425770833463 1547835.937753910000176
11098832.221425770833463 1547836.236339847500132
11098832.221425770833463 1547836.534925785000088
11098832.221425770833463 1547836.833511722500044
11098832.221425770833463 1547837.132097660000000
11098832.221425770833463 1547837.430683597499956
11098832.221425770833463 1547837.729269534999912
11098832.221425770833463 1547838.027855472499868
11098832.221425770833463 1547838.326441409999824
11098832.221425770833463 1547838.625027347499780
11098832.221425770833463 1547838.923613284999736
11098832.221425770833463 1547839.222199222499692
11098832.221425770833463 1547839.520785159999648
11098832.520006500000000 1547834.444824222500396
11098832.520006500000000 1547834.743410160000352
11098832.520006500000000 1547835.041996097500308
11098832.520006500000000 1547835.340582035000264
11098832.520006500000000 1547835.639167972500220
11098832.520006500000000 1547835.937753910000176
11098832.520006500000000 1547836.236339847500132
11098832.520006500000000 1547836.534925785000088
11098832.520006500000000 1547836.833511722500044
11098832.520006500000000 1547837.132097660000000
11098832.520006500000000 1547837.430683597499956
11098832.520006500000000 1547837.729269534999912
11098832.520006500000000 1547838.027855472499868
11098832.520006500000000 1547838.326441409999824
11098832.520006500000000 1547838.625027347499780
11098832.520006500000000 1547838.923613284999736
11098832.520006500000000 1547839.222199222499692
11098832.520006500000000 1547839.520785159999648
11098832.818587229166537 1547834.444824222500396
11098832.818587229166537 1547834.743410160000352
11098832.818587229166537 1547835.041996097500308
11098832.818587229166537 1547835.340582035000264
11098832.818587229166537 1547835.639167972500220
11098832.818587229166537 1547835.937753910000176
11098832.818587229166537 1547836.236339847500132
11098832.818587229166537 1547836.534925785000088
11098832.818587229166537 1547836.833511722500044
11098832.818587229166537 1547837.132097660000000
11098832.818587229166537 1547837.430683597499956
11098832.818587229166537 1547837.729269534999912
11098832.818587229166537 1547838.027855472499868
11098832.818587229166537 1547838.326441409999824
11098832.818587229166537 1547838.625027347499780
11098832.818587229166537 1547838.923613284999736
11098832.818587229166537 1547839.222199222499692
11098832.818587229166537 1547839.520785159999648
11098833.117167958333074 1547834.444824222500396
11098833.117167958333074 1547834.743410160000352
11098833.117167958333074 1547835.041996097500308
11098833.117167958333074 1547835.340582035000264
11098833.117167958333074 1547835.639167972500220
11098833.117167958333074 1547835.937753910000176
11098833.117167958333074 1547836.236339847500132
11098833.117167958333074 1547836.534925785000088
11098833.117167958333074 1547836.833511722500044
11098833.117167958333074 1547837.132097660000000
11098833.117167958333074 1547837.430683597499956
11098833.117167958333074 1547837.729269534999912
11098833.117167958333074 1547838.027855472499868
11098833.117167958333074 1547838.326441409999824
11098833.117167958333074 1547838.625027347499780
11098833.117167958333074 1547838.923613284999736
11098833.117167958333074 1547839.222199222499692
11098833.117167958333074 1547839.520785159999648
11098833.415748687499611 1547834.444824222500396
11098833.415748687499611 1547834.743410160000352
11098833.415748687499611 1547835.041996097500308
11098833.415748687499611 1547835.340582035000264
11098833.415748687499611 1547835.639167972500220
11098833.415748687499611 1547835.937753910000176
11098833.415748687499611 1547836.236339847500132
11098833.415748687499611 1547836.534925785000088
11098833.415748687499611 1547836.833511722500044
11098833.415748687499611 1547837.132097660000000
11098833.415748687499611 1547837.430683597499956
11098833.415748687499611 1547837.729269534999912
11098833.415748687499611 1547838.027855472499868
11098833.415748687499611 1547838.326441409999824
11098833.415748687499611 1547838.625027347499780
11098833.415748687499611 1547838.923613284999736
11098833.415748687499611 1547839.222199222499692
11098833.415748687499611 1547839.520785159999648
11098833.714329416666148 1547834.444824222500396
11098833.714329416666148 1547834.743410160000352
11098833.714329416666148 1547835.041996097500308
11098833.714329416666148 1547835.340582035000264
11098833.714329416666148 1547835.639167972500220
11098833.714329416666148 1547835.937753910000176
11098833.714329416666148 1547836.236339847500132
11098833.714329416666148 1547836.534925785000088
11098833.714329416666148 1547836.833511722500044
11098833.714329416666148 1547837.132097660000000
11098833.714329416666148 1547837.430683597499956
11098833.714329416666148 1547837.729269534999912
11098833.714329416666148 1547838.027855472499868
11098833.714329416666148 1547838.326441409999824
11098833.714329416666148 1547838.625027347499780
11098833.714329416666148 1547838.923613284999736
11098833.714329416666148 1547839.222199222499692
11098833.714329416666148 1547839.520785159999648
11098834.012910145832685 1547834.444824222500396
11098834.012910145832685 1547834.743410160000352
11098834.012910145832685 1547835.041996097500308
11098834.012910145832685 1547835.340582035000264
11098834.012910145832685 1547835.639167972500220
11098834.012910145832685 1547835.937753910000176
11098834.012910145832685 1547836.236339847500132
11098834.012910145832685 1547836.534925785000088
11098834.012910145832685 1547836.833511722500044
11098834.012910145832685 1547837.132097660000000
11098834.012910145832685 1547837.430683597499956
11098834.012910145832685 1547837.729269534999912
11098834.012910145832685 1547838.027855472499868
11098834.012910145832685 1547838.326441409999824
11098834.012910145832685 1547838.625027347499780
11098834.012910145832685 1547838.923613284999736
11098834.012910145832685 1547839.222199222499692
11098834.012910145832685 1547839.520785159999648
11098834.311490874999222 1547834.444824222500396
11098834.311490874999222 1547834.743410160000352
11098834.311490874999222 1547835.041996097500308
11098834.311490874999222 1547835.340582035000264
11098834.311490874999222 1547835.639167972500220
11098834.311490874999222 1547835.937753910000176
11098834.311490874999222 1547836.236339847500132
11098834.311490874999222 1547836.534925785000088
11098834.311490874999222 1547836.833511722500044
11098834.311490874999222 1547837.132097660000000
11098834.311490874999222 1547837.430683597499956
11098834.311490874999222 1547837.729269534999912
11098834.311490874999222 1547838.027855472499868
11098834.311490874999222 1547838.326441409999824
11098834.311490874999222 1547838.625027347499780
11098834.311490874999222 1547838.923613284999736
11098834.311490874999222 1547839.222199222499692
11098834.311490874999222 1547839.520785159999648
11098834.610071604165759 1547834.444824222500396
11098834.610071604165759 1547834.743410160000352
11098834.610071604165759 1547835.041996097500308
11098834.610071604165759 1547835.340582035000264
11098834.610071604165759 1547835.639167972500220
11098834.610071604165759 1547835.937753910000176
11098834.610071604165759 1547836.236339847500132
11098834.610071604165759 1547836.534925785000088
11098834.610071604165759 1547836.833511722500044
11098834.610071604165759 1547837.132097660000000
11098834.610071604165759 1547837.430683597499956
11098834.610071604165759 1547837.729269534999912
11098834.610071604165759 1547838.027855472499868
11098834.610071604165759 1547838.326441409999824
11098834.610071604165759 1547838.625027347499780
11098834.610071604165759 1547838.923613284999736
11098834.610071604165759 1547839.222199222499692
11098834.610071604165759 1547839.520785159999648
11098834.908652333332296 1547834.444824222500396
11098834.908652333332296 1547834.743410160000352
11098834.908652333332296 1547835.041996097500308
11098834.908652333332296 1547835.340582035000264
11098834.908652333332296 1547835.639167972500220
11098834.908652333332296 1547835.937753910000176
11098834.908652333332296 1547836.236339847500132
11098834.908652333332296 1547836.534925785000088
11098834.908652333332296 1547836.833511722500044
11098834.908652333332296 1547837.132097660000000
11098834.908652333332296 1547837.430683597499956
11098834.908652333332296 1547837.729269534999912
11098834.908652333332296 1547838.027855472499868
11098834.908652333332296 1547838.326441409999824
11098834.908652333332296 1547838.625027347499780
11098834.908652333332296 1547838.923613284999736
11098834.908652333332296 1547839.222199222499692
11098834.908652333332296 1547839.520785159999648
