11099147.821256537501167 1547816.529667972500396
11099147.821256537501167 1547816.828253910000352
11099147.821256537501167 1547817.126839847500308
11099147.821256537501167 1547817.425425785000264
11099147.821256537501167 1547817.724011722500220
11099147.821256537501167 1547818.022597660000176
11099147.821256537501167 1547818.321183597500132
11099147.821256537501167 1547818.619769535000088
11099147.821256537501167 1547818.918355472500044
11099147.821256537501167 1547819.216941410000000
11099147.821256537501167 1547819.515527347499956
11099147.821256537501167 1547819.814113284999912
11099147.821256537501167 1547820.112699222499868
11099147.821256537501167 1547820.411285159999824
11099147.821256537501167 1547820.709871097499780
11099147.821256537501167 1547821.008457034999736
11099147.821256537501167 1547821.307042972499692
11099147.821256537501167 1547821.605628909999648
11099148.119837266667704 1547816.529667972500396
11099148.119837266667704 1547816.828253910000352
11099148.119837266667704 1547817.126839847500308
11099148.119837266667704 1547817.425425785000264
11099148.119837266667704 1547817.724011722500220
11099148.119837266667704 1547818.022597660000176
11099148.119837266667704 1547818.321183597500132
11099148.119837266667704 1547818.619769535000088
11099148.119837266667704 1547818.918355472500044
11099148.119837266667704 1547819.216941410000000
11099148.119837266667704 1547819.515527347499956
11099148.119837266667704 1547819.814113284999912
11099148.119837266667704 1547820.112699222499868
11099148.119837266667704 1547820.411285159999824
11099148.119837266667704 1547820.709871097499780
11099148.119837266667704 1547821.008457034999736
11099148.119837266667704 1547821.307042972499692
11099148.119837266667704 1547821.605628909999648
11099148.418417995834241 1547816.529667972500396
11099148.418417995834241 1547816.828253910000352
11099148.418417995834241 1547817.126839847500308
11099148.418417995834241 1547817.425425785000264
11099148.418417995834241 1547817.724011722500220
11099148.418417995834241 1547818.022597660000176
11099148.418417995834241 1547818.321183597500132
11099148.418417995834241 1547818.619769535000088
11099148.418417995834241 1547818.918355472500044
11099148.418417995834241 1547819.216941410000000
11099148.418417995834241 1547819.515527347499956
11099148.418417995834241 1547819.814113284999912
11099148.418417995834241 1547820.112699222499868
11099148.418417995834241 1547820.411285159999824
11099148.418417995834241 1547820.709871097499780
11099148.418417995834241 1547821.008457034999736
11099148.418417995834241 1547821.307042972499692
11099148.418417995834241 1547821.605628909999648
11099148.716998725000778 1547816.529667972500396
11099148.716998725000778 1547816.828253910000352
11099148.716998725000778 1547817.126839847500308
11099148.716998725000778 1547817.425425785000264
11099148.716998725000778 1547817.724011722500220
11099148.716998725000778 1547818.022597660000176
11099148.716998725000778 1547818.321183597500132
11099148.716998725000778 1547818.619769535000088
11099148.716998725000778 1547818.918355472500044
11099148.716998725000778 1547819.216941410000000
11099148.716998725000778 1547819.515527347499956
11099148.716998725000778 1547819.814113284999912
11099148.716998725000778 1547820.112699222499868
11099148.716998725000778 1547820.411285159999824
11099148.716998725000778 1547820.709871097499780
11099148.716998725000778 1547821.008457034999736
11099148.716998725000778 1547821.307042972499692
11099148.716998725000778 1547821.605628909999648
11099149.015579454167315 1547816.529667972500396
11099149.015579454167315 1547816.828253910000352
11099149.015579454167315 1547817.126839847500308
11099149.015579454167315 1547817.425425785000264
11099149.015579454167315 1547817.724011722500220
11099149.015579454167315 1547818.022597660000176
11099149.015579454167315 1547818.321183597500132
11099149.015579454167315 1547818.619769535000088
11099149.015579454167315 1547818.918355472500044
11099149.015579454167315 1547819.216941410000000
11099149.015579454167315 1547819.515527347499956
11099149.015579454167315 1547819.814113284999912
11099149.015579454167315 1547820.112699222499868
11099149.015579454167315 1547820.411285159999824
11099149.015579454167315 1547820.709871097499780
11099149.015579454167315 1547821.008457034999736
11099149.015579454167315 1547821.307042972499692
11099149.015579454167315 1547821.605628909999648
11099149.314160183333852 1547816.529667972500396
11099149.314160183333852 1547816.828253910000352
11099149.314160183333852 1547817.126839847500308
11099149.314160183333852 1547817.425425785000264
11099149.314160183333852 1547817.724011722500220
11099149.314160183333852 1547818.022597660000176
11099149.314160183333852 1547818.321183597500132
11099149.314160183333852 1547818.619769535000088
11099149.314160183333852 1547818.918355472500044
11099149.314160183333852 1547819.216941410000000
11099149.314160183333852 1547819.515527347499956
11099149.314160183333852 1547819.814113284999912
11099149.314160183333852 1547820.112699222499868
11099149.314160183333852 1547820.411285159999824
11099149.314160183333852 1547820.709871097499780
11099149.314160183333852 1547821.008457034999736
11099149.314160183333852 1547821.307042972499692
11099149.314160183333852 1547821.605628909999648
11099149.612740912500389 1547816.529667972500396
11099149.612740912500389 1547816.828253910000352
11099149.612740912500389 1547817.126839847500308
11099149.612740912500389 1547817.425425785000264
11099149.612740912500389 1547817.724011722500220
11099149.612740912500389 1547818.022597660000176
11099149.612740912500389 1547818.321183597500132
11099149.612740912500389 1547818.619769535000088
11099149.612740912500389 1547818.918355472500044
11099149.612740912500389 1547819.216941410000000
11099149.612740912500389 1547819.515527347499956
11099149.612740912500389 1547819.814113284999912
11099149.612740912500389 1547820.112699222499868
11099149.612740912500389 1547820.411285159999824
11099149.612740912500389 1547820.709871097499780
11099149.612740912500389 1547821.008457034999736
11099149.612740912500389 1547821.307042972499692
11099149.612740912500389 1547821.605628909999648
11099149.911321641666926 1547816.529667972500396
11099149.911321641666926 1547816.828253910000352
11099149.911321641666926 1547817.126839847500308
11099149.911321641666926 1547817.425425785000264
11099149.911321641666926 1547817.724011722500220
11099149.911321641666926 1547818.022597660000176
11099149.911321641666926 1547818.321183597500132
11099149.911321641666926 1547818.619769535000088
11099149.911321641666926 1547818.918355472500044
11099149.911321641666926 1547819.216941410000000
11099149.911321641666926 1547819.515527347499956
11099149.911321641666926 1547819.814113284999912
11099149.911321641666926 1547820.112699222499868
11099149.911321641666926 1547820.411285159999824
11099149.911321641666926 1547820.709871097499780
11099149.911321641666926 1547821.008457034999736
11099149.911321641666926 1547821.307042972499692
11099149.911321641666926 1547821.605628909999648
11099150.209902370833463 1547816.529667972500396
11099150.209902370833463 1547816.828253910000352
11099150.209902370833463 1547817.126839847500308
11099150.209902370833463 1547817.425425785000264
11099150.209902370833463 1547817.724011722500220
11099150.209902370833463 1547818.022597660000176
11099150.209902370833463 1547818.321183597500132
11099150.209902370833463 1547818.619769535000088
11099150.209902370833463 1547818.918355472500044
11099150.209902370833463 1547819.216941410000000
11099150.209902370833463 1547819.515527347499956
11099150.209902370833463 1547819.814113284999912
11099150.209902370833463 1547820.112699222499868
11099150.209902370833463 1547820.411285159999824
11099150.209902370833463 1547820.709871097499780
11099150.209902370833463 1547821.008457034999736
11099150.209902370833463 1547821.307042972499692
11099150.209902370833463 1547821.605628909999648
11099150.508483100000000 1547816.529667972500396
11099150.508483100000000 1547816.828253910000352
11099150.508483100000000 1547817.126839847500308
11099150.508483100000000 1547817.425425785000264
11099150.508483100000000 1547817.724011722500220
11099150.508483100000000 1547818.022597660000176
11099150.508483100000000 1547818.321183597500132
11099150.508483100000000 1547818.619769535000088
11099150.508483100000000 1547818.918355472500044
11099150.508483100000000 1547819.216941410000000
11099150.508483100000000 1547819.515527347499956
11099150.508483100000000 1547819.814113284999912
11099150.508483100000000 1547820.112699222499868
11099150.508483100000000 1547820.411285159999824
11099150.508483100000000 1547820.709871097499780
11099150.508483100000000 1547821.008457034999736
11099150.508483100000000 1547821.307042972499692
11099150.508483100000000 1547821.605628909999648
11099150.807063829166537 1547816.529667972500396
11099150.807063829166537 1547816.828253910000352
11099150.807063829166537 1547817.126839847500308
11099150.807063829166537 1547817.425425785000264
11099150.807063829166537 1547817.724011722500220
11099150.807063829166537 1547818.022597660000176
11099150.807063829166537 1547818.321183597500132
11099150.807063829166537 1547818.619769535000088
11099150.807063829166537 1547818.918355472500044
11099150.807063829166537 1547819.216941410000000
11099150.807063829166537 1547819.515527347499956
11099150.807063829166537 1547819.814113284999912
11099150.807063829166537 1547820.112699222499868
11099150.807063829166537 1547820.411285159999824
11099150.807063829166537 1547820.709871097499780
11099150.807063829166537 1547821.008457034999736
11099150.807063829166537 1547821.307042972499692
11099150.807063829166537 1547821.605628909999648
11099151.105644558333074 1547816.529667972500396
11099151.105644558333074 1547816.828253910000352
11099151.105644558333074 1547817.126839847500308
11099151.105644558333074 1547817.425425785000264
11099151.105644558333074 1547817.724011722500220
11099151.105644558333074 1547818.022597660000176
11099151.105644558333074 1547818.321183597500132
11099151.105644558333074 1547818.619769535000088
11099151.105644558333074 1547818.918355472500044
11099151.105644558333074 1547819.216941410000000
11099151.105644558333074 1547819.515527347499956
11099151.105644558333074 1547819.814113284999912
11099151.105644558333074 1547820.112699222499868
11099151.105644558333074 1547820.411285159999824
11099151.105644558333074 1547820.709871097499780
11099151.105644558333074 1547821.008457034999736
11099151.105644558333074 1547821.307042972499692
11099151.105644558333074 1547821.605628909999648
11099151.404225287499611 1547816.529667972500396
11099151.404225287499611 1547816.828253910000352
11099151.404225287499611 1547817.126839847500308
11099151.404225287499611 1547817.425425785000264
11099151.404225287499611 1547817.724011722500220
11099151.404225287499611 1547818.022597660000176
11099151.404225287499611 1547818.321183597500132
11099151.404225287499611 1547818.619769535000088
11099151.404225287499611 1547818.918355472500044
11099151.404225287499611 1547819.216941410000000
11099151.404225287499611 1547819.515527347499956
11099151.404225287499611 1547819.814113284999912
11099151.404225287499611 1547820.112699222499868
11099151.404225287499611 1547820.411285159999824
11099151.404225287499611 1547820.709871097499780
11099151.404225287499611 1547821.008457034999736
11099151.404225287499611 1547821.307042972499692
11099151.404225287499611 1547821.605628909999648
11099151.702806016666148 1547816.529667972500396
11099151.702806016666148 1547816.828253910000352
11099151.702806016666148 1547817.126839847500308
11099151.702806016666148 1547817.425425785000264
11099151.702806016666148 1547817.724011722500220
11099151.702806016666148 1547818.022597660000176
11099151.702806016666148 1547818.321183597500132
11099151.702806016666148 1547818.619769535000088
11099151.702806016666148 1547818.918355472500044
11099151.702806016666148 1547819.216941410000000
11099151.702806016666148 1547819.515527347499956
11099151.702806016666148 1547819.814113284999912
11099151.702806016666148 1547820.112699222499868
11099151.702806016666148 1547820.411285159999824
11099151.702806016666148 1547820.709871097499780
11099151.702806016666148 1547821.008457034999736
11099151.702806016666148 1547821.307042972499692
11099151.702806016666148 1547821.605628909999648
11099152.001386745832685 1547816.529667972500396
11099152.001386745832685 1547816.828253910000352
11099152.001386745832685 1547817.126839847500308
11099152.001386745832685 1547817.425425785000264
11099152.001386745832685 1547817.724011722500220
11099152.001386745832685 1547818.022597660000176
11099152.001386745832685 1547818.321183597500132
11099152.001386745832685 1547818.619769535000088
11099152.001386745832685 1547818.918355472500044
11099152.001386745832685 1547819.216941410000000
11099152.001386745832685 1547819.515527347499956
11099152.001386745832685 1547819.814113284999912
11099152.001386745832685 1547820.112699222499868
11099152.001386745832685 1547820.411285159999824
11099152.001386745832685 1547820.709871097499780
11099152.001386745832685 1547821.008457034999736
11099152.001386745832685 1547821.307042972499692
11099152.001386745832685 1547821.605628909999648
11099152.299967474999222 1547816.529667972500396
11099152.299967474999222 1547816.828253910000352
11099152.299967474999222 1547817.126839847500308
11099152.299967474999222 1547817.425425785000264
11099152.299967474999222 1547817.724011722500220
11099152.299967474999222 1547818.022597660000176
11099152.299967474999222 1547818.321183597500132
11099152.299967474999222 1547818.619769535000088
11099152.299967474999222 1547818.918355472500044
11099152.299967474999222 1547819.216941410000000
11099152.299967474999222 1547819.515527347499956
11099152.299967474999222 1547819.814113284999912
11099152.299967474999222 1547820.112699222499868
11099152.299967474999222 1547820.411285159999824
11099152.299967474999222 1547820.709871097499780
11099152.299967474999222 1547821.008457034999736
11099152.299967474999222 1547821.307042972499692
11099152.299967474999222 1547821.605628909999648
11099152.598548204165759 1547816.529667972500396
11099152.598548204165759 1547816.828253910000352
11099152.598548204165759 1547817.126839847500308
11099152.598548204165759 1547817.425425785000264
11099152.598548204165759 1547817.724011722500220
11099152.598548204165759 1547818.022597660000176
11099152.598548204165759 1547818.321183597500132
11099152.598548204165759 1547818.619769535000088
11099152.598548204165759 1547818.918355472500044
11099152.598548204165759 1547819.216941410000000
11099152.598548204165759 1547819.515527347499956
11099152.598548204165759 1547819.814113284999912
11099152.598548204165759 1547820.112699222499868
11099152.598548204165759 1547820.411285159999824
11099152.598548204165759 1547820.709871097499780
11099152.598548204165759 1547821.008457034999736
11099152.598548204165759 1547821.307042972499692
11099152.598548204165759 1547821.605628909999648
11099152.897128933332296 1547816.529667972500396
11099152.897128933332296 1547816.828253910000352
11099152.897128933332296 1547817.126839847500308
11099152.897128933332296 1547817.425425785000264
11099152.897128933332296 1547817.724011722500220
11099152.897128933332296 1547818.022597660000176
11099152.897128933332296 1547818.321183597500132
11099152.897128933332296 1547818.619769535000088
11099152.897128933332296 1547818.918355472500044
11099152.897128933332296 1547819.216941410000000
11099152.897128933332296 1547819.515527347499956
11099152.897128933332296 1547819.814113284999912
11099152.897128933332296 1547820.112699222499868
11099152.897128933332296 1547820.411285159999824
11099152.897128933332296 1547820.709871097499780
11099152.897128933332296 1547821.008457034999736
11099152.897128933332296 1547821.307042972499692
11099152.897128933332296 1547821.605628909999648
