11099111.692988237501167 1547836.833511722500396
11099111.692988237501167 1547837.132097660000352
11099111.692988237501167 1547837.430683597500308
11099111.692988237501167 1547837.729269535000264
11099111.692988237501167 1547838.027855472500220
11099111.692988237501167 1547838.326441410000176
11099111.692988237501167 1547838.625027347500132
11099111.692988237501167 1547838.923613285000088
11099111.692988237501167 1547839.222199222500044
11099111.692988237501167 1547839.520785160000000
11099111.692988237501167 1547839.819371097499956
11099111.692988237501167 1547840.117957034999912
11099111.692988237501167 1547840.416542972499868
11099111.692988237501167 1547840.715128909999824
11099111.692988237501167 1547841.013714847499780
11099111.692988237501167 1547841.312300784999736
11099111.692988237501167 1547841.610886722499692
11099111.692988237501167 1547841.909472659999648
11099111.991568966667704 1547836.833511722500396
11099111.991568966667704 1547837.132097660000352
11099111.991568966667704 1547837.430683597500308
11099111.991568966667704 1547837.729269535000264
11099111.991568966667704 1547838.027855472500220
11099111.991568966667704 1547838.326441410000176
11099111.991568966667704 1547838.625027347500132
11099111.991568966667704 1547838.923613285000088
11099111.991568966667704 1547839.222199222500044
11099111.991568966667704 1547839.520785160000000
11099111.991568966667704 1547839.819371097499956
11099111.991568966667704 1547840.117957034999912
11099111.991568966667704 1547840.416542972499868
11099111.991568966667704 1547840.715128909999824
11099111.991568966667704 1547841.013714847499780
11099111.991568966667704 1547841.312300784999736
11099111.991568966667704 1547841.610886722499692
11099111.991568966667704 1547841.909472659999648
11099112.290149695834241 1547836.833511722500396
11099112.290149695834241 1547837.132097660000352
11099112.290149695834241 1547837.430683597500308
11099112.290149695834241 1547837.729269535000264
11099112.290149695834241 1547838.027855472500220
11099112.290149695834241 1547838.326441410000176
11099112.290149695834241 1547838.625027347500132
11099112.290149695834241 1547838.923613285000088
11099112.290149695834241 1547839.222199222500044
11099112.290149695834241 1547839.520785160000000
11099112.290149695834241 1547839.819371097499956
11099112.290149695834241 1547840.117957034999912
11099112.290149695834241 1547840.416542972499868
11099112.290149695834241 1547840.715128909999824
11099112.290149695834241 1547841.013714847499780
11099112.290149695834241 1547841.312300784999736
11099112.290149695834241 1547841.610886722499692
11099112.290149695834241 1547841.909472659999648
11099112.588730425000778 1547836.833511722500396
11099112.588730425000778 1547837.132097660000352
11099112.588730425000778 1547837.430683597500308
11099112.588730425000778 1547837.729269535000264
11099112.588730425000778 1547838.027855472500220
11099112.588730425000778 1547838.326441410000176
11099112.588730425000778 1547838.625027347500132
11099112.588730425000778 1547838.923613285000088
11099112.588730425000778 1547839.222199222500044
11099112.588730425000778 1547839.520785160000000
11099112.588730425000778 1547839.819371097499956
11099112.588730425000778 1547840.117957034999912
11099112.588730425000778 1547840.416542972499868
11099112.588730425000778 1547840.715128909999824
11099112.588730425000778 1547841.013714847499780
11099112.588730425000778 1547841.312300784999736
11099112.588730425000778 1547841.610886722499692
11099112.588730425000778 1547841.909472659999648
11099112.887311154167315 1547836.833511722500396
11099112.887311154167315 1547837.132097660000352
11099112.887311154167315 1547837.430683597500308
11099112.887311154167315 1547837.729269535000264
11099112.887311154167315 1547838.027855472500220
11099112.887311154167315 1547838.326441410000176
11099112.887311154167315 1547838.625027347500132
11099112.887311154167315 1547838.923613285000088
11099112.887311154167315 1547839.222199222500044
11099112.887311154167315 1547839.520785160000000
11099112.887311154167315 1547839.819371097499956
11099112.887311154167315 1547840.117957034999912
11099112.887311154167315 1547840.416542972499868
11099112.887311154167315 1547840.715128909999824
11099112.887311154167315 1547841.013714847499780
11099112.887311154167315 1547841.312300784999736
11099112.887311154167315 1547841.610886722499692
11099112.887311154167315 1547841.909472659999648
11099113.185891883333852 1547836.833511722500396
11099113.185891883333852 1547837.132097660000352
11099113.185891883333852 1547837.430683597500308
11099113.185891883333852 1547837.729269535000264
11099113.185891883333852 1547838.027855472500220
11099113.185891883333852 1547838.326441410000176
11099113.185891883333852 1547838.625027347500132
11099113.185891883333852 1547838.923613285000088
11099113.185891883333852 1547839.222199222500044
11099113.185891883333852 1547839.520785160000000
11099113.185891883333852 1547839.819371097499956
11099113.185891883333852 1547840.117957034999912
11099113.185891883333852 1547840.416542972499868
11099113.185891883333852 1547840.715128909999824
11099113.185891883333852 1547841.013714847499780
11099113.185891883333852 1547841.312300784999736
11099113.185891883333852 1547841.610886722499692
11099113.185891883333852 1547841.909472659999648
11099113.484472612500389 1547836.833511722500396
11099113.484472612500389 1547837.132097660000352
11099113.484472612500389 1547837.430683597500308
11099113.484472612500389 1547837.729269535000264
11099113.484472612500389 1547838.027855472500220
11099113.484472612500389 1547838.326441410000176
11099113.484472612500389 1547838.625027347500132
11099113.484472612500389 1547838.923613285000088
11099113.484472612500389 1547839.222199222500044
11099113.484472612500389 1547839.520785160000000
11099113.484472612500389 1547839.819371097499956
11099113.484472612500389 1547840.117957034999912
11099113.484472612500389 1547840.416542972499868
11099113.484472612500389 1547840.715128909999824
11099113.484472612500389 1547841.013714847499780
11099113.484472612500389 1547841.312300784999736
11099113.484472612500389 1547841.610886722499692
11099113.484472612500389 1547841.909472659999648
11099113.783053341666926 1547836.833511722500396
11099113.783053341666926 1547837.132097660000352
11099113.783053341666926 1547837.430683597500308
11099113.783053341666926 1547837.729269535000264
11099113.783053341666926 1547838.027855472500220
11099113.783053341666926 1547838.326441410000176
11099113.783053341666926 1547838.625027347500132
11099113.783053341666926 1547838.923613285000088
11099113.783053341666926 1547839.222199222500044
11099113.783053341666926 1547839.520785160000000
11099113.783053341666926 1547839.819371097499956
11099113.783053341666926 1547840.117957034999912
11099113.783053341666926 1547840.416542972499868
11099113.783053341666926 1547840.715128909999824
11099113.783053341666926 1547841.013714847499780
11099113.783053341666926 1547841.312300784999736
11099113.783053341666926 1547841.610886722499692
11099113.783053341666926 1547841.909472659999648
11099114.081634070833463 1547836.833511722500396
11099114.081634070833463 1547837.132097660000352
11099114.081634070833463 1547837.430683597500308
11099114.081634070833463 1547837.729269535000264
11099114.081634070833463 1547838.027855472500220
11099114.081634070833463 1547838.326441410000176
11099114.081634070833463 1547838.625027347500132
11099114.081634070833463 1547838.923613285000088
11099114.081634070833463 1547839.222199222500044
11099114.081634070833463 1547839.520785160000000
11099114.081634070833463 1547839.819371097499956
11099114.081634070833463 1547840.117957034999912
11099114.081634070833463 1547840.416542972499868
11099114.081634070833463 1547840.715128909999824
11099114.081634070833463 1547841.013714847499780
11099114.081634070833463 1547841.312300784999736
11099114.081634070833463 1547841.610886722499692
11099114.081634070833463 1547841.909472659999648
11099114.380214800000000 1547836.833511722500396
11099114.380214800000000 1547837.132097660000352
11099114.380214800000000 1547837.430683597500308
11099114.380214800000000 1547837.729269535000264
11099114.380214800000000 1547838.027855472500220
11099114.380214800000000 1547838.326441410000176
11099114.380214800000000 1547838.625027347500132
11099114.380214800000000 1547838.923613285000088
11099114.380214800000000 1547839.222199222500044
11099114.380214800000000 1547839.520785160000000
11099114.380214800000000 1547839.819371097499956
11099114.380214800000000 1547840.117957034999912
11099114.380214800000000 1547840.416542972499868
11099114.380214800000000 1547840.715128909999824
11099114.380214800000000 1547841.013714847499780
11099114.380214800000000 1547841.312300784999736
11099114.380214800000000 1547841.610886722499692
11099114.380214800000000 1547841.909472659999648
11099114.678795529166537 1547836.833511722500396
11099114.678795529166537 1547837.132097660000352
11099114.678795529166537 1547837.430683597500308
11099114.678795529166537 1547837.729269535000264
11099114.678795529166537 1547838.027855472500220
11099114.678795529166537 1547838.326441410000176
11099114.678795529166537 1547838.625027347500132
11099114.678795529166537 1547838.923613285000088
11099114.678795529166537 1547839.222199222500044
11099114.678795529166537 1547839.520785160000000
11099114.678795529166537 1547839.819371097499956
11099114.678795529166537 1547840.117957034999912
11099114.678795529166537 1547840.416542972499868
11099114.678795529166537 1547840.715128909999824
11099114.678795529166537 1547841.013714847499780
11099114.678795529166537 1547841.312300784999736
11099114.678795529166537 1547841.610886722499692
11099114.678795529166537 1547841.909472659999648
11099114.977376258333074 1547836.833511722500396
11099114.977376258333074 1547837.132097660000352
11099114.977376258333074 1547837.430683597500308
11099114.977376258333074 1547837.729269535000264
11099114.977376258333074 1547838.027855472500220
11099114.977376258333074 1547838.326441410000176
11099114.977376258333074 1547838.625027347500132
11099114.977376258333074 1547838.923613285000088
11099114.977376258333074 1547839.222199222500044
11099114.977376258333074 1547839.520785160000000
11099114.977376258333074 1547839.819371097499956
11099114.977376258333074 1547840.117957034999912
11099114.977376258333074 1547840.416542972499868
11099114.977376258333074 1547840.715128909999824
11099114.977376258333074 1547841.013714847499780
11099114.977376258333074 1547841.312300784999736
11099114.977376258333074 1547841.610886722499692
11099114.977376258333074 1547841.909472659999648
11099115.275956987499611 1547836.833511722500396
11099115.275956987499611 1547837.132097660000352
11099115.275956987499611 1547837.430683597500308
11099115.275956987499611 1547837.729269535000264
11099115.275956987499611 1547838.027855472500220
11099115.275956987499611 1547838.326441410000176
11099115.275956987499611 1547838.625027347500132
11099115.275956987499611 1547838.923613285000088
11099115.275956987499611 1547839.222199222500044
11099115.275956987499611 1547839.520785160000000
11099115.275956987499611 1547839.819371097499956
11099115.275956987499611 1547840.117957034999912
11099115.275956987499611 1547840.416542972499868
11099115.275956987499611 1547840.715128909999824
11099115.275956987499611 1547841.013714847499780
11099115.275956987499611 1547841.312300784999736
11099115.275956987499611 1547841.610886722499692
11099115.275956987499611 1547841.909472659999648
11099115.574537716666148 1547836.833511722500396
11099115.574537716666148 1547837.132097660000352
11099115.574537716666148 1547837.430683597500308
11099115.574537716666148 1547837.729269535000264
11099115.574537716666148 1547838.027855472500220
11099115.574537716666148 1547838.326441410000176
11099115.574537716666148 1547838.625027347500132
11099115.574537716666148 1547838.923613285000088
11099115.574537716666148 1547839.222199222500044
11099115.574537716666148 1547839.520785160000000
11099115.574537716666148 1547839.819371097499956
11099115.574537716666148 1547840.117957034999912
11099115.574537716666148 1547840.416542972499868
11099115.574537716666148 1547840.715128909999824
11099115.574537716666148 1547841.013714847499780
11099115.574537716666148 1547841.312300784999736
11099115.574537716666148 1547841.610886722499692
11099115.574537716666148 1547841.909472659999648
11099115.873118445832685 1547836.833511722500396
11099115.873118445832685 1547837.132097660000352
11099115.873118445832685 1547837.430683597500308
11099115.873118445832685 1547837.729269535000264
11099115.873118445832685 1547838.027855472500220
11099115.873118445832685 1547838.326441410000176
11099115.873118445832685 1547838.625027347500132
11099115.873118445832685 1547838.923613285000088
11099115.873118445832685 1547839.222199222500044
11099115.873118445832685 1547839.520785160000000
11099115.873118445832685 1547839.819371097499956
11099115.873118445832685 1547840.117957034999912
11099115.873118445832685 1547840.416542972499868
11099115.873118445832685 1547840.715128909999824
11099115.873118445832685 1547841.013714847499780
11099115.873118445832685 1547841.312300784999736
11099115.873118445832685 1547841.610886722499692
11099115.873118445832685 1547841.909472659999648
11099116.171699174999222 1547836.833511722500396
11099116.171699174999222 1547837.132097660000352
11099116.171699174999222 1547837.430683597500308
11099116.171699174999222 1547837.729269535000264
11099116.171699174999222 1547838.027855472500220
11099116.171699174999222 1547838.326441410000176
11099116.171699174999222 1547838.625027347500132
11099116.171699174999222 1547838.923613285000088
11099116.171699174999222 1547839.222199222500044
11099116.171699174999222 1547839.520785160000000
11099116.171699174999222 1547839.819371097499956
11099116.171699174999222 1547840.117957034999912
11099116.171699174999222 1547840.416542972499868
11099116.171699174999222 1547840.715128909999824
11099116.171699174999222 1547841.013714847499780
11099116.171699174999222 1547841.312300784999736
11099116.171699174999222 1547841.610886722499692
11099116.171699174999222 1547841.909472659999648
11099116.470279904165759 1547836.833511722500396
11099116.470279904165759 1547837.132097660000352
11099116.470279904165759 1547837.430683597500308
11099116.470279904165759 1547837.729269535000264
11099116.470279904165759 1547838.027855472500220
11099116.470279904165759 1547838.326441410000176
11099116.470279904165759 1547838.625027347500132
11099116.470279904165759 1547838.923613285000088
11099116.470279904165759 1547839.222199222500044
11099116.470279904165759 1547839.520785160000000
11099116.470279904165759 1547839.819371097499956
11099116.470279904165759 1547840.117957034999912
11099116.470279904165759 1547840.416542972499868
11099116.470279904165759 1547840.715128909999824
11099116.470279904165759 1547841.013714847499780
11099116.470279904165759 1547841.312300784999736
11099116.470279904165759 1547841.610886722499692
11099116.470279904165759 1547841.909472659999648
11099116.768860633332296 1547836.833511722500396
11099116.768860633332296 1547837.132097660000352
11099116.768860633332296 1547837.430683597500308
11099116.768860633332296 1547837.729269535000264
11099116.768860633332296 1547838.027855472500220
11099116.768860633332296 1547838.326441410000176
11099116.768860633332296 1547838.625027347500132
11099116.768860633332296 1547838.923613285000088
11099116.768860633332296 1547839.222199222500044
11099116.768860633332296 1547839.520785160000000
11099116.768860633332296 1547839.819371097499956
11099116.768860633332296 1547840.117957034999912
11099116.768860633332296 1547840.416542972499868
11099116.768860633332296 1547840.715128909999824
11099116.768860633332296 1547841.013714847499780
11099116.768860633332296 1547841.312300784999736
11099116.768860633332296 1547841.610886722499692
11099116.768860633332296 1547841.909472659999648
