11099135.878027337501167 1547826.084417972500396
11099135.878027337501167 1547826.383003910000352
11099135.878027337501167 1547826.681589847500308
11099135.878027337501167 1547826.980175785000264
11099135.878027337501167 1547827.278761722500220
11099135.878027337501167 1547827.577347660000176
11099135.878027337501167 1547827.875933597500132
11099135.878027337501167 1547828.174519535000088
11099135.878027337501167 1547828.473105472500044
11099135.878027337501167 1547828.771691410000000
11099135.878027337501167 1547829.070277347499956
11099135.878027337501167 1547829.368863284999912
11099135.878027337501167 1547829.667449222499868
11099135.878027337501167 1547829.966035159999824
11099135.878027337501167 1547830.264621097499780
11099135.878027337501167 1547830.563207034999736
11099135.878027337501167 1547830.861792972499692
11099135.878027337501167 1547831.160378909999648
11099136.176608066667704 1547826.084417972500396
11099136.176608066667704 1547826.383003910000352
11099136.176608066667704 1547826.681589847500308
11099136.176608066667704 1547826.980175785000264
11099136.176608066667704 1547827.278761722500220
11099136.176608066667704 1547827.577347660000176
11099136.176608066667704 1547827.875933597500132
11099136.176608066667704 1547828.174519535000088
11099136.176608066667704 1547828.473105472500044
11099136.176608066667704 1547828.771691410000000
11099136.176608066667704 1547829.070277347499956
11099136.176608066667704 1547829.368863284999912
11099136.176608066667704 1547829.667449222499868
11099136.176608066667704 1547829.966035159999824
11099136.176608066667704 1547830.264621097499780
11099136.176608066667704 1547830.563207034999736
11099136.176608066667704 1547830.861792972499692
11099136.176608066667704 1547831.160378909999648
11099136.475188795834241 1547826.084417972500396
11099136.475188795834241 1547826.383003910000352
11099136.475188795834241 1547826.681589847500308
11099136.475188795834241 1547826.980175785000264
11099136.475188795834241 1547827.278761722500220
11099136.475188795834241 1547827.577347660000176
11099136.475188795834241 1547827.875933597500132
11099136.475188795834241 1547828.174519535000088
11099136.475188795834241 1547828.473105472500044
11099136.475188795834241 1547828.771691410000000
11099136.475188795834241 1547829.070277347499956
11099136.475188795834241 1547829.368863284999912
11099136.475188795834241 1547829.667449222499868
11099136.475188795834241 1547829.966035159999824
11099136.475188795834241 1547830.264621097499780
11099136.475188795834241 1547830.563207034999736
11099136.475188795834241 1547830.861792972499692
11099136.475188795834241 1547831.160378909999648
11099136.773769525000778 1547826.084417972500396
11099136.773769525000778 1547826.383003910000352
11099136.773769525000778 1547826.681589847500308
11099136.773769525000778 1547826.980175785000264
11099136.773769525000778 1547827.278761722500220
11099136.773769525000778 1547827.577347660000176
11099136.773769525000778 1547827.875933597500132
11099136.773769525000778 1547828.174519535000088
11099136.773769525000778 1547828.473105472500044
11099136.773769525000778 1547828.771691410000000
11099136.773769525000778 1547829.070277347499956
11099136.773769525000778 1547829.368863284999912
11099136.773769525000778 1547829.667449222499868
11099136.773769525000778 1547829.966035159999824
11099136.773769525000778 1547830.264621097499780
11099136.773769525000778 1547830.563207034999736
11099136.773769525000778 1547830.861792972499692
11099136.773769525000778 1547831.160378909999648
11099137.072350254167315 1547826.084417972500396
11099137.072350254167315 1547826.383003910000352
11099137.072350254167315 1547826.681589847500308
11099137.072350254167315 1547826.980175785000264
11099137.072350254167315 1547827.278761722500220
11099137.072350254167315 1547827.577347660000176
11099137.072350254167315 1547827.875933597500132
11099137.072350254167315 1547828.174519535000088
11099137.072350254167315 1547828.473105472500044
11099137.072350254167315 1547828.771691410000000
11099137.072350254167315 1547829.070277347499956
11099137.072350254167315 1547829.368863284999912
11099137.072350254167315 1547829.667449222499868
11099137.072350254167315 1547829.966035159999824
11099137.072350254167315 1547830.264621097499780
11099137.072350254167315 1547830.563207034999736
11099137.072350254167315 1547830.861792972499692
11099137.072350254167315 1547831.160378909999648
11099137.370930983333852 1547826.084417972500396
11099137.370930983333852 1547826.383003910000352
11099137.370930983333852 1547826.681589847500308
11099137.370930983333852 1547826.980175785000264
11099137.370930983333852 1547827.278761722500220
11099137.370930983333852 1547827.577347660000176
11099137.370930983333852 1547827.875933597500132
11099137.370930983333852 1547828.174519535000088
11099137.370930983333852 1547828.473105472500044
11099137.370930983333852 1547828.771691410000000
11099137.370930983333852 1547829.070277347499956
11099137.370930983333852 1547829.368863284999912
11099137.370930983333852 1547829.667449222499868
11099137.370930983333852 1547829.966035159999824
11099137.370930983333852 1547830.264621097499780
11099137.370930983333852 1547830.563207034999736
11099137.370930983333852 1547830.861792972499692
11099137.370930983333852 1547831.160378909999648
11099137.669511712500389 1547826.084417972500396
11099137.669511712500389 1547826.383003910000352
11099137.669511712500389 1547826.681589847500308
11099137.669511712500389 1547826.980175785000264
11099137.669511712500389 1547827.278761722500220
11099137.669511712500389 1547827.577347660000176
11099137.669511712500389 1547827.875933597500132
11099137.669511712500389 1547828.174519535000088
11099137.669511712500389 1547828.473105472500044
11099137.669511712500389 1547828.771691410000000
11099137.669511712500389 1547829.070277347499956
11099137.669511712500389 1547829.368863284999912
11099137.669511712500389 1547829.667449222499868
11099137.669511712500389 1547829.966035159999824
11099137.669511712500389 1547830.264621097499780
11099137.669511712500389 1547830.563207034999736
11099137.669511712500389 1547830.861792972499692
11099137.669511712500389 1547831.160378909999648
11099137.968092441666926 1547826.084417972500396
11099137.968092441666926 1547826.383003910000352
11099137.968092441666926 1547826.681589847500308
11099137.968092441666926 1547826.980175785000264
11099137.968092441666926 1547827.278761722500220
11099137.968092441666926 1547827.577347660000176
11099137.968092441666926 1547827.875933597500132
11099137.968092441666926 1547828.174519535000088
11099137.968092441666926 1547828.473105472500044
11099137.968092441666926 1547828.771691410000000
11099137.968092441666926 1547829.070277347499956
11099137.968092441666926 1547829.368863284999912
11099137.968092441666926 1547829.667449222499868
11099137.968092441666926 1547829.966035159999824
11099137.968092441666926 1547830.264621097499780
11099137.968092441666926 1547830.563207034999736
11099137.968092441666926 1547830.861792972499692
11099137.968092441666926 1547831.160378909999648
11099138.266673170833463 1547826.084417972500396
11099138.266673170833463 1547826.383003910000352
11099138.266673170833463 1547826.681589847500308
11099138.266673170833463 1547826.980175785000264
11099138.266673170833463 1547827.278761722500220
11099138.266673170833463 1547827.577347660000176
11099138.266673170833463 1547827.875933597500132
11099138.266673170833463 1547828.174519535000088
11099138.266673170833463 1547828.473105472500044
11099138.266673170833463 1547828.771691410000000
11099138.266673170833463 1547829.070277347499956
11099138.266673170833463 1547829.368863284999912
11099138.266673170833463 1547829.667449222499868
11099138.266673170833463 1547829.966035159999824
11099138.266673170833463 1547830.264621097499780
11099138.266673170833463 1547830.563207034999736
11099138.266673170833463 1547830.861792972499692
11099138.266673170833463 1547831.160378909999648
11099138.565253900000000 1547826.084417972500396
11099138.565253900000000 1547826.383003910000352
11099138.565253900000000 1547826.681589847500308
11099138.565253900000000 1547826.980175785000264
11099138.565253900000000 1547827.278761722500220
11099138.565253900000000 1547827.577347660000176
11099138.565253900000000 1547827.875933597500132
11099138.565253900000000 1547828.174519535000088
11099138.565253900000000 1547828.473105472500044
11099138.565253900000000 1547828.771691410000000
11099138.565253900000000 1547829.070277347499956
11099138.565253900000000 1547829.368863284999912
11099138.565253900000000 1547829.667449222499868
11099138.565253900000000 1547829.966035159999824
11099138.565253900000000 1547830.264621097499780
11099138.565253900000000 1547830.563207034999736
11099138.565253900000000 1547830.861792972499692
11099138.565253900000000 1547831.160378909999648
11099138.863834629166537 1547826.084417972500396
11099138.863834629166537 1547826.383003910000352
11099138.863834629166537 1547826.681589847500308
11099138.863834629166537 1547826.980175785000264
11099138.863834629166537 1547827.278761722500220
11099138.863834629166537 1547827.577347660000176
11099138.863834629166537 1547827.875933597500132
11099138.863834629166537 1547828.174519535000088
11099138.863834629166537 1547828.473105472500044
11099138.863834629166537 1547828.771691410000000
11099138.863834629166537 1547829.070277347499956
11099138.863834629166537 1547829.368863284999912
11099138.863834629166537 1547829.667449222499868
11099138.863834629166537 1547829.966035159999824
11099138.863834629166537 1547830.264621097499780
11099138.863834629166537 1547830.563207034999736
11099138.863834629166537 1547830.861792972499692
11099138.863834629166537 1547831.160378909999648
11099139.162415358333074 1547826.084417972500396
11099139.162415358333074 1547826.383003910000352
11099139.162415358333074 1547826.681589847500308
11099139.162415358333074 1547826.980175785000264
11099139.162415358333074 1547827.278761722500220
11099139.162415358333074 1547827.577347660000176
11099139.162415358333074 1547827.875933597500132
11099139.162415358333074 1547828.174519535000088
11099139.162415358333074 1547828.473105472500044
11099139.162415358333074 1547828.771691410000000
11099139.162415358333074 1547829.070277347499956
11099139.162415358333074 1547829.368863284999912
11099139.162415358333074 1547829.667449222499868
11099139.162415358333074 1547829.966035159999824
11099139.162415358333074 1547830.264621097499780
11099139.162415358333074 1547830.563207034999736
11099139.162415358333074 1547830.861792972499692
11099139.162415358333074 1547831.160378909999648
11099139.460996087499611 1547826.084417972500396
11099139.460996087499611 1547826.383003910000352
11099139.460996087499611 1547826.681589847500308
11099139.460996087499611 1547826.980175785000264
11099139.460996087499611 1547827.278761722500220
11099139.460996087499611 1547827.577347660000176
11099139.460996087499611 1547827.875933597500132
11099139.460996087499611 1547828.174519535000088
11099139.460996087499611 1547828.473105472500044
11099139.460996087499611 1547828.771691410000000
11099139.460996087499611 1547829.070277347499956
11099139.460996087499611 1547829.368863284999912
11099139.460996087499611 1547829.667449222499868
11099139.460996087499611 1547829.966035159999824
11099139.460996087499611 1547830.264621097499780
11099139.460996087499611 1547830.563207034999736
11099139.460996087499611 1547830.861792972499692
11099139.460996087499611 1547831.160378909999648
11099139.759576816666148 1547826.084417972500396
11099139.759576816666148 1547826.383003910000352
11099139.759576816666148 1547826.681589847500308
11099139.759576816666148 1547826.980175785000264
11099139.759576816666148 1547827.278761722500220
11099139.759576816666148 1547827.577347660000176
11099139.759576816666148 1547827.875933597500132
11099139.759576816666148 1547828.174519535000088
11099139.759576816666148 1547828.473105472500044
11099139.759576816666148 1547828.771691410000000
11099139.759576816666148 1547829.070277347499956
11099139.759576816666148 1547829.368863284999912
11099139.759576816666148 1547829.667449222499868
11099139.759576816666148 1547829.966035159999824
11099139.759576816666148 1547830.264621097499780
11099139.759576816666148 1547830.563207034999736
11099139.759576816666148 1547830.861792972499692
11099139.759576816666148 1547831.160378909999648
11099140.058157545832685 1547826.084417972500396
11099140.058157545832685 1547826.383003910000352
11099140.058157545832685 1547826.681589847500308
11099140.058157545832685 1547826.980175785000264
11099140.058157545832685 1547827.278761722500220
11099140.058157545832685 1547827.577347660000176
11099140.058157545832685 1547827.875933597500132
11099140.058157545832685 1547828.174519535000088
11099140.058157545832685 1547828.473105472500044
11099140.058157545832685 1547828.771691410000000
11099140.058157545832685 1547829.070277347499956
11099140.058157545832685 1547829.368863284999912
11099140.058157545832685 1547829.667449222499868
11099140.058157545832685 1547829.966035159999824
11099140.058157545832685 1547830.264621097499780
11099140.058157545832685 1547830.563207034999736
11099140.058157545832685 1547830.861792972499692
11099140.058157545832685 1547831.160378909999648
11099140.356738274999222 1547826.084417972500396
11099140.356738274999222 1547826.383003910000352
11099140.356738274999222 1547826.681589847500308
11099140.356738274999222 1547826.980175785000264
11099140.356738274999222 1547827.278761722500220
11099140.356738274999222 1547827.577347660000176
11099140.356738274999222 1547827.875933597500132
11099140.356738274999222 1547828.174519535000088
11099140.356738274999222 1547828.473105472500044
11099140.356738274999222 1547828.771691410000000
11099140.356738274999222 1547829.070277347499956
11099140.356738274999222 1547829.368863284999912
11099140.356738274999222 1547829.667449222499868
11099140.356738274999222 1547829.966035159999824
11099140.356738274999222 1547830.264621097499780
11099140.356738274999222 1547830.563207034999736
11099140.356738274999222 1547830.861792972499692
11099140.356738274999222 1547831.160378909999648
11099140.655319004165759 1547826.084417972500396
11099140.655319004165759 1547826.383003910000352
11099140.655319004165759 1547826.681589847500308
11099140.655319004165759 1547826.980175785000264
11099140.655319004165759 1547827.278761722500220
11099140.655319004165759 1547827.577347660000176
11099140.655319004165759 1547827.875933597500132
11099140.655319004165759 1547828.174519535000088
11099140.655319004165759 1547828.473105472500044
11099140.655319004165759 1547828.771691410000000
11099140.655319004165759 1547829.070277347499956
11099140.655319004165759 1547829.368863284999912
11099140.655319004165759 1547829.667449222499868
11099140.655319004165759 1547829.966035159999824
11099140.655319004165759 1547830.264621097499780
11099140.655319004165759 1547830.563207034999736
11099140.655319004165759 1547830.861792972499692
11099140.655319004165759 1547831.160378909999648
11099140.953899733332296 1547826.084417972500396
11099140.953899733332296 1547826.383003910000352
11099140.953899733332296 1547826.681589847500308
11099140.953899733332296 1547826.980175785000264
11099140.953899733332296 1547827.278761722500220
11099140.953899733332296 1547827.577347660000176
11099140.953899733332296 1547827.875933597500132
11099140.953899733332296 1547828.174519535000088
11099140.953899733332296 1547828.473105472500044
11099140.953899733332296 1547828.771691410000000
11099140.953899733332296 1547829.070277347499956
11099140.953899733332296 1547829.368863284999912
11099140.953899733332296 1547829.667449222499868
11099140.953899733332296 1547829.966035159999824
11099140.953899733332296 1547830.264621097499780
11099140.953899733332296 1547830.563207034999736
11099140.953899733332296 1547830.861792972499692
11099140.953899733332296 1547831.160378909999648
