11099194.399850237501167 1547672.909832032500396
11099194.399850237501167 1547673.208417970000352
11099194.399850237501167 1547673.507003907500308
11099194.399850237501167 1547673.805589845000264
11099194.399850237501167 1547674.104175782500220
11099194.399850237501167 1547674.402761720000176
11099194.399850237501167 1547674.701347657500132
11099194.399850237501167 1547674.999933595000088
11099194.399850237501167 1547675.298519532500044
11099194.399850237501167 1547675.597105470000000
11099194.399850237501167 1547675.895691407499956
11099194.399850237501167 1547676.194277344999912
11099194.399850237501167 1547676.492863282499868
11099194.399850237501167 1547676.791449219999824
11099194.399850237501167 1547677.090035157499780
11099194.399850237501167 1547677.388621094999736
11099194.399850237501167 1547677.687207032499692
11099194.399850237501167 1547677.985792969999648
11099194.698430966667704 1547672.909832032500396
11099194.698430966667704 1547673.208417970000352
11099194.698430966667704 1547673.507003907500308
11099194.698430966667704 1547673.805589845000264
11099194.698430966667704 1547674.104175782500220
11099194.698430966667704 1547674.402761720000176
11099194.698430966667704 1547674.701347657500132
11099194.698430966667704 1547674.999933595000088
11099194.698430966667704 1547675.298519532500044
11099194.698430966667704 1547675.597105470000000
11099194.698430966667704 1547675.895691407499956
11099194.698430966667704 1547676.194277344999912
11099194.698430966667704 1547676.492863282499868
11099194.698430966667704 1547676.791449219999824
11099194.698430966667704 1547677.090035157499780
11099194.698430966667704 1547677.388621094999736
11099194.698430966667704 1547677.687207032499692
11099194.698430966667704 1547677.985792969999648
11099194.997011695834241 1547672.909832032500396
11099194.997011695834241 1547673.208417970000352
11099194.997011695834241 1547673.507003907500308
11099194.997011695834241 1547673.805589845000264
11099194.997011695834241 1547674.104175782500220
11099194.997011695834241 1547674.402761720000176
11099194.997011695834241 1547674.701347657500132
11099194.997011695834241 1547674.999933595000088
11099194.997011695834241 1547675.298519532500044
11099194.997011695834241 1547675.597105470000000
11099194.997011695834241 1547675.895691407499956
11099194.997011695834241 1547676.194277344999912
11099194.997011695834241 1547676.492863282499868
11099194.997011695834241 1547676.791449219999824
11099194.997011695834241 1547677.090035157499780
11099194.997011695834241 1547677.388621094999736
11099194.997011695834241 1547677.687207032499692
11099194.997011695834241 1547677.985792969999648
11099195.295592425000778 1547672.909832032500396
11099195.295592425000778 1547673.208417970000352
11099195.295592425000778 1547673.507003907500308
11099195.295592425000778 1547673.805589845000264
11099195.295592425000778 1547674.104175782500220
11099195.295592425000778 1547674.402761720000176
11099195.295592425000778 1547674.701347657500132
11099195.295592425000778 1547674.999933595000088
11099195.295592425000778 1547675.298519532500044
11099195.295592425000778 1547675.597105470000000
11099195.295592425000778 1547675.895691407499956
11099195.295592425000778 1547676.194277344999912
11099195.295592425000778 1547676.492863282499868
11099195.295592425000778 1547676.791449219999824
11099195.295592425000778 1547677.090035157499780
11099195.295592425000778 1547677.388621094999736
11099195.295592425000778 1547677.687207032499692
11099195.295592425000778 1547677.985792969999648
11099195.594173154167315 1547672.909832032500396
11099195.594173154167315 1547673.208417970000352
11099195.594173154167315 1547673.507003907500308
11099195.594173154167315 1547673.805589845000264
11099195.594173154167315 1547674.104175782500220
11099195.594173154167315 1547674.402761720000176
11099195.594173154167315 1547674.701347657500132
11099195.594173154167315 1547674.999933595000088
11099195.594173154167315 1547675.298519532500044
11099195.594173154167315 1547675.597105470000000
11099195.594173154167315 1547675.895691407499956
11099195.594173154167315 1547676.194277344999912
11099195.594173154167315 1547676.492863282499868
11099195.594173154167315 1547676.791449219999824
11099195.594173154167315 1547677.090035157499780
11099195.594173154167315 1547677.388621094999736
11099195.594173154167315 1547677.687207032499692
11099195.594173154167315 1547677.985792969999648
11099195.892753883333852 1547672.909832032500396
11099195.892753883333852 1547673.208417970000352
11099195.892753883333852 1547673.507003907500308
11099195.892753883333852 1547673.805589845000264
11099195.892753883333852 1547674.104175782500220
11099195.892753883333852 1547674.402761720000176
11099195.892753883333852 1547674.701347657500132
11099195.892753883333852 1547674.999933595000088
11099195.892753883333852 1547675.298519532500044
11099195.892753883333852 1547675.597105470000000
11099195.892753883333852 1547675.895691407499956
11099195.892753883333852 1547676.194277344999912
11099195.892753883333852 1547676.492863282499868
11099195.892753883333852 1547676.791449219999824
11099195.892753883333852 1547677.090035157499780
11099195.892753883333852 1547677.388621094999736
11099195.892753883333852 1547677.687207032499692
11099195.892753883333852 1547677.985792969999648
11099196.191334612500389 1547672.909832032500396
11099196.191334612500389 1547673.208417970000352
11099196.191334612500389 1547673.507003907500308
11099196.191334612500389 1547673.805589845000264
11099196.191334612500389 1547674.104175782500220
11099196.191334612500389 1547674.402761720000176
11099196.191334612500389 1547674.701347657500132
11099196.191334612500389 1547674.999933595000088
11099196.191334612500389 1547675.298519532500044
11099196.191334612500389 1547675.597105470000000
11099196.191334612500389 1547675.895691407499956
11099196.191334612500389 1547676.194277344999912
11099196.191334612500389 1547676.492863282499868
11099196.191334612500389 1547676.791449219999824
11099196.191334612500389 1547677.090035157499780
11099196.191334612500389 1547677.388621094999736
11099196.191334612500389 1547677.687207032499692
11099196.191334612500389 1547677.985792969999648
11099196.489915341666926 1547672.909832032500396
11099196.489915341666926 1547673.208417970000352
11099196.489915341666926 1547673.507003907500308
11099196.489915341666926 1547673.805589845000264
11099196.489915341666926 1547674.104175782500220
11099196.489915341666926 1547674.402761720000176
11099196.489915341666926 1547674.701347657500132
11099196.489915341666926 1547674.999933595000088
11099196.489915341666926 1547675.298519532500044
11099196.489915341666926 1547675.597105470000000
11099196.489915341666926 1547675.895691407499956
11099196.489915341666926 1547676.194277344999912
11099196.489915341666926 1547676.492863282499868
11099196.489915341666926 1547676.791449219999824
11099196.489915341666926 1547677.090035157499780
11099196.489915341666926 1547677.388621094999736
11099196.489915341666926 1547677.687207032499692
11099196.489915341666926 1547677.985792969999648
11099196.788496070833463 1547672.909832032500396
11099196.788496070833463 1547673.208417970000352
11099196.788496070833463 1547673.507003907500308
11099196.788496070833463 1547673.805589845000264
11099196.788496070833463 1547674.104175782500220
11099196.788496070833463 1547674.402761720000176
11099196.788496070833463 1547674.701347657500132
11099196.788496070833463 1547674.999933595000088
11099196.788496070833463 1547675.298519532500044
11099196.788496070833463 1547675.597105470000000
11099196.788496070833463 1547675.895691407499956
11099196.788496070833463 1547676.194277344999912
11099196.788496070833463 1547676.492863282499868
11099196.788496070833463 1547676.791449219999824
11099196.788496070833463 1547677.090035157499780
11099196.788496070833463 1547677.388621094999736
11099196.788496070833463 1547677.687207032499692
11099196.788496070833463 1547677.985792969999648
11099197.087076800000000 1547672.909832032500396
11099197.087076800000000 1547673.208417970000352
11099197.087076800000000 1547673.507003907500308
11099197.087076800000000 1547673.805589845000264
11099197.087076800000000 1547674.104175782500220
11099197.087076800000000 1547674.402761720000176
11099197.087076800000000 1547674.701347657500132
11099197.087076800000000 1547674.999933595000088
11099197.087076800000000 1547675.298519532500044
11099197.087076800000000 1547675.597105470000000
11099197.087076800000000 1547675.895691407499956
11099197.087076800000000 1547676.194277344999912
11099197.087076800000000 1547676.492863282499868
11099197.087076800000000 1547676.791449219999824
11099197.087076800000000 1547677.090035157499780
11099197.087076800000000 1547677.388621094999736
11099197.087076800000000 1547677.687207032499692
11099197.087076800000000 1547677.985792969999648
11099197.385657529166537 1547672.909832032500396
11099197.385657529166537 1547673.208417970000352
11099197.385657529166537 1547673.507003907500308
11099197.385657529166537 1547673.805589845000264
11099197.385657529166537 1547674.104175782500220
11099197.385657529166537 1547674.402761720000176
11099197.385657529166537 1547674.701347657500132
11099197.385657529166537 1547674.999933595000088
11099197.385657529166537 1547675.298519532500044
11099197.385657529166537 1547675.597105470000000
11099197.385657529166537 1547675.895691407499956
11099197.385657529166537 1547676.194277344999912
11099197.385657529166537 1547676.492863282499868
11099197.385657529166537 1547676.791449219999824
11099197.385657529166537 1547677.090035157499780
11099197.385657529166537 1547677.388621094999736
11099197.385657529166537 1547677.687207032499692
11099197.385657529166537 1547677.985792969999648
11099197.684238258333074 1547672.909832032500396
11099197.684238258333074 1547673.208417970000352
11099197.684238258333074 1547673.507003907500308
11099197.684238258333074 1547673.805589845000264
11099197.684238258333074 1547674.104175782500220
11099197.684238258333074 1547674.402761720000176
11099197.684238258333074 1547674.701347657500132
11099197.684238258333074 1547674.999933595000088
11099197.684238258333074 1547675.298519532500044
11099197.684238258333074 1547675.597105470000000
11099197.684238258333074 1547675.895691407499956
11099197.684238258333074 1547676.194277344999912
11099197.684238258333074 1547676.492863282499868
11099197.684238258333074 1547676.791449219999824
11099197.684238258333074 1547677.090035157499780
11099197.684238258333074 1547677.388621094999736
11099197.684238258333074 1547677.687207032499692
11099197.684238258333074 1547677.985792969999648
11099197.982818987499611 1547672.909832032500396
11099197.982818987499611 1547673.208417970000352
11099197.982818987499611 1547673.507003907500308
11099197.982818987499611 1547673.805589845000264
11099197.982818987499611 1547674.104175782500220
11099197.982818987499611 1547674.402761720000176
11099197.982818987499611 1547674.701347657500132
11099197.982818987499611 1547674.999933595000088
11099197.982818987499611 1547675.298519532500044
11099197.982818987499611 1547675.597105470000000
11099197.982818987499611 1547675.895691407499956
11099197.982818987499611 1547676.194277344999912
11099197.982818987499611 1547676.492863282499868
11099197.982818987499611 1547676.791449219999824
11099197.982818987499611 1547677.090035157499780
11099197.982818987499611 1547677.388621094999736
11099197.982818987499611 1547677.687207032499692
11099197.982818987499611 1547677.985792969999648
11099198.281399716666148 1547672.909832032500396
11099198.281399716666148 1547673.208417970000352
11099198.281399716666148 1547673.507003907500308
11099198.281399716666148 1547673.805589845000264
11099198.281399716666148 1547674.104175782500220
11099198.281399716666148 1547674.402761720000176
11099198.281399716666148 1547674.701347657500132
11099198.281399716666148 1547674.999933595000088
11099198.281399716666148 1547675.298519532500044
11099198.281399716666148 1547675.597105470000000
11099198.281399716666148 1547675.895691407499956
11099198.281399716666148 1547676.194277344999912
11099198.281399716666148 1547676.492863282499868
11099198.281399716666148 1547676.791449219999824
11099198.281399716666148 1547677.090035157499780
11099198.281399716666148 1547677.388621094999736
11099198.281399716666148 1547677.687207032499692
11099198.281399716666148 1547677.985792969999648
11099198.579980445832685 1547672.909832032500396
11099198.579980445832685 1547673.208417970000352
11099198.579980445832685 1547673.507003907500308
11099198.579980445832685 1547673.805589845000264
11099198.579980445832685 1547674.104175782500220
11099198.579980445832685 1547674.402761720000176
11099198.579980445832685 1547674.701347657500132
11099198.579980445832685 1547674.999933595000088
11099198.579980445832685 1547675.298519532500044
11099198.579980445832685 1547675.597105470000000
11099198.579980445832685 1547675.895691407499956
11099198.579980445832685 1547676.194277344999912
11099198.579980445832685 1547676.492863282499868
11099198.579980445832685 1547676.791449219999824
11099198.579980445832685 1547677.090035157499780
11099198.579980445832685 1547677.388621094999736
11099198.579980445832685 1547677.687207032499692
11099198.579980445832685 1547677.985792969999648
11099198.878561174999222 1547672.909832032500396
11099198.878561174999222 1547673.208417970000352
11099198.878561174999222 1547673.507003907500308
11099198.878561174999222 1547673.805589845000264
11099198.878561174999222 1547674.104175782500220
11099198.878561174999222 1547674.402761720000176
11099198.878561174999222 1547674.701347657500132
11099198.878561174999222 1547674.999933595000088
11099198.878561174999222 1547675.298519532500044
11099198.878561174999222 1547675.597105470000000
11099198.878561174999222 1547675.895691407499956
11099198.878561174999222 1547676.194277344999912
11099198.878561174999222 1547676.492863282499868
11099198.878561174999222 1547676.791449219999824
11099198.878561174999222 1547677.090035157499780
11099198.878561174999222 1547677.388621094999736
11099198.878561174999222 1547677.687207032499692
11099198.878561174999222 1547677.985792969999648
11099199.177141904165759 1547672.909832032500396
11099199.177141904165759 1547673.208417970000352
11099199.177141904165759 1547673.507003907500308
11099199.177141904165759 1547673.805589845000264
11099199.177141904165759 1547674.104175782500220
11099199.177141904165759 1547674.402761720000176
11099199.177141904165759 1547674.701347657500132
11099199.177141904165759 1547674.999933595000088
11099199.177141904165759 1547675.298519532500044
11099199.177141904165759 1547675.597105470000000
11099199.177141904165759 1547675.895691407499956
11099199.177141904165759 1547676.194277344999912
11099199.177141904165759 1547676.492863282499868
11099199.177141904165759 1547676.791449219999824
11099199.177141904165759 1547677.090035157499780
11099199.177141904165759 1547677.388621094999736
11099199.177141904165759 1547677.687207032499692
11099199.177141904165759 1547677.985792969999648
11099199.475722633332296 1547672.909832032500396
11099199.475722633332296 1547673.208417970000352
11099199.475722633332296 1547673.507003907500308
11099199.475722633332296 1547673.805589845000264
11099199.475722633332296 1547674.104175782500220
11099199.475722633332296 1547674.402761720000176
11099199.475722633332296 1547674.701347657500132
11099199.475722633332296 1547674.999933595000088
11099199.475722633332296 1547675.298519532500044
11099199.475722633332296 1547675.597105470000000
11099199.475722633332296 1547675.895691407499956
11099199.475722633332296 1547676.194277344999912
11099199.475722633332296 1547676.492863282499868
11099199.475722633332296 1547676.791449219999824
11099199.475722633332296 1547677.090035157499780
11099199.475722633332296 1547677.388621094999736
11099199.475722633332296 1547677.687207032499692
11099199.475722633332296 1547677.985792969999648
