11099147.821256537501167 1547613.789816402500396
11099147.821256537501167 1547614.088402340000352
11099147.821256537501167 1547614.386988277500308
11099147.821256537501167 1547614.685574215000264
11099147.821256537501167 1547614.984160152500220
11099147.821256537501167 1547615.282746090000176
11099147.821256537501167 1547615.581332027500132
11099147.821256537501167 1547615.879917965000088
11099147.821256537501167 1547616.178503902500044
11099147.821256537501167 1547616.477089840000000
11099147.821256537501167 1547616.775675777499956
11099147.821256537501167 1547617.074261714999912
11099147.821256537501167 1547617.372847652499868
11099147.821256537501167 1547617.671433589999824
11099147.821256537501167 1547617.970019527499780
11099147.821256537501167 1547618.268605464999736
11099147.821256537501167 1547618.567191402499692
11099147.821256537501167 1547618.865777339999648
11099148.119837266667704 1547613.789816402500396
11099148.119837266667704 1547614.088402340000352
11099148.119837266667704 1547614.386988277500308
11099148.119837266667704 1547614.685574215000264
11099148.119837266667704 1547614.984160152500220
11099148.119837266667704 1547615.282746090000176
11099148.119837266667704 1547615.581332027500132
11099148.119837266667704 1547615.879917965000088
11099148.119837266667704 1547616.178503902500044
11099148.119837266667704 1547616.477089840000000
11099148.119837266667704 1547616.775675777499956
11099148.119837266667704 1547617.074261714999912
11099148.119837266667704 1547617.372847652499868
11099148.119837266667704 1547617.671433589999824
11099148.119837266667704 1547617.970019527499780
11099148.119837266667704 1547618.268605464999736
11099148.119837266667704 1547618.567191402499692
11099148.119837266667704 1547618.865777339999648
11099148.418417995834241 1547613.789816402500396
11099148.418417995834241 1547614.088402340000352
11099148.418417995834241 1547614.386988277500308
11099148.418417995834241 1547614.685574215000264
11099148.418417995834241 1547614.984160152500220
11099148.418417995834241 1547615.282746090000176
11099148.418417995834241 1547615.581332027500132
11099148.418417995834241 1547615.879917965000088
11099148.418417995834241 1547616.178503902500044
11099148.418417995834241 1547616.477089840000000
11099148.418417995834241 1547616.775675777499956
11099148.418417995834241 1547617.074261714999912
11099148.418417995834241 1547617.372847652499868
11099148.418417995834241 1547617.671433589999824
11099148.418417995834241 1547617.970019527499780
11099148.418417995834241 1547618.268605464999736
11099148.418417995834241 1547618.567191402499692
11099148.418417995834241 1547618.865777339999648
11099148.716998725000778 1547613.789816402500396
11099148.716998725000778 1547614.088402340000352
11099148.716998725000778 1547614.386988277500308
11099148.716998725000778 1547614.685574215000264
11099148.716998725000778 1547614.984160152500220
11099148.716998725000778 1547615.282746090000176
11099148.716998725000778 1547615.581332027500132
11099148.716998725000778 1547615.879917965000088
11099148.716998725000778 1547616.178503902500044
11099148.716998725000778 1547616.477089840000000
11099148.716998725000778 1547616.775675777499956
11099148.716998725000778 1547617.074261714999912
11099148.716998725000778 1547617.372847652499868
11099148.716998725000778 1547617.671433589999824
11099148.716998725000778 1547617.970019527499780
11099148.716998725000778 1547618.268605464999736
11099148.716998725000778 1547618.567191402499692
11099148.716998725000778 1547618.865777339999648
11099149.015579454167315 1547613.789816402500396
11099149.015579454167315 1547614.088402340000352
11099149.015579454167315 1547614.386988277500308
11099149.015579454167315 1547614.685574215000264
11099149.015579454167315 1547614.984160152500220
11099149.015579454167315 1547615.282746090000176
11099149.015579454167315 1547615.581332027500132
11099149.015579454167315 1547615.879917965000088
11099149.015579454167315 1547616.178503902500044
11099149.015579454167315 1547616.477089840000000
11099149.015579454167315 1547616.775675777499956
11099149.015579454167315 1547617.074261714999912
11099149.015579454167315 1547617.372847652499868
11099149.015579454167315 1547617.671433589999824
11099149.015579454167315 1547617.970019527499780
11099149.015579454167315 1547618.268605464999736
11099149.015579454167315 1547618.567191402499692
11099149.015579454167315 1547618.865777339999648
11099149.314160183333852 1547613.789816402500396
11099149.314160183333852 1547614.088402340000352
11099149.314160183333852 1547614.386988277500308
11099149.314160183333852 1547614.685574215000264
11099149.314160183333852 1547614.984160152500220
11099149.314160183333852 1547615.282746090000176
11099149.314160183333852 1547615.581332027500132
11099149.314160183333852 1547615.879917965000088
11099149.314160183333852 1547616.178503902500044
11099149.314160183333852 1547616.477089840000000
11099149.314160183333852 1547616.775675777499956
11099149.314160183333852 1547617.074261714999912
11099149.314160183333852 1547617.372847652499868
11099149.314160183333852 1547617.671433589999824
11099149.314160183333852 1547617.970019527499780
11099149.314160183333852 1547618.268605464999736
11099149.314160183333852 1547618.567191402499692
11099149.314160183333852 1547618.865777339999648
11099149.612740912500389 1547613.789816402500396
11099149.612740912500389 1547614.088402340000352
11099149.612740912500389 1547614.386988277500308
11099149.612740912500389 1547614.685574215000264
11099149.612740912500389 1547614.984160152500220
11099149.612740912500389 1547615.282746090000176
11099149.612740912500389 1547615.581332027500132
11099149.612740912500389 1547615.879917965000088
11099149.612740912500389 1547616.178503902500044
11099149.612740912500389 1547616.477089840000000
11099149.612740912500389 1547616.775675777499956
11099149.612740912500389 1547617.074261714999912
11099149.612740912500389 1547617.372847652499868
11099149.612740912500389 1547617.671433589999824
11099149.612740912500389 1547617.970019527499780
11099149.612740912500389 1547618.268605464999736
11099149.612740912500389 1547618.567191402499692
11099149.612740912500389 1547618.865777339999648
11099149.911321641666926 1547613.789816402500396
11099149.911321641666926 1547614.088402340000352
11099149.911321641666926 1547614.386988277500308
11099149.911321641666926 1547614.685574215000264
11099149.911321641666926 1547614.984160152500220
11099149.911321641666926 1547615.282746090000176
11099149.911321641666926 1547615.581332027500132
11099149.911321641666926 1547615.879917965000088
11099149.911321641666926 1547616.178503902500044
11099149.911321641666926 1547616.477089840000000
11099149.911321641666926 1547616.775675777499956
11099149.911321641666926 1547617.074261714999912
11099149.911321641666926 1547617.372847652499868
11099149.911321641666926 1547617.671433589999824
11099149.911321641666926 1547617.970019527499780
11099149.911321641666926 1547618.268605464999736
11099149.911321641666926 1547618.567191402499692
11099149.911321641666926 1547618.865777339999648
11099150.209902370833463 1547613.789816402500396
11099150.209902370833463 1547614.088402340000352
11099150.209902370833463 1547614.386988277500308
11099150.209902370833463 1547614.685574215000264
11099150.209902370833463 1547614.984160152500220
11099150.209902370833463 1547615.282746090000176
11099150.209902370833463 1547615.581332027500132
11099150.209902370833463 1547615.879917965000088
11099150.209902370833463 1547616.178503902500044
11099150.209902370833463 1547616.477089840000000
11099150.209902370833463 1547616.775675777499956
11099150.209902370833463 1547617.074261714999912
11099150.209902370833463 1547617.372847652499868
11099150.209902370833463 1547617.671433589999824
11099150.209902370833463 1547617.970019527499780
11099150.209902370833463 1547618.268605464999736
11099150.209902370833463 1547618.567191402499692
11099150.209902370833463 1547618.865777339999648
11099150.508483100000000 1547613.789816402500396
11099150.508483100000000 1547614.088402340000352
11099150.508483100000000 1547614.386988277500308
11099150.508483100000000 1547614.685574215000264
11099150.508483100000000 1547614.984160152500220
11099150.508483100000000 1547615.282746090000176
11099150.508483100000000 1547615.581332027500132
11099150.508483100000000 1547615.879917965000088
11099150.508483100000000 1547616.178503902500044
11099150.508483100000000 1547616.477089840000000
11099150.508483100000000 1547616.775675777499956
11099150.508483100000000 1547617.074261714999912
11099150.508483100000000 1547617.372847652499868
11099150.508483100000000 1547617.671433589999824
11099150.508483100000000 1547617.970019527499780
11099150.508483100000000 1547618.268605464999736
11099150.508483100000000 1547618.567191402499692
11099150.508483100000000 1547618.865777339999648
11099150.807063829166537 1547613.789816402500396
11099150.807063829166537 1547614.088402340000352
11099150.807063829166537 1547614.386988277500308
11099150.807063829166537 1547614.685574215000264
11099150.807063829166537 1547614.984160152500220
11099150.807063829166537 1547615.282746090000176
11099150.807063829166537 1547615.581332027500132
11099150.807063829166537 1547615.879917965000088
11099150.807063829166537 1547616.178503902500044
11099150.807063829166537 1547616.477089840000000
11099150.807063829166537 1547616.775675777499956
11099150.807063829166537 1547617.074261714999912
11099150.807063829166537 1547617.372847652499868
11099150.807063829166537 1547617.671433589999824
11099150.807063829166537 1547617.970019527499780
11099150.807063829166537 1547618.268605464999736
11099150.807063829166537 1547618.567191402499692
11099150.807063829166537 1547618.865777339999648
11099151.105644558333074 1547613.789816402500396
11099151.105644558333074 1547614.088402340000352
11099151.105644558333074 1547614.386988277500308
11099151.105644558333074 1547614.685574215000264
11099151.105644558333074 1547614.984160152500220
11099151.105644558333074 1547615.282746090000176
11099151.105644558333074 1547615.581332027500132
11099151.105644558333074 1547615.879917965000088
11099151.105644558333074 1547616.178503902500044
11099151.105644558333074 1547616.477089840000000
11099151.105644558333074 1547616.775675777499956
11099151.105644558333074 1547617.074261714999912
11099151.105644558333074 1547617.372847652499868
11099151.105644558333074 1547617.671433589999824
11099151.105644558333074 1547617.970019527499780
11099151.105644558333074 1547618.268605464999736
11099151.105644558333074 1547618.567191402499692
11099151.105644558333074 1547618.865777339999648
11099151.404225287499611 1547613.789816402500396
11099151.404225287499611 1547614.088402340000352
11099151.404225287499611 1547614.386988277500308
11099151.404225287499611 1547614.685574215000264
11099151.404225287499611 1547614.984160152500220
11099151.404225287499611 1547615.282746090000176
11099151.404225287499611 1547615.581332027500132
11099151.404225287499611 1547615.879917965000088
11099151.404225287499611 1547616.178503902500044
11099151.404225287499611 1547616.477089840000000
11099151.404225287499611 1547616.775675777499956
11099151.404225287499611 1547617.074261714999912
11099151.404225287499611 1547617.372847652499868
11099151.404225287499611 1547617.671433589999824
11099151.404225287499611 1547617.970019527499780
11099151.404225287499611 1547618.268605464999736
11099151.404225287499611 1547618.567191402499692
11099151.404225287499611 1547618.865777339999648
11099151.702806016666148 1547613.789816402500396
11099151.702806016666148 1547614.088402340000352
11099151.702806016666148 1547614.386988277500308
11099151.702806016666148 1547614.685574215000264
11099151.702806016666148 1547614.984160152500220
11099151.702806016666148 1547615.282746090000176
11099151.702806016666148 1547615.581332027500132
11099151.702806016666148 1547615.879917965000088
11099151.702806016666148 1547616.178503902500044
11099151.702806016666148 1547616.477089840000000
11099151.702806016666148 1547616.775675777499956
11099151.702806016666148 1547617.074261714999912
11099151.702806016666148 1547617.372847652499868
11099151.702806016666148 1547617.671433589999824
11099151.702806016666148 1547617.970019527499780
11099151.702806016666148 1547618.268605464999736
11099151.702806016666148 1547618.567191402499692
11099151.702806016666148 1547618.865777339999648
11099152.001386745832685 1547613.789816402500396
11099152.001386745832685 1547614.088402340000352
11099152.001386745832685 1547614.386988277500308
11099152.001386745832685 1547614.685574215000264
11099152.001386745832685 1547614.984160152500220
11099152.001386745832685 1547615.282746090000176
11099152.001386745832685 1547615.581332027500132
11099152.001386745832685 1547615.879917965000088
11099152.001386745832685 1547616.178503902500044
11099152.001386745832685 1547616.477089840000000
11099152.001386745832685 1547616.775675777499956
11099152.001386745832685 1547617.074261714999912
11099152.001386745832685 1547617.372847652499868
11099152.001386745832685 1547617.671433589999824
11099152.001386745832685 1547617.970019527499780
11099152.001386745832685 1547618.268605464999736
11099152.001386745832685 1547618.567191402499692
11099152.001386745832685 1547618.865777339999648
11099152.299967474999222 1547613.789816402500396
11099152.299967474999222 1547614.088402340000352
11099152.299967474999222 1547614.386988277500308
11099152.299967474999222 1547614.685574215000264
11099152.299967474999222 1547614.984160152500220
11099152.299967474999222 1547615.282746090000176
11099152.299967474999222 1547615.581332027500132
11099152.299967474999222 1547615.879917965000088
11099152.299967474999222 1547616.178503902500044
11099152.299967474999222 1547616.477089840000000
11099152.299967474999222 1547616.775675777499956
11099152.299967474999222 1547617.074261714999912
11099152.299967474999222 1547617.372847652499868
11099152.299967474999222 1547617.671433589999824
11099152.299967474999222 1547617.970019527499780
11099152.299967474999222 1547618.268605464999736
11099152.299967474999222 1547618.567191402499692
11099152.299967474999222 1547618.865777339999648
11099152.598548204165759 1547613.789816402500396
11099152.598548204165759 1547614.088402340000352
11099152.598548204165759 1547614.386988277500308
11099152.598548204165759 1547614.685574215000264
11099152.598548204165759 1547614.984160152500220
11099152.598548204165759 1547615.282746090000176
11099152.598548204165759 1547615.581332027500132
11099152.598548204165759 1547615.879917965000088
11099152.598548204165759 1547616.178503902500044
11099152.598548204165759 1547616.477089840000000
11099152.598548204165759 1547616.775675777499956
11099152.598548204165759 1547617.074261714999912
11099152.598548204165759 1547617.372847652499868
11099152.598548204165759 1547617.671433589999824
11099152.598548204165759 1547617.970019527499780
11099152.598548204165759 1547618.268605464999736
11099152.598548204165759 1547618.567191402499692
11099152.598548204165759 1547618.865777339999648
11099152.897128933332296 1547613.789816402500396
11099152.897128933332296 1547614.088402340000352
11099152.897128933332296 1547614.386988277500308
11099152.897128933332296 1547614.685574215000264
11099152.897128933332296 1547614.984160152500220
11099152.897128933332296 1547615.282746090000176
11099152.897128933332296 1547615.581332027500132
11099152.897128933332296 1547615.879917965000088
11099152.897128933332296 1547616.178503902500044
11099152.897128933332296 1547616.477089840000000
11099152.897128933332296 1547616.775675777499956
11099152.897128933332296 1547617.074261714999912
11099152.897128933332296 1547617.372847652499868
11099152.897128933332296 1547617.671433589999824
11099152.897128933332296 1547617.970019527499780
11099152.897128933332296 1547618.268605464999736
11099152.897128933332296 1547618.567191402499692
11099152.897128933332296 1547618.865777339999648
