11099128.712089837501167 1547613.491230472500396
11099128.712089837501167 1547613.789816410000352
11099128.712089837501167 1547614.088402347500308
11099128.712089837501167 1547614.386988285000264
11099128.712089837501167 1547614.685574222500220
11099128.712089837501167 1547614.984160160000176
11099128.712089837501167 1547615.282746097500132
11099128.712089837501167 1547615.581332035000088
11099128.712089837501167 1547615.879917972500044
11099128.712089837501167 1547616.178503910000000
11099128.712089837501167 1547616.477089847499956
11099128.712089837501167 1547616.775675784999912
11099128.712089837501167 1547617.074261722499868
11099128.712089837501167 1547617.372847659999824
11099128.712089837501167 1547617.671433597499780
11099128.712089837501167 1547617.970019534999736
11099128.712089837501167 1547618.268605472499692
11099128.712089837501167 1547618.567191409999648
11099129.010670566667704 1547613.491230472500396
11099129.010670566667704 1547613.789816410000352
11099129.010670566667704 1547614.088402347500308
11099129.010670566667704 1547614.386988285000264
11099129.010670566667704 1547614.685574222500220
11099129.010670566667704 1547614.984160160000176
11099129.010670566667704 1547615.282746097500132
11099129.010670566667704 1547615.581332035000088
11099129.010670566667704 1547615.879917972500044
11099129.010670566667704 1547616.178503910000000
11099129.010670566667704 1547616.477089847499956
11099129.010670566667704 1547616.775675784999912
11099129.010670566667704 1547617.074261722499868
11099129.010670566667704 1547617.372847659999824
11099129.010670566667704 1547617.671433597499780
11099129.010670566667704 1547617.970019534999736
11099129.010670566667704 1547618.268605472499692
11099129.010670566667704 1547618.567191409999648
11099129.309251295834241 1547613.491230472500396
11099129.309251295834241 1547613.789816410000352
11099129.309251295834241 1547614.088402347500308
11099129.309251295834241 1547614.386988285000264
11099129.309251295834241 1547614.685574222500220
11099129.309251295834241 1547614.984160160000176
11099129.309251295834241 1547615.282746097500132
11099129.309251295834241 1547615.581332035000088
11099129.309251295834241 1547615.879917972500044
11099129.309251295834241 1547616.178503910000000
11099129.309251295834241 1547616.477089847499956
11099129.309251295834241 1547616.775675784999912
11099129.309251295834241 1547617.074261722499868
11099129.309251295834241 1547617.372847659999824
11099129.309251295834241 1547617.671433597499780
11099129.309251295834241 1547617.970019534999736
11099129.309251295834241 1547618.268605472499692
11099129.309251295834241 1547618.567191409999648
11099129.607832025000778 1547613.491230472500396
11099129.607832025000778 1547613.789816410000352
11099129.607832025000778 1547614.088402347500308
11099129.607832025000778 1547614.386988285000264
11099129.607832025000778 1547614.685574222500220
11099129.607832025000778 1547614.984160160000176
11099129.607832025000778 1547615.282746097500132
11099129.607832025000778 1547615.581332035000088
11099129.607832025000778 1547615.879917972500044
11099129.607832025000778 1547616.178503910000000
11099129.607832025000778 1547616.477089847499956
11099129.607832025000778 1547616.775675784999912
11099129.607832025000778 1547617.074261722499868
11099129.607832025000778 1547617.372847659999824
11099129.607832025000778 1547617.671433597499780
11099129.607832025000778 1547617.970019534999736
11099129.607832025000778 1547618.268605472499692
11099129.607832025000778 1547618.567191409999648
11099129.906412754167315 1547613.491230472500396
11099129.906412754167315 1547613.789816410000352
11099129.906412754167315 1547614.088402347500308
11099129.906412754167315 1547614.386988285000264
11099129.906412754167315 1547614.685574222500220
11099129.906412754167315 1547614.984160160000176
11099129.906412754167315 1547615.282746097500132
11099129.906412754167315 1547615.581332035000088
11099129.906412754167315 1547615.879917972500044
11099129.906412754167315 1547616.178503910000000
11099129.906412754167315 1547616.477089847499956
11099129.906412754167315 1547616.775675784999912
11099129.906412754167315 1547617.074261722499868
11099129.906412754167315 1547617.372847659999824
11099129.906412754167315 1547617.671433597499780
11099129.906412754167315 1547617.970019534999736
11099129.906412754167315 1547618.268605472499692
11099129.906412754167315 1547618.567191409999648
11099130.204993483333852 1547613.491230472500396
11099130.204993483333852 1547613.789816410000352
11099130.204993483333852 1547614.088402347500308
11099130.204993483333852 1547614.386988285000264
11099130.204993483333852 1547614.685574222500220
11099130.204993483333852 1547614.984160160000176
11099130.204993483333852 1547615.282746097500132
11099130.204993483333852 1547615.581332035000088
11099130.204993483333852 1547615.879917972500044
11099130.204993483333852 1547616.178503910000000
11099130.204993483333852 1547616.477089847499956
11099130.204993483333852 1547616.775675784999912
11099130.204993483333852 1547617.074261722499868
11099130.204993483333852 1547617.372847659999824
11099130.204993483333852 1547617.671433597499780
11099130.204993483333852 1547617.970019534999736
11099130.204993483333852 1547618.268605472499692
11099130.204993483333852 1547618.567191409999648
11099130.503574212500389 1547613.491230472500396
11099130.503574212500389 1547613.789816410000352
11099130.503574212500389 1547614.088402347500308
11099130.503574212500389 1547614.386988285000264
11099130.503574212500389 1547614.685574222500220
11099130.503574212500389 1547614.984160160000176
11099130.503574212500389 1547615.282746097500132
11099130.503574212500389 1547615.581332035000088
11099130.503574212500389 1547615.879917972500044
11099130.503574212500389 1547616.178503910000000
11099130.503574212500389 1547616.477089847499956
11099130.503574212500389 1547616.775675784999912
11099130.503574212500389 1547617.074261722499868
11099130.503574212500389 1547617.372847659999824
11099130.503574212500389 1547617.671433597499780
11099130.503574212500389 1547617.970019534999736
11099130.503574212500389 1547618.268605472499692
11099130.503574212500389 1547618.567191409999648
11099130.802154941666926 1547613.491230472500396
11099130.802154941666926 1547613.789816410000352
11099130.802154941666926 1547614.088402347500308
11099130.802154941666926 1547614.386988285000264
11099130.802154941666926 1547614.685574222500220
11099130.802154941666926 1547614.984160160000176
11099130.802154941666926 1547615.282746097500132
11099130.802154941666926 1547615.581332035000088
11099130.802154941666926 1547615.879917972500044
11099130.802154941666926 1547616.178503910000000
11099130.802154941666926 1547616.477089847499956
11099130.802154941666926 1547616.775675784999912
11099130.802154941666926 1547617.074261722499868
11099130.802154941666926 1547617.372847659999824
11099130.802154941666926 1547617.671433597499780
11099130.802154941666926 1547617.970019534999736
11099130.802154941666926 1547618.268605472499692
11099130.802154941666926 1547618.567191409999648
11099131.100735670833463 1547613.491230472500396
11099131.100735670833463 1547613.789816410000352
11099131.100735670833463 1547614.088402347500308
11099131.100735670833463 1547614.386988285000264
11099131.100735670833463 1547614.685574222500220
11099131.100735670833463 1547614.984160160000176
11099131.100735670833463 1547615.282746097500132
11099131.100735670833463 1547615.581332035000088
11099131.100735670833463 1547615.879917972500044
11099131.100735670833463 1547616.178503910000000
11099131.100735670833463 1547616.477089847499956
11099131.100735670833463 1547616.775675784999912
11099131.100735670833463 1547617.074261722499868
11099131.100735670833463 1547617.372847659999824
11099131.100735670833463 1547617.671433597499780
11099131.100735670833463 1547617.970019534999736
11099131.100735670833463 1547618.268605472499692
11099131.100735670833463 1547618.567191409999648
11099131.399316400000000 1547613.491230472500396
11099131.399316400000000 1547613.789816410000352
11099131.399316400000000 1547614.088402347500308
11099131.399316400000000 1547614.386988285000264
11099131.399316400000000 1547614.685574222500220
11099131.399316400000000 1547614.984160160000176
11099131.399316400000000 1547615.282746097500132
11099131.399316400000000 1547615.581332035000088
11099131.399316400000000 1547615.879917972500044
11099131.399316400000000 1547616.178503910000000
11099131.399316400000000 1547616.477089847499956
11099131.399316400000000 1547616.775675784999912
11099131.399316400000000 1547617.074261722499868
11099131.399316400000000 1547617.372847659999824
11099131.399316400000000 1547617.671433597499780
11099131.399316400000000 1547617.970019534999736
11099131.399316400000000 1547618.268605472499692
11099131.399316400000000 1547618.567191409999648
11099131.697897129166537 1547613.491230472500396
11099131.697897129166537 1547613.789816410000352
11099131.697897129166537 1547614.088402347500308
11099131.697897129166537 1547614.386988285000264
11099131.697897129166537 1547614.685574222500220
11099131.697897129166537 1547614.984160160000176
11099131.697897129166537 1547615.282746097500132
11099131.697897129166537 1547615.581332035000088
11099131.697897129166537 1547615.879917972500044
11099131.697897129166537 1547616.178503910000000
11099131.697897129166537 1547616.477089847499956
11099131.697897129166537 1547616.775675784999912
11099131.697897129166537 1547617.074261722499868
11099131.697897129166537 1547617.372847659999824
11099131.697897129166537 1547617.671433597499780
11099131.697897129166537 1547617.970019534999736
11099131.697897129166537 1547618.268605472499692
11099131.697897129166537 1547618.567191409999648
11099131.996477858333074 1547613.491230472500396
11099131.996477858333074 1547613.789816410000352
11099131.996477858333074 1547614.088402347500308
11099131.996477858333074 1547614.386988285000264
11099131.996477858333074 1547614.685574222500220
11099131.996477858333074 1547614.984160160000176
11099131.996477858333074 1547615.282746097500132
11099131.996477858333074 1547615.581332035000088
11099131.996477858333074 1547615.879917972500044
11099131.996477858333074 1547616.178503910000000
11099131.996477858333074 1547616.477089847499956
11099131.996477858333074 1547616.775675784999912
11099131.996477858333074 1547617.074261722499868
11099131.996477858333074 1547617.372847659999824
11099131.996477858333074 1547617.671433597499780
11099131.996477858333074 1547617.970019534999736
11099131.996477858333074 1547618.268605472499692
11099131.996477858333074 1547618.567191409999648
11099132.295058587499611 1547613.491230472500396
11099132.295058587499611 1547613.789816410000352
11099132.295058587499611 1547614.088402347500308
11099132.295058587499611 1547614.386988285000264
11099132.295058587499611 1547614.685574222500220
11099132.295058587499611 1547614.984160160000176
11099132.295058587499611 1547615.282746097500132
11099132.295058587499611 1547615.581332035000088
11099132.295058587499611 1547615.879917972500044
11099132.295058587499611 1547616.178503910000000
11099132.295058587499611 1547616.477089847499956
11099132.295058587499611 1547616.775675784999912
11099132.295058587499611 1547617.074261722499868
11099132.295058587499611 1547617.372847659999824
11099132.295058587499611 1547617.671433597499780
11099132.295058587499611 1547617.970019534999736
11099132.295058587499611 1547618.268605472499692
11099132.295058587499611 1547618.567191409999648
11099132.593639316666148 1547613.491230472500396
11099132.593639316666148 1547613.789816410000352
11099132.593639316666148 1547614.088402347500308
11099132.593639316666148 1547614.386988285000264
11099132.593639316666148 1547614.685574222500220
11099132.593639316666148 1547614.984160160000176
11099132.593639316666148 1547615.282746097500132
11099132.593639316666148 1547615.581332035000088
11099132.593639316666148 1547615.879917972500044
11099132.593639316666148 1547616.178503910000000
11099132.593639316666148 1547616.477089847499956
11099132.593639316666148 1547616.775675784999912
11099132.593639316666148 1547617.074261722499868
11099132.593639316666148 1547617.372847659999824
11099132.593639316666148 1547617.671433597499780
11099132.593639316666148 1547617.970019534999736
11099132.593639316666148 1547618.268605472499692
11099132.593639316666148 1547618.567191409999648
11099132.892220045832685 1547613.491230472500396
11099132.892220045832685 1547613.789816410000352
11099132.892220045832685 1547614.088402347500308
11099132.892220045832685 1547614.386988285000264
11099132.892220045832685 1547614.685574222500220
11099132.892220045832685 1547614.984160160000176
11099132.892220045832685 1547615.282746097500132
11099132.892220045832685 1547615.581332035000088
11099132.892220045832685 1547615.879917972500044
11099132.892220045832685 1547616.178503910000000
11099132.892220045832685 1547616.477089847499956
11099132.892220045832685 1547616.775675784999912
11099132.892220045832685 1547617.074261722499868
11099132.892220045832685 1547617.372847659999824
11099132.892220045832685 1547617.671433597499780
11099132.892220045832685 1547617.970019534999736
11099132.892220045832685 1547618.268605472499692
11099132.892220045832685 1547618.567191409999648
11099133.190800774999222 1547613.491230472500396
11099133.190800774999222 1547613.789816410000352
11099133.190800774999222 1547614.088402347500308
11099133.190800774999222 1547614.386988285000264
11099133.190800774999222 1547614.685574222500220
11099133.190800774999222 1547614.984160160000176
11099133.190800774999222 1547615.282746097500132
11099133.190800774999222 1547615.581332035000088
11099133.190800774999222 1547615.879917972500044
11099133.190800774999222 1547616.178503910000000
11099133.190800774999222 1547616.477089847499956
11099133.190800774999222 1547616.775675784999912
11099133.190800774999222 1547617.074261722499868
11099133.190800774999222 1547617.372847659999824
11099133.190800774999222 1547617.671433597499780
11099133.190800774999222 1547617.970019534999736
11099133.190800774999222 1547618.268605472499692
11099133.190800774999222 1547618.567191409999648
11099133.489381504165759 1547613.491230472500396
11099133.489381504165759 1547613.789816410000352
11099133.489381504165759 1547614.088402347500308
11099133.489381504165759 1547614.386988285000264
11099133.489381504165759 1547614.685574222500220
11099133.489381504165759 1547614.984160160000176
11099133.489381504165759 1547615.282746097500132
11099133.489381504165759 1547615.581332035000088
11099133.489381504165759 1547615.879917972500044
11099133.489381504165759 1547616.178503910000000
11099133.489381504165759 1547616.477089847499956
11099133.489381504165759 1547616.775675784999912
11099133.489381504165759 1547617.074261722499868
11099133.489381504165759 1547617.372847659999824
11099133.489381504165759 1547617.671433597499780
11099133.489381504165759 1547617.970019534999736
11099133.489381504165759 1547618.268605472499692
11099133.489381504165759 1547618.567191409999648
11099133.787962233332296 1547613.491230472500396
11099133.787962233332296 1547613.789816410000352
11099133.787962233332296 1547614.088402347500308
11099133.787962233332296 1547614.386988285000264
11099133.787962233332296 1547614.685574222500220
11099133.787962233332296 1547614.984160160000176
11099133.787962233332296 1547615.282746097500132
11099133.787962233332296 1547615.581332035000088
11099133.787962233332296 1547615.879917972500044
11099133.787962233332296 1547616.178503910000000
11099133.787962233332296 1547616.477089847499956
11099133.787962233332296 1547616.775675784999912
11099133.787962233332296 1547617.074261722499868
11099133.787962233332296 1547617.372847659999824
11099133.787962233332296 1547617.671433597499780
11099133.787962233332296 1547617.970019534999736
11099133.787962233332296 1547618.268605472499692
11099133.787962233332296 1547618.567191409999648
