11099039.735032537501167 1547835.639167972500396
11099039.735032537501167 1547835.937753910000352
11099039.735032537501167 1547836.236339847500308
11099039.735032537501167 1547836.534925785000264
11099039.735032537501167 1547836.833511722500220
11099039.735032537501167 1547837.132097660000176
11099039.735032537501167 1547837.430683597500132
11099039.735032537501167 1547837.729269535000088
11099039.735032537501167 1547838.027855472500044
11099039.735032537501167 1547838.326441410000000
11099039.735032537501167 1547838.625027347499956
11099039.735032537501167 1547838.923613284999912
11099039.735032537501167 1547839.222199222499868
11099039.735032537501167 1547839.520785159999824
11099039.735032537501167 1547839.819371097499780
11099039.735032537501167 1547840.117957034999736
11099039.735032537501167 1547840.416542972499692
11099039.735032537501167 1547840.715128909999648
11099040.033613266667704 1547835.639167972500396
11099040.033613266667704 1547835.937753910000352
11099040.033613266667704 1547836.236339847500308
11099040.033613266667704 1547836.534925785000264
11099040.033613266667704 1547836.833511722500220
11099040.033613266667704 1547837.132097660000176
11099040.033613266667704 1547837.430683597500132
11099040.033613266667704 1547837.729269535000088
11099040.033613266667704 1547838.027855472500044
11099040.033613266667704 1547838.326441410000000
11099040.033613266667704 1547838.625027347499956
11099040.033613266667704 1547838.923613284999912
11099040.033613266667704 1547839.222199222499868
11099040.033613266667704 1547839.520785159999824
11099040.033613266667704 1547839.819371097499780
11099040.033613266667704 1547840.117957034999736
11099040.033613266667704 1547840.416542972499692
11099040.033613266667704 1547840.715128909999648
11099040.332193995834241 1547835.639167972500396
11099040.332193995834241 1547835.937753910000352
11099040.332193995834241 1547836.236339847500308
11099040.332193995834241 1547836.534925785000264
11099040.332193995834241 1547836.833511722500220
11099040.332193995834241 1547837.132097660000176
11099040.332193995834241 1547837.430683597500132
11099040.332193995834241 1547837.729269535000088
11099040.332193995834241 1547838.027855472500044
11099040.332193995834241 1547838.326441410000000
11099040.332193995834241 1547838.625027347499956
11099040.332193995834241 1547838.923613284999912
11099040.332193995834241 1547839.222199222499868
11099040.332193995834241 1547839.520785159999824
11099040.332193995834241 1547839.819371097499780
11099040.332193995834241 1547840.117957034999736
11099040.332193995834241 1547840.416542972499692
11099040.332193995834241 1547840.715128909999648
11099040.630774725000778 1547835.639167972500396
11099040.630774725000778 1547835.937753910000352
11099040.630774725000778 1547836.236339847500308
11099040.630774725000778 1547836.534925785000264
11099040.630774725000778 1547836.833511722500220
11099040.630774725000778 1547837.132097660000176
11099040.630774725000778 1547837.430683597500132
11099040.630774725000778 1547837.729269535000088
11099040.630774725000778 1547838.027855472500044
11099040.630774725000778 1547838.326441410000000
11099040.630774725000778 1547838.625027347499956
11099040.630774725000778 1547838.923613284999912
11099040.630774725000778 1547839.222199222499868
11099040.630774725000778 1547839.520785159999824
11099040.630774725000778 1547839.819371097499780
11099040.630774725000778 1547840.117957034999736
11099040.630774725000778 1547840.416542972499692
11099040.630774725000778 1547840.715128909999648
11099040.929355454167315 1547835.639167972500396
11099040.929355454167315 1547835.937753910000352
11099040.929355454167315 1547836.236339847500308
11099040.929355454167315 1547836.534925785000264
11099040.929355454167315 1547836.833511722500220
11099040.929355454167315 1547837.132097660000176
11099040.929355454167315 1547837.430683597500132
11099040.929355454167315 1547837.729269535000088
11099040.929355454167315 1547838.027855472500044
11099040.929355454167315 1547838.326441410000000
11099040.929355454167315 1547838.625027347499956
11099040.929355454167315 1547838.923613284999912
11099040.929355454167315 1547839.222199222499868
11099040.929355454167315 1547839.520785159999824
11099040.929355454167315 1547839.819371097499780
11099040.929355454167315 1547840.117957034999736
11099040.929355454167315 1547840.416542972499692
11099040.929355454167315 1547840.715128909999648
11099041.227936183333852 1547835.639167972500396
11099041.227936183333852 1547835.937753910000352
11099041.227936183333852 1547836.236339847500308
11099041.227936183333852 1547836.534925785000264
11099041.227936183333852 1547836.833511722500220
11099041.227936183333852 1547837.132097660000176
11099041.227936183333852 1547837.430683597500132
11099041.227936183333852 1547837.729269535000088
11099041.227936183333852 1547838.027855472500044
11099041.227936183333852 1547838.326441410000000
11099041.227936183333852 1547838.625027347499956
11099041.227936183333852 1547838.923613284999912
11099041.227936183333852 1547839.222199222499868
11099041.227936183333852 1547839.520785159999824
11099041.227936183333852 1547839.819371097499780
11099041.227936183333852 1547840.117957034999736
11099041.227936183333852 1547840.416542972499692
11099041.227936183333852 1547840.715128909999648
11099041.526516912500389 1547835.639167972500396
11099041.526516912500389 1547835.937753910000352
11099041.526516912500389 1547836.236339847500308
11099041.526516912500389 1547836.534925785000264
11099041.526516912500389 1547836.833511722500220
11099041.526516912500389 1547837.132097660000176
11099041.526516912500389 1547837.430683597500132
11099041.526516912500389 1547837.729269535000088
11099041.526516912500389 1547838.027855472500044
11099041.526516912500389 1547838.326441410000000
11099041.526516912500389 1547838.625027347499956
11099041.526516912500389 1547838.923613284999912
11099041.526516912500389 1547839.222199222499868
11099041.526516912500389 1547839.520785159999824
11099041.526516912500389 1547839.819371097499780
11099041.526516912500389 1547840.117957034999736
11099041.526516912500389 1547840.416542972499692
11099041.526516912500389 1547840.715128909999648
11099041.825097641666926 1547835.639167972500396
11099041.825097641666926 1547835.937753910000352
11099041.825097641666926 1547836.236339847500308
11099041.825097641666926 1547836.534925785000264
11099041.825097641666926 1547836.833511722500220
11099041.825097641666926 1547837.132097660000176
11099041.825097641666926 1547837.430683597500132
11099041.825097641666926 1547837.729269535000088
11099041.825097641666926 1547838.027855472500044
11099041.825097641666926 1547838.326441410000000
11099041.825097641666926 1547838.625027347499956
11099041.825097641666926 1547838.923613284999912
11099041.825097641666926 1547839.222199222499868
11099041.825097641666926 1547839.520785159999824
11099041.825097641666926 1547839.819371097499780
11099041.825097641666926 1547840.117957034999736
11099041.825097641666926 1547840.416542972499692
11099041.825097641666926 1547840.715128909999648
11099042.123678370833463 1547835.639167972500396
11099042.123678370833463 1547835.937753910000352
11099042.123678370833463 1547836.236339847500308
11099042.123678370833463 1547836.534925785000264
11099042.123678370833463 1547836.833511722500220
11099042.123678370833463 1547837.132097660000176
11099042.123678370833463 1547837.430683597500132
11099042.123678370833463 1547837.729269535000088
11099042.123678370833463 1547838.027855472500044
11099042.123678370833463 1547838.326441410000000
11099042.123678370833463 1547838.625027347499956
11099042.123678370833463 1547838.923613284999912
11099042.123678370833463 1547839.222199222499868
11099042.123678370833463 1547839.520785159999824
11099042.123678370833463 1547839.819371097499780
11099042.123678370833463 1547840.117957034999736
11099042.123678370833463 1547840.416542972499692
11099042.123678370833463 1547840.715128909999648
11099042.422259100000000 1547835.639167972500396
11099042.422259100000000 1547835.937753910000352
11099042.422259100000000 1547836.236339847500308
11099042.422259100000000 1547836.534925785000264
11099042.422259100000000 1547836.833511722500220
11099042.422259100000000 1547837.132097660000176
11099042.422259100000000 1547837.430683597500132
11099042.422259100000000 1547837.729269535000088
11099042.422259100000000 1547838.027855472500044
11099042.422259100000000 1547838.326441410000000
11099042.422259100000000 1547838.625027347499956
11099042.422259100000000 1547838.923613284999912
11099042.422259100000000 1547839.222199222499868
11099042.422259100000000 1547839.520785159999824
11099042.422259100000000 1547839.819371097499780
11099042.422259100000000 1547840.117957034999736
11099042.422259100000000 1547840.416542972499692
11099042.422259100000000 1547840.715128909999648
11099042.720839829166537 1547835.639167972500396
11099042.720839829166537 1547835.937753910000352
11099042.720839829166537 1547836.236339847500308
11099042.720839829166537 1547836.534925785000264
11099042.720839829166537 1547836.833511722500220
11099042.720839829166537 1547837.132097660000176
11099042.720839829166537 1547837.430683597500132
11099042.720839829166537 1547837.729269535000088
11099042.720839829166537 1547838.027855472500044
11099042.720839829166537 1547838.326441410000000
11099042.720839829166537 1547838.625027347499956
11099042.720839829166537 1547838.923613284999912
11099042.720839829166537 1547839.222199222499868
11099042.720839829166537 1547839.520785159999824
11099042.720839829166537 1547839.819371097499780
11099042.720839829166537 1547840.117957034999736
11099042.720839829166537 1547840.416542972499692
11099042.720839829166537 1547840.715128909999648
11099043.019420558333074 1547835.639167972500396
11099043.019420558333074 1547835.937753910000352
11099043.019420558333074 1547836.236339847500308
11099043.019420558333074 1547836.534925785000264
11099043.019420558333074 1547836.833511722500220
11099043.019420558333074 1547837.132097660000176
11099043.019420558333074 1547837.430683597500132
11099043.019420558333074 1547837.729269535000088
11099043.019420558333074 1547838.027855472500044
11099043.019420558333074 1547838.326441410000000
11099043.019420558333074 1547838.625027347499956
11099043.019420558333074 1547838.923613284999912
11099043.019420558333074 1547839.222199222499868
11099043.019420558333074 1547839.520785159999824
11099043.019420558333074 1547839.819371097499780
11099043.019420558333074 1547840.117957034999736
11099043.019420558333074 1547840.416542972499692
11099043.019420558333074 1547840.715128909999648
11099043.318001287499611 1547835.639167972500396
11099043.318001287499611 1547835.937753910000352
11099043.318001287499611 1547836.236339847500308
11099043.318001287499611 1547836.534925785000264
11099043.318001287499611 1547836.833511722500220
11099043.318001287499611 1547837.132097660000176
11099043.318001287499611 1547837.430683597500132
11099043.318001287499611 1547837.729269535000088
11099043.318001287499611 1547838.027855472500044
11099043.318001287499611 1547838.326441410000000
11099043.318001287499611 1547838.625027347499956
11099043.318001287499611 1547838.923613284999912
11099043.318001287499611 1547839.222199222499868
11099043.318001287499611 1547839.520785159999824
11099043.318001287499611 1547839.819371097499780
11099043.318001287499611 1547840.117957034999736
11099043.318001287499611 1547840.416542972499692
11099043.318001287499611 1547840.715128909999648
11099043.616582016666148 1547835.639167972500396
11099043.616582016666148 1547835.937753910000352
11099043.616582016666148 1547836.236339847500308
11099043.616582016666148 1547836.534925785000264
11099043.616582016666148 1547836.833511722500220
11099043.616582016666148 1547837.132097660000176
11099043.616582016666148 1547837.430683597500132
11099043.616582016666148 1547837.729269535000088
11099043.616582016666148 1547838.027855472500044
11099043.616582016666148 1547838.326441410000000
11099043.616582016666148 1547838.625027347499956
11099043.616582016666148 1547838.923613284999912
11099043.616582016666148 1547839.222199222499868
11099043.616582016666148 1547839.520785159999824
11099043.616582016666148 1547839.819371097499780
11099043.616582016666148 1547840.117957034999736
11099043.616582016666148 1547840.416542972499692
11099043.616582016666148 1547840.715128909999648
11099043.915162745832685 1547835.639167972500396
11099043.915162745832685 1547835.937753910000352
11099043.915162745832685 1547836.236339847500308
11099043.915162745832685 1547836.534925785000264
11099043.915162745832685 1547836.833511722500220
11099043.915162745832685 1547837.132097660000176
11099043.915162745832685 1547837.430683597500132
11099043.915162745832685 1547837.729269535000088
11099043.915162745832685 1547838.027855472500044
11099043.915162745832685 1547838.326441410000000
11099043.915162745832685 1547838.625027347499956
11099043.915162745832685 1547838.923613284999912
11099043.915162745832685 1547839.222199222499868
11099043.915162745832685 1547839.520785159999824
11099043.915162745832685 1547839.819371097499780
11099043.915162745832685 1547840.117957034999736
11099043.915162745832685 1547840.416542972499692
11099043.915162745832685 1547840.715128909999648
11099044.213743474999222 1547835.639167972500396
11099044.213743474999222 1547835.937753910000352
11099044.213743474999222 1547836.236339847500308
11099044.213743474999222 1547836.534925785000264
11099044.213743474999222 1547836.833511722500220
11099044.213743474999222 1547837.132097660000176
11099044.213743474999222 1547837.430683597500132
11099044.213743474999222 1547837.729269535000088
11099044.213743474999222 1547838.027855472500044
11099044.213743474999222 1547838.326441410000000
11099044.213743474999222 1547838.625027347499956
11099044.213743474999222 1547838.923613284999912
11099044.213743474999222 1547839.222199222499868
11099044.213743474999222 1547839.520785159999824
11099044.213743474999222 1547839.819371097499780
11099044.213743474999222 1547840.117957034999736
11099044.213743474999222 1547840.416542972499692
11099044.213743474999222 1547840.715128909999648
11099044.512324204165759 1547835.639167972500396
11099044.512324204165759 1547835.937753910000352
11099044.512324204165759 1547836.236339847500308
11099044.512324204165759 1547836.534925785000264
11099044.512324204165759 1547836.833511722500220
11099044.512324204165759 1547837.132097660000176
11099044.512324204165759 1547837.430683597500132
11099044.512324204165759 1547837.729269535000088
11099044.512324204165759 1547838.027855472500044
11099044.512324204165759 1547838.326441410000000
11099044.512324204165759 1547838.625027347499956
11099044.512324204165759 1547838.923613284999912
11099044.512324204165759 1547839.222199222499868
11099044.512324204165759 1547839.520785159999824
11099044.512324204165759 1547839.819371097499780
11099044.512324204165759 1547840.117957034999736
11099044.512324204165759 1547840.416542972499692
11099044.512324204165759 1547840.715128909999648
11099044.810904933332296 1547835.639167972500396
11099044.810904933332296 1547835.937753910000352
11099044.810904933332296 1547836.236339847500308
11099044.810904933332296 1547836.534925785000264
11099044.810904933332296 1547836.833511722500220
11099044.810904933332296 1547837.132097660000176
11099044.810904933332296 1547837.430683597500132
11099044.810904933332296 1547837.729269535000088
11099044.810904933332296 1547838.027855472500044
11099044.810904933332296 1547838.326441410000000
11099044.810904933332296 1547838.625027347499956
11099044.810904933332296 1547838.923613284999912
11099044.810904933332296 1547839.222199222499868
11099044.810904933332296 1547839.520785159999824
11099044.810904933332296 1547839.819371097499780
11099044.810904933332296 1547840.117957034999736
11099044.810904933332296 1547840.416542972499692
11099044.810904933332296 1547840.715128909999648
