11099227.542311237501167 1547671.416902342500396
11099227.542311237501167 1547671.715488280000352
11099227.542311237501167 1547672.014074217500308
11099227.542311237501167 1547672.312660155000264
11099227.542311237501167 1547672.611246092500220
11099227.542311237501167 1547672.909832030000176
11099227.542311237501167 1547673.208417967500132
11099227.542311237501167 1547673.507003905000088
11099227.542311237501167 1547673.805589842500044
11099227.542311237501167 1547674.104175780000000
11099227.542311237501167 1547674.402761717499956
11099227.542311237501167 1547674.701347654999912
11099227.542311237501167 1547674.999933592499868
11099227.542311237501167 1547675.298519529999824
11099227.542311237501167 1547675.597105467499780
11099227.542311237501167 1547675.895691404999736
11099227.542311237501167 1547676.194277342499692
11099227.542311237501167 1547676.492863279999648
11099227.840891966667704 1547671.416902342500396
11099227.840891966667704 1547671.715488280000352
11099227.840891966667704 1547672.014074217500308
11099227.840891966667704 1547672.312660155000264
11099227.840891966667704 1547672.611246092500220
11099227.840891966667704 1547672.909832030000176
11099227.840891966667704 1547673.208417967500132
11099227.840891966667704 1547673.507003905000088
11099227.840891966667704 1547673.805589842500044
11099227.840891966667704 1547674.104175780000000
11099227.840891966667704 1547674.402761717499956
11099227.840891966667704 1547674.701347654999912
11099227.840891966667704 1547674.999933592499868
11099227.840891966667704 1547675.298519529999824
11099227.840891966667704 1547675.597105467499780
11099227.840891966667704 1547675.895691404999736
11099227.840891966667704 1547676.194277342499692
11099227.840891966667704 1547676.492863279999648
11099228.139472695834241 1547671.416902342500396
11099228.139472695834241 1547671.715488280000352
11099228.139472695834241 1547672.014074217500308
11099228.139472695834241 1547672.312660155000264
11099228.139472695834241 1547672.611246092500220
11099228.139472695834241 1547672.909832030000176
11099228.139472695834241 1547673.208417967500132
11099228.139472695834241 1547673.507003905000088
11099228.139472695834241 1547673.805589842500044
11099228.139472695834241 1547674.104175780000000
11099228.139472695834241 1547674.402761717499956
11099228.139472695834241 1547674.701347654999912
11099228.139472695834241 1547674.999933592499868
11099228.139472695834241 1547675.298519529999824
11099228.139472695834241 1547675.597105467499780
11099228.139472695834241 1547675.895691404999736
11099228.139472695834241 1547676.194277342499692
11099228.139472695834241 1547676.492863279999648
11099228.438053425000778 1547671.416902342500396
11099228.438053425000778 1547671.715488280000352
11099228.438053425000778 1547672.014074217500308
11099228.438053425000778 1547672.312660155000264
11099228.438053425000778 1547672.611246092500220
11099228.438053425000778 1547672.909832030000176
11099228.438053425000778 1547673.208417967500132
11099228.438053425000778 1547673.507003905000088
11099228.438053425000778 1547673.805589842500044
11099228.438053425000778 1547674.104175780000000
11099228.438053425000778 1547674.402761717499956
11099228.438053425000778 1547674.701347654999912
11099228.438053425000778 1547674.999933592499868
11099228.438053425000778 1547675.298519529999824
11099228.438053425000778 1547675.597105467499780
11099228.438053425000778 1547675.895691404999736
11099228.438053425000778 1547676.194277342499692
11099228.438053425000778 1547676.492863279999648
11099228.736634154167315 1547671.416902342500396
11099228.736634154167315 1547671.715488280000352
11099228.736634154167315 1547672.014074217500308
11099228.736634154167315 1547672.312660155000264
11099228.736634154167315 1547672.611246092500220
11099228.736634154167315 1547672.909832030000176
11099228.736634154167315 1547673.208417967500132
11099228.736634154167315 1547673.507003905000088
11099228.736634154167315 1547673.805589842500044
11099228.736634154167315 1547674.104175780000000
11099228.736634154167315 1547674.402761717499956
11099228.736634154167315 1547674.701347654999912
11099228.736634154167315 1547674.999933592499868
11099228.736634154167315 1547675.298519529999824
11099228.736634154167315 1547675.597105467499780
11099228.736634154167315 1547675.895691404999736
11099228.736634154167315 1547676.194277342499692
11099228.736634154167315 1547676.492863279999648
11099229.035214883333852 1547671.416902342500396
11099229.035214883333852 1547671.715488280000352
11099229.035214883333852 1547672.014074217500308
11099229.035214883333852 1547672.312660155000264
11099229.035214883333852 1547672.611246092500220
11099229.035214883333852 1547672.909832030000176
11099229.035214883333852 1547673.208417967500132
11099229.035214883333852 1547673.507003905000088
11099229.035214883333852 1547673.805589842500044
11099229.035214883333852 1547674.104175780000000
11099229.035214883333852 1547674.402761717499956
11099229.035214883333852 1547674.701347654999912
11099229.035214883333852 1547674.999933592499868
11099229.035214883333852 1547675.298519529999824
11099229.035214883333852 1547675.597105467499780
11099229.035214883333852 1547675.895691404999736
11099229.035214883333852 1547676.194277342499692
11099229.035214883333852 1547676.492863279999648
11099229.333795612500389 1547671.416902342500396
11099229.333795612500389 1547671.715488280000352
11099229.333795612500389 1547672.014074217500308
11099229.333795612500389 1547672.312660155000264
11099229.333795612500389 1547672.611246092500220
11099229.333795612500389 1547672.909832030000176
11099229.333795612500389 1547673.208417967500132
11099229.333795612500389 1547673.507003905000088
11099229.333795612500389 1547673.805589842500044
11099229.333795612500389 1547674.104175780000000
11099229.333795612500389 1547674.402761717499956
11099229.333795612500389 1547674.701347654999912
11099229.333795612500389 1547674.999933592499868
11099229.333795612500389 1547675.298519529999824
11099229.333795612500389 1547675.597105467499780
11099229.333795612500389 1547675.895691404999736
11099229.333795612500389 1547676.194277342499692
11099229.333795612500389 1547676.492863279999648
11099229.632376341666926 1547671.416902342500396
11099229.632376341666926 1547671.715488280000352
11099229.632376341666926 1547672.014074217500308
11099229.632376341666926 1547672.312660155000264
11099229.632376341666926 1547672.611246092500220
11099229.632376341666926 1547672.909832030000176
11099229.632376341666926 1547673.208417967500132
11099229.632376341666926 1547673.507003905000088
11099229.632376341666926 1547673.805589842500044
11099229.632376341666926 1547674.104175780000000
11099229.632376341666926 1547674.402761717499956
11099229.632376341666926 1547674.701347654999912
11099229.632376341666926 1547674.999933592499868
11099229.632376341666926 1547675.298519529999824
11099229.632376341666926 1547675.597105467499780
11099229.632376341666926 1547675.895691404999736
11099229.632376341666926 1547676.194277342499692
11099229.632376341666926 1547676.492863279999648
11099229.930957070833463 1547671.416902342500396
11099229.930957070833463 1547671.715488280000352
11099229.930957070833463 1547672.014074217500308
11099229.930957070833463 1547672.312660155000264
11099229.930957070833463 1547672.611246092500220
11099229.930957070833463 1547672.909832030000176
11099229.930957070833463 1547673.208417967500132
11099229.930957070833463 1547673.507003905000088
11099229.930957070833463 1547673.805589842500044
11099229.930957070833463 1547674.104175780000000
11099229.930957070833463 1547674.402761717499956
11099229.930957070833463 1547674.701347654999912
11099229.930957070833463 1547674.999933592499868
11099229.930957070833463 1547675.298519529999824
11099229.930957070833463 1547675.597105467499780
11099229.930957070833463 1547675.895691404999736
11099229.930957070833463 1547676.194277342499692
11099229.930957070833463 1547676.492863279999648
11099230.229537800000000 1547671.416902342500396
11099230.229537800000000 1547671.715488280000352
11099230.229537800000000 1547672.014074217500308
11099230.229537800000000 1547672.312660155000264
11099230.229537800000000 1547672.611246092500220
11099230.229537800000000 1547672.909832030000176
11099230.229537800000000 1547673.208417967500132
11099230.229537800000000 1547673.507003905000088
11099230.229537800000000 1547673.805589842500044
11099230.229537800000000 1547674.104175780000000
11099230.229537800000000 1547674.402761717499956
11099230.229537800000000 1547674.701347654999912
11099230.229537800000000 1547674.999933592499868
11099230.229537800000000 1547675.298519529999824
11099230.229537800000000 1547675.597105467499780
11099230.229537800000000 1547675.895691404999736
11099230.229537800000000 1547676.194277342499692
11099230.229537800000000 1547676.492863279999648
11099230.528118529166537 1547671.416902342500396
11099230.528118529166537 1547671.715488280000352
11099230.528118529166537 1547672.014074217500308
11099230.528118529166537 1547672.312660155000264
11099230.528118529166537 1547672.611246092500220
11099230.528118529166537 1547672.909832030000176
11099230.528118529166537 1547673.208417967500132
11099230.528118529166537 1547673.507003905000088
11099230.528118529166537 1547673.805589842500044
11099230.528118529166537 1547674.104175780000000
11099230.528118529166537 1547674.402761717499956
11099230.528118529166537 1547674.701347654999912
11099230.528118529166537 1547674.999933592499868
11099230.528118529166537 1547675.298519529999824
11099230.528118529166537 1547675.597105467499780
11099230.528118529166537 1547675.895691404999736
11099230.528118529166537 1547676.194277342499692
11099230.528118529166537 1547676.492863279999648
11099230.826699258333074 1547671.416902342500396
11099230.826699258333074 1547671.715488280000352
11099230.826699258333074 1547672.014074217500308
11099230.826699258333074 1547672.312660155000264
11099230.826699258333074 1547672.611246092500220
11099230.826699258333074 1547672.909832030000176
11099230.826699258333074 1547673.208417967500132
11099230.826699258333074 1547673.507003905000088
11099230.826699258333074 1547673.805589842500044
11099230.826699258333074 1547674.104175780000000
11099230.826699258333074 1547674.402761717499956
11099230.826699258333074 1547674.701347654999912
11099230.826699258333074 1547674.999933592499868
11099230.826699258333074 1547675.298519529999824
11099230.826699258333074 1547675.597105467499780
11099230.826699258333074 1547675.895691404999736
11099230.826699258333074 1547676.194277342499692
11099230.826699258333074 1547676.492863279999648
11099231.125279987499611 1547671.416902342500396
11099231.125279987499611 1547671.715488280000352
11099231.125279987499611 1547672.014074217500308
11099231.125279987499611 1547672.312660155000264
11099231.125279987499611 1547672.611246092500220
11099231.125279987499611 1547672.909832030000176
11099231.125279987499611 1547673.208417967500132
11099231.125279987499611 1547673.507003905000088
11099231.125279987499611 1547673.805589842500044
11099231.125279987499611 1547674.104175780000000
11099231.125279987499611 1547674.402761717499956
11099231.125279987499611 1547674.701347654999912
11099231.125279987499611 1547674.999933592499868
11099231.125279987499611 1547675.298519529999824
11099231.125279987499611 1547675.597105467499780
11099231.125279987499611 1547675.895691404999736
11099231.125279987499611 1547676.194277342499692
11099231.125279987499611 1547676.492863279999648
11099231.423860716666148 1547671.416902342500396
11099231.423860716666148 1547671.715488280000352
11099231.423860716666148 1547672.014074217500308
11099231.423860716666148 1547672.312660155000264
11099231.423860716666148 1547672.611246092500220
11099231.423860716666148 1547672.909832030000176
11099231.423860716666148 1547673.208417967500132
11099231.423860716666148 1547673.507003905000088
11099231.423860716666148 1547673.805589842500044
11099231.423860716666148 1547674.104175780000000
11099231.423860716666148 1547674.402761717499956
11099231.423860716666148 1547674.701347654999912
11099231.423860716666148 1547674.999933592499868
11099231.423860716666148 1547675.298519529999824
11099231.423860716666148 1547675.597105467499780
11099231.423860716666148 1547675.895691404999736
11099231.423860716666148 1547676.194277342499692
11099231.423860716666148 1547676.492863279999648
11099231.722441445832685 1547671.416902342500396
11099231.722441445832685 1547671.715488280000352
11099231.722441445832685 1547672.014074217500308
11099231.722441445832685 1547672.312660155000264
11099231.722441445832685 1547672.611246092500220
11099231.722441445832685 1547672.909832030000176
11099231.722441445832685 1547673.208417967500132
11099231.722441445832685 1547673.507003905000088
11099231.722441445832685 1547673.805589842500044
11099231.722441445832685 1547674.104175780000000
11099231.722441445832685 1547674.402761717499956
11099231.722441445832685 1547674.701347654999912
11099231.722441445832685 1547674.999933592499868
11099231.722441445832685 1547675.298519529999824
11099231.722441445832685 1547675.597105467499780
11099231.722441445832685 1547675.895691404999736
11099231.722441445832685 1547676.194277342499692
11099231.722441445832685 1547676.492863279999648
11099232.021022174999222 1547671.416902342500396
11099232.021022174999222 1547671.715488280000352
11099232.021022174999222 1547672.014074217500308
11099232.021022174999222 1547672.312660155000264
11099232.021022174999222 1547672.611246092500220
11099232.021022174999222 1547672.909832030000176
11099232.021022174999222 1547673.208417967500132
11099232.021022174999222 1547673.507003905000088
11099232.021022174999222 1547673.805589842500044
11099232.021022174999222 1547674.104175780000000
11099232.021022174999222 1547674.402761717499956
11099232.021022174999222 1547674.701347654999912
11099232.021022174999222 1547674.999933592499868
11099232.021022174999222 1547675.298519529999824
11099232.021022174999222 1547675.597105467499780
11099232.021022174999222 1547675.895691404999736
11099232.021022174999222 1547676.194277342499692
11099232.021022174999222 1547676.492863279999648
11099232.319602904165759 1547671.416902342500396
11099232.319602904165759 1547671.715488280000352
11099232.319602904165759 1547672.014074217500308
11099232.319602904165759 1547672.312660155000264
11099232.319602904165759 1547672.611246092500220
11099232.319602904165759 1547672.909832030000176
11099232.319602904165759 1547673.208417967500132
11099232.319602904165759 1547673.507003905000088
11099232.319602904165759 1547673.805589842500044
11099232.319602904165759 1547674.104175780000000
11099232.319602904165759 1547674.402761717499956
11099232.319602904165759 1547674.701347654999912
11099232.319602904165759 1547674.999933592499868
11099232.319602904165759 1547675.298519529999824
11099232.319602904165759 1547675.597105467499780
11099232.319602904165759 1547675.895691404999736
11099232.319602904165759 1547676.194277342499692
11099232.319602904165759 1547676.492863279999648
11099232.618183633332296 1547671.416902342500396
11099232.618183633332296 1547671.715488280000352
11099232.618183633332296 1547672.014074217500308
11099232.618183633332296 1547672.312660155000264
11099232.618183633332296 1547672.611246092500220
11099232.618183633332296 1547672.909832030000176
11099232.618183633332296 1547673.208417967500132
11099232.618183633332296 1547673.507003905000088
11099232.618183633332296 1547673.805589842500044
11099232.618183633332296 1547674.104175780000000
11099232.618183633332296 1547674.402761717499956
11099232.618183633332296 1547674.701347654999912
11099232.618183633332296 1547674.999933592499868
11099232.618183633332296 1547675.298519529999824
11099232.618183633332296 1547675.597105467499780
11099232.618183633332296 1547675.895691404999736
11099232.618183633332296 1547676.194277342499692
11099232.618183633332296 1547676.492863279999648
