11099217.689147137501167 1547664.549425782500396
11099217.689147137501167 1547664.848011720000352
11099217.689147137501167 1547665.146597657500308
11099217.689147137501167 1547665.445183595000264
11099217.689147137501167 1547665.743769532500220
11099217.689147137501167 1547666.042355470000176
11099217.689147137501167 1547666.340941407500132
11099217.689147137501167 1547666.639527345000088
11099217.689147137501167 1547666.938113282500044
11099217.689147137501167 1547667.236699220000000
11099217.689147137501167 1547667.535285157499956
11099217.689147137501167 1547667.833871094999912
11099217.689147137501167 1547668.132457032499868
11099217.689147137501167 1547668.431042969999824
11099217.689147137501167 1547668.729628907499780
11099217.689147137501167 1547669.028214844999736
11099217.689147137501167 1547669.326800782499692
11099217.689147137501167 1547669.625386719999648
11099217.987727866667704 1547664.549425782500396
11099217.987727866667704 1547664.848011720000352
11099217.987727866667704 1547665.146597657500308
11099217.987727866667704 1547665.445183595000264
11099217.987727866667704 1547665.743769532500220
11099217.987727866667704 1547666.042355470000176
11099217.987727866667704 1547666.340941407500132
11099217.987727866667704 1547666.639527345000088
11099217.987727866667704 1547666.938113282500044
11099217.987727866667704 1547667.236699220000000
11099217.987727866667704 1547667.535285157499956
11099217.987727866667704 1547667.833871094999912
11099217.987727866667704 1547668.132457032499868
11099217.987727866667704 1547668.431042969999824
11099217.987727866667704 1547668.729628907499780
11099217.987727866667704 1547669.028214844999736
11099217.987727866667704 1547669.326800782499692
11099217.987727866667704 1547669.625386719999648
11099218.286308595834241 1547664.549425782500396
11099218.286308595834241 1547664.848011720000352
11099218.286308595834241 1547665.146597657500308
11099218.286308595834241 1547665.445183595000264
11099218.286308595834241 1547665.743769532500220
11099218.286308595834241 1547666.042355470000176
11099218.286308595834241 1547666.340941407500132
11099218.286308595834241 1547666.639527345000088
11099218.286308595834241 1547666.938113282500044
11099218.286308595834241 1547667.236699220000000
11099218.286308595834241 1547667.535285157499956
11099218.286308595834241 1547667.833871094999912
11099218.286308595834241 1547668.132457032499868
11099218.286308595834241 1547668.431042969999824
11099218.286308595834241 1547668.729628907499780
11099218.286308595834241 1547669.028214844999736
11099218.286308595834241 1547669.326800782499692
11099218.286308595834241 1547669.625386719999648
11099218.584889325000778 1547664.549425782500396
11099218.584889325000778 1547664.848011720000352
11099218.584889325000778 1547665.146597657500308
11099218.584889325000778 1547665.445183595000264
11099218.584889325000778 1547665.743769532500220
11099218.584889325000778 1547666.042355470000176
11099218.584889325000778 1547666.340941407500132
11099218.584889325000778 1547666.639527345000088
11099218.584889325000778 1547666.938113282500044
11099218.584889325000778 1547667.236699220000000
11099218.584889325000778 1547667.535285157499956
11099218.584889325000778 1547667.833871094999912
11099218.584889325000778 1547668.132457032499868
11099218.584889325000778 1547668.431042969999824
11099218.584889325000778 1547668.729628907499780
11099218.584889325000778 1547669.028214844999736
11099218.584889325000778 1547669.326800782499692
11099218.584889325000778 1547669.625386719999648
11099218.883470054167315 1547664.549425782500396
11099218.883470054167315 1547664.848011720000352
11099218.883470054167315 1547665.146597657500308
11099218.883470054167315 1547665.445183595000264
11099218.883470054167315 1547665.743769532500220
11099218.883470054167315 1547666.042355470000176
11099218.883470054167315 1547666.340941407500132
11099218.883470054167315 1547666.639527345000088
11099218.883470054167315 1547666.938113282500044
11099218.883470054167315 1547667.236699220000000
11099218.883470054167315 1547667.535285157499956
11099218.883470054167315 1547667.833871094999912
11099218.883470054167315 1547668.132457032499868
11099218.883470054167315 1547668.431042969999824
11099218.883470054167315 1547668.729628907499780
11099218.883470054167315 1547669.028214844999736
11099218.883470054167315 1547669.326800782499692
11099218.883470054167315 1547669.625386719999648
11099219.182050783333852 1547664.549425782500396
11099219.182050783333852 1547664.848011720000352
11099219.182050783333852 1547665.146597657500308
11099219.182050783333852 1547665.445183595000264
11099219.182050783333852 1547665.743769532500220
11099219.182050783333852 1547666.042355470000176
11099219.182050783333852 1547666.340941407500132
11099219.182050783333852 1547666.639527345000088
11099219.182050783333852 1547666.938113282500044
11099219.182050783333852 1547667.236699220000000
11099219.182050783333852 1547667.535285157499956
11099219.182050783333852 1547667.833871094999912
11099219.182050783333852 1547668.132457032499868
11099219.182050783333852 1547668.431042969999824
11099219.182050783333852 1547668.729628907499780
11099219.182050783333852 1547669.028214844999736
11099219.182050783333852 1547669.326800782499692
11099219.182050783333852 1547669.625386719999648
11099219.480631512500389 1547664.549425782500396
11099219.480631512500389 1547664.848011720000352
11099219.480631512500389 1547665.146597657500308
11099219.480631512500389 1547665.445183595000264
11099219.480631512500389 1547665.743769532500220
11099219.480631512500389 1547666.042355470000176
11099219.480631512500389 1547666.340941407500132
11099219.480631512500389 1547666.639527345000088
11099219.480631512500389 1547666.938113282500044
11099219.480631512500389 1547667.236699220000000
11099219.480631512500389 1547667.535285157499956
11099219.480631512500389 1547667.833871094999912
11099219.480631512500389 1547668.132457032499868
11099219.480631512500389 1547668.431042969999824
11099219.480631512500389 1547668.729628907499780
11099219.480631512500389 1547669.028214844999736
11099219.480631512500389 1547669.326800782499692
11099219.480631512500389 1547669.625386719999648
11099219.779212241666926 1547664.549425782500396
11099219.779212241666926 1547664.848011720000352
11099219.779212241666926 1547665.146597657500308
11099219.779212241666926 1547665.445183595000264
11099219.779212241666926 1547665.743769532500220
11099219.779212241666926 1547666.042355470000176
11099219.779212241666926 1547666.340941407500132
11099219.779212241666926 1547666.639527345000088
11099219.779212241666926 1547666.938113282500044
11099219.779212241666926 1547667.236699220000000
11099219.779212241666926 1547667.535285157499956
11099219.779212241666926 1547667.833871094999912
11099219.779212241666926 1547668.132457032499868
11099219.779212241666926 1547668.431042969999824
11099219.779212241666926 1547668.729628907499780
11099219.779212241666926 1547669.028214844999736
11099219.779212241666926 1547669.326800782499692
11099219.779212241666926 1547669.625386719999648
11099220.077792970833463 1547664.549425782500396
11099220.077792970833463 1547664.848011720000352
11099220.077792970833463 1547665.146597657500308
11099220.077792970833463 1547665.445183595000264
11099220.077792970833463 1547665.743769532500220
11099220.077792970833463 1547666.042355470000176
11099220.077792970833463 1547666.340941407500132
11099220.077792970833463 1547666.639527345000088
11099220.077792970833463 1547666.938113282500044
11099220.077792970833463 1547667.236699220000000
11099220.077792970833463 1547667.535285157499956
11099220.077792970833463 1547667.833871094999912
11099220.077792970833463 1547668.132457032499868
11099220.077792970833463 1547668.431042969999824
11099220.077792970833463 1547668.729628907499780
11099220.077792970833463 1547669.028214844999736
11099220.077792970833463 1547669.326800782499692
11099220.077792970833463 1547669.625386719999648
11099220.376373700000000 1547664.549425782500396
11099220.376373700000000 1547664.848011720000352
11099220.376373700000000 1547665.146597657500308
11099220.376373700000000 1547665.445183595000264
11099220.376373700000000 1547665.743769532500220
11099220.376373700000000 1547666.042355470000176
11099220.376373700000000 1547666.340941407500132
11099220.376373700000000 1547666.639527345000088
11099220.376373700000000 1547666.938113282500044
11099220.376373700000000 1547667.236699220000000
11099220.376373700000000 1547667.535285157499956
11099220.376373700000000 1547667.833871094999912
11099220.376373700000000 1547668.132457032499868
11099220.376373700000000 1547668.431042969999824
11099220.376373700000000 1547668.729628907499780
11099220.376373700000000 1547669.028214844999736
11099220.376373700000000 1547669.326800782499692
11099220.376373700000000 1547669.625386719999648
11099220.674954429166537 1547664.549425782500396
11099220.674954429166537 1547664.848011720000352
11099220.674954429166537 1547665.146597657500308
11099220.674954429166537 1547665.445183595000264
11099220.674954429166537 1547665.743769532500220
11099220.674954429166537 1547666.042355470000176
11099220.674954429166537 1547666.340941407500132
11099220.674954429166537 1547666.639527345000088
11099220.674954429166537 1547666.938113282500044
11099220.674954429166537 1547667.236699220000000
11099220.674954429166537 1547667.535285157499956
11099220.674954429166537 1547667.833871094999912
11099220.674954429166537 1547668.132457032499868
11099220.674954429166537 1547668.431042969999824
11099220.674954429166537 1547668.729628907499780
11099220.674954429166537 1547669.028214844999736
11099220.674954429166537 1547669.326800782499692
11099220.674954429166537 1547669.625386719999648
11099220.973535158333074 1547664.549425782500396
11099220.973535158333074 1547664.848011720000352
11099220.973535158333074 1547665.146597657500308
11099220.973535158333074 1547665.445183595000264
11099220.973535158333074 1547665.743769532500220
11099220.973535158333074 1547666.042355470000176
11099220.973535158333074 1547666.340941407500132
11099220.973535158333074 1547666.639527345000088
11099220.973535158333074 1547666.938113282500044
11099220.973535158333074 1547667.236699220000000
11099220.973535158333074 1547667.535285157499956
11099220.973535158333074 1547667.833871094999912
11099220.973535158333074 1547668.132457032499868
11099220.973535158333074 1547668.431042969999824
11099220.973535158333074 1547668.729628907499780
11099220.973535158333074 1547669.028214844999736
11099220.973535158333074 1547669.326800782499692
11099220.973535158333074 1547669.625386719999648
11099221.272115887499611 1547664.549425782500396
11099221.272115887499611 1547664.848011720000352
11099221.272115887499611 1547665.146597657500308
11099221.272115887499611 1547665.445183595000264
11099221.272115887499611 1547665.743769532500220
11099221.272115887499611 1547666.042355470000176
11099221.272115887499611 1547666.340941407500132
11099221.272115887499611 1547666.639527345000088
11099221.272115887499611 1547666.938113282500044
11099221.272115887499611 1547667.236699220000000
11099221.272115887499611 1547667.535285157499956
11099221.272115887499611 1547667.833871094999912
11099221.272115887499611 1547668.132457032499868
11099221.272115887499611 1547668.431042969999824
11099221.272115887499611 1547668.729628907499780
11099221.272115887499611 1547669.028214844999736
11099221.272115887499611 1547669.326800782499692
11099221.272115887499611 1547669.625386719999648
11099221.570696616666148 1547664.549425782500396
11099221.570696616666148 1547664.848011720000352
11099221.570696616666148 1547665.146597657500308
11099221.570696616666148 1547665.445183595000264
11099221.570696616666148 1547665.743769532500220
11099221.570696616666148 1547666.042355470000176
11099221.570696616666148 1547666.340941407500132
11099221.570696616666148 1547666.639527345000088
11099221.570696616666148 1547666.938113282500044
11099221.570696616666148 1547667.236699220000000
11099221.570696616666148 1547667.535285157499956
11099221.570696616666148 1547667.833871094999912
11099221.570696616666148 1547668.132457032499868
11099221.570696616666148 1547668.431042969999824
11099221.570696616666148 1547668.729628907499780
11099221.570696616666148 1547669.028214844999736
11099221.570696616666148 1547669.326800782499692
11099221.570696616666148 1547669.625386719999648
11099221.869277345832685 1547664.549425782500396
11099221.869277345832685 1547664.848011720000352
11099221.869277345832685 1547665.146597657500308
11099221.869277345832685 1547665.445183595000264
11099221.869277345832685 1547665.743769532500220
11099221.869277345832685 1547666.042355470000176
11099221.869277345832685 1547666.340941407500132
11099221.869277345832685 1547666.639527345000088
11099221.869277345832685 1547666.938113282500044
11099221.869277345832685 1547667.236699220000000
11099221.869277345832685 1547667.535285157499956
11099221.869277345832685 1547667.833871094999912
11099221.869277345832685 1547668.132457032499868
11099221.869277345832685 1547668.431042969999824
11099221.869277345832685 1547668.729628907499780
11099221.869277345832685 1547669.028214844999736
11099221.869277345832685 1547669.326800782499692
11099221.869277345832685 1547669.625386719999648
11099222.167858074999222 1547664.549425782500396
11099222.167858074999222 1547664.848011720000352
11099222.167858074999222 1547665.146597657500308
11099222.167858074999222 1547665.445183595000264
11099222.167858074999222 1547665.743769532500220
11099222.167858074999222 1547666.042355470000176
11099222.167858074999222 1547666.340941407500132
11099222.167858074999222 1547666.639527345000088
11099222.167858074999222 1547666.938113282500044
11099222.167858074999222 1547667.236699220000000
11099222.167858074999222 1547667.535285157499956
11099222.167858074999222 1547667.833871094999912
11099222.167858074999222 1547668.132457032499868
11099222.167858074999222 1547668.431042969999824
11099222.167858074999222 1547668.729628907499780
11099222.167858074999222 1547669.028214844999736
11099222.167858074999222 1547669.326800782499692
11099222.167858074999222 1547669.625386719999648
11099222.466438804165759 1547664.549425782500396
11099222.466438804165759 1547664.848011720000352
11099222.466438804165759 1547665.146597657500308
11099222.466438804165759 1547665.445183595000264
11099222.466438804165759 1547665.743769532500220
11099222.466438804165759 1547666.042355470000176
11099222.466438804165759 1547666.340941407500132
11099222.466438804165759 1547666.639527345000088
11099222.466438804165759 1547666.938113282500044
11099222.466438804165759 1547667.236699220000000
11099222.466438804165759 1547667.535285157499956
11099222.466438804165759 1547667.833871094999912
11099222.466438804165759 1547668.132457032499868
11099222.466438804165759 1547668.431042969999824
11099222.466438804165759 1547668.729628907499780
11099222.466438804165759 1547669.028214844999736
11099222.466438804165759 1547669.326800782499692
11099222.466438804165759 1547669.625386719999648
11099222.765019533332296 1547664.549425782500396
11099222.765019533332296 1547664.848011720000352
11099222.765019533332296 1547665.146597657500308
11099222.765019533332296 1547665.445183595000264
11099222.765019533332296 1547665.743769532500220
11099222.765019533332296 1547666.042355470000176
11099222.765019533332296 1547666.340941407500132
11099222.765019533332296 1547666.639527345000088
11099222.765019533332296 1547666.938113282500044
11099222.765019533332296 1547667.236699220000000
11099222.765019533332296 1547667.535285157499956
11099222.765019533332296 1547667.833871094999912
11099222.765019533332296 1547668.132457032499868
11099222.765019533332296 1547668.431042969999824
11099222.765019533332296 1547668.729628907499780
11099222.765019533332296 1547669.028214844999736
11099222.765019533332296 1547669.326800782499692
11099222.765019533332296 1547669.625386719999648
