11098887.458860637501167 1547719.190652342500396
11098887.458860637501167 1547719.489238280000352
11098887.458860637501167 1547719.787824217500308
11098887.458860637501167 1547720.086410155000264
11098887.458860637501167 1547720.384996092500220
11098887.458860637501167 1547720.683582030000176
11098887.458860637501167 1547720.982167967500132
11098887.458860637501167 1547721.280753905000088
11098887.458860637501167 1547721.579339842500044
11098887.458860637501167 1547721.877925780000000
11098887.458860637501167 1547722.176511717499956
11098887.458860637501167 1547722.475097654999912
11098887.458860637501167 1547722.773683592499868
11098887.458860637501167 1547723.072269529999824
11098887.458860637501167 1547723.370855467499780
11098887.458860637501167 1547723.669441404999736
11098887.458860637501167 1547723.968027342499692
11098887.458860637501167 1547724.266613279999648
11098887.757441366667704 1547719.190652342500396
11098887.757441366667704 1547719.489238280000352
11098887.757441366667704 1547719.787824217500308
11098887.757441366667704 1547720.086410155000264
11098887.757441366667704 1547720.384996092500220
11098887.757441366667704 1547720.683582030000176
11098887.757441366667704 1547720.982167967500132
11098887.757441366667704 1547721.280753905000088
11098887.757441366667704 1547721.579339842500044
11098887.757441366667704 1547721.877925780000000
11098887.757441366667704 1547722.176511717499956
11098887.757441366667704 1547722.475097654999912
11098887.757441366667704 1547722.773683592499868
11098887.757441366667704 1547723.072269529999824
11098887.757441366667704 1547723.370855467499780
11098887.757441366667704 1547723.669441404999736
11098887.757441366667704 1547723.968027342499692
11098887.757441366667704 1547724.266613279999648
11098888.056022095834241 1547719.190652342500396
11098888.056022095834241 1547719.489238280000352
11098888.056022095834241 1547719.787824217500308
11098888.056022095834241 1547720.086410155000264
11098888.056022095834241 1547720.384996092500220
11098888.056022095834241 1547720.683582030000176
11098888.056022095834241 1547720.982167967500132
11098888.056022095834241 1547721.280753905000088
11098888.056022095834241 1547721.579339842500044
11098888.056022095834241 1547721.877925780000000
11098888.056022095834241 1547722.176511717499956
11098888.056022095834241 1547722.475097654999912
11098888.056022095834241 1547722.773683592499868
11098888.056022095834241 1547723.072269529999824
11098888.056022095834241 1547723.370855467499780
11098888.056022095834241 1547723.669441404999736
11098888.056022095834241 1547723.968027342499692
11098888.056022095834241 1547724.266613279999648
11098888.354602825000778 1547719.190652342500396
11098888.354602825000778 1547719.489238280000352
11098888.354602825000778 1547719.787824217500308
11098888.354602825000778 1547720.086410155000264
11098888.354602825000778 1547720.384996092500220
11098888.354602825000778 1547720.683582030000176
11098888.354602825000778 1547720.982167967500132
11098888.354602825000778 1547721.280753905000088
11098888.354602825000778 1547721.579339842500044
11098888.354602825000778 1547721.877925780000000
11098888.354602825000778 1547722.176511717499956
11098888.354602825000778 1547722.475097654999912
11098888.354602825000778 1547722.773683592499868
11098888.354602825000778 1547723.072269529999824
11098888.354602825000778 1547723.370855467499780
11098888.354602825000778 1547723.669441404999736
11098888.354602825000778 1547723.968027342499692
11098888.354602825000778 1547724.266613279999648
11098888.653183554167315 1547719.190652342500396
11098888.653183554167315 1547719.489238280000352
11098888.653183554167315 1547719.787824217500308
11098888.653183554167315 1547720.086410155000264
11098888.653183554167315 1547720.384996092500220
11098888.653183554167315 1547720.683582030000176
11098888.653183554167315 1547720.982167967500132
11098888.653183554167315 1547721.280753905000088
11098888.653183554167315 1547721.579339842500044
11098888.653183554167315 1547721.877925780000000
11098888.653183554167315 1547722.176511717499956
11098888.653183554167315 1547722.475097654999912
11098888.653183554167315 1547722.773683592499868
11098888.653183554167315 1547723.072269529999824
11098888.653183554167315 1547723.370855467499780
11098888.653183554167315 1547723.669441404999736
11098888.653183554167315 1547723.968027342499692
11098888.653183554167315 1547724.266613279999648
11098888.951764283333852 1547719.190652342500396
11098888.951764283333852 1547719.489238280000352
11098888.951764283333852 1547719.787824217500308
11098888.951764283333852 1547720.086410155000264
11098888.951764283333852 1547720.384996092500220
11098888.951764283333852 1547720.683582030000176
11098888.951764283333852 1547720.982167967500132
11098888.951764283333852 1547721.280753905000088
11098888.951764283333852 1547721.579339842500044
11098888.951764283333852 1547721.877925780000000
11098888.951764283333852 1547722.176511717499956
11098888.951764283333852 1547722.475097654999912
11098888.951764283333852 1547722.773683592499868
11098888.951764283333852 1547723.072269529999824
11098888.951764283333852 1547723.370855467499780
11098888.951764283333852 1547723.669441404999736
11098888.951764283333852 1547723.968027342499692
11098888.951764283333852 1547724.266613279999648
11098889.250345012500389 1547719.190652342500396
11098889.250345012500389 1547719.489238280000352
11098889.250345012500389 1547719.787824217500308
11098889.250345012500389 1547720.086410155000264
11098889.250345012500389 1547720.384996092500220
11098889.250345012500389 1547720.683582030000176
11098889.250345012500389 1547720.982167967500132
11098889.250345012500389 1547721.280753905000088
11098889.250345012500389 1547721.579339842500044
11098889.250345012500389 1547721.877925780000000
11098889.250345012500389 1547722.176511717499956
11098889.250345012500389 1547722.475097654999912
11098889.250345012500389 1547722.773683592499868
11098889.250345012500389 1547723.072269529999824
11098889.250345012500389 1547723.370855467499780
11098889.250345012500389 1547723.669441404999736
11098889.250345012500389 1547723.968027342499692
11098889.250345012500389 1547724.266613279999648
11098889.548925741666926 1547719.190652342500396
11098889.548925741666926 1547719.489238280000352
11098889.548925741666926 1547719.787824217500308
11098889.548925741666926 1547720.086410155000264
11098889.548925741666926 1547720.384996092500220
11098889.548925741666926 1547720.683582030000176
11098889.548925741666926 1547720.982167967500132
11098889.548925741666926 1547721.280753905000088
11098889.548925741666926 1547721.579339842500044
11098889.548925741666926 1547721.877925780000000
11098889.548925741666926 1547722.176511717499956
11098889.548925741666926 1547722.475097654999912
11098889.548925741666926 1547722.773683592499868
11098889.548925741666926 1547723.072269529999824
11098889.548925741666926 1547723.370855467499780
11098889.548925741666926 1547723.669441404999736
11098889.548925741666926 1547723.968027342499692
11098889.548925741666926 1547724.266613279999648
11098889.847506470833463 1547719.190652342500396
11098889.847506470833463 1547719.489238280000352
11098889.847506470833463 1547719.787824217500308
11098889.847506470833463 1547720.086410155000264
11098889.847506470833463 1547720.384996092500220
11098889.847506470833463 1547720.683582030000176
11098889.847506470833463 1547720.982167967500132
11098889.847506470833463 1547721.280753905000088
11098889.847506470833463 1547721.579339842500044
11098889.847506470833463 1547721.877925780000000
11098889.847506470833463 1547722.176511717499956
11098889.847506470833463 1547722.475097654999912
11098889.847506470833463 1547722.773683592499868
11098889.847506470833463 1547723.072269529999824
11098889.847506470833463 1547723.370855467499780
11098889.847506470833463 1547723.669441404999736
11098889.847506470833463 1547723.968027342499692
11098889.847506470833463 1547724.266613279999648
11098890.146087200000000 1547719.190652342500396
11098890.146087200000000 1547719.489238280000352
11098890.146087200000000 1547719.787824217500308
11098890.146087200000000 1547720.086410155000264
11098890.146087200000000 1547720.384996092500220
11098890.146087200000000 1547720.683582030000176
11098890.146087200000000 1547720.982167967500132
11098890.146087200000000 1547721.280753905000088
11098890.146087200000000 1547721.579339842500044
11098890.146087200000000 1547721.877925780000000
11098890.146087200000000 1547722.176511717499956
11098890.146087200000000 1547722.475097654999912
11098890.146087200000000 1547722.773683592499868
11098890.146087200000000 1547723.072269529999824
11098890.146087200000000 1547723.370855467499780
11098890.146087200000000 1547723.669441404999736
11098890.146087200000000 1547723.968027342499692
11098890.146087200000000 1547724.266613279999648
11098890.444667929166537 1547719.190652342500396
11098890.444667929166537 1547719.489238280000352
11098890.444667929166537 1547719.787824217500308
11098890.444667929166537 1547720.086410155000264
11098890.444667929166537 1547720.384996092500220
11098890.444667929166537 1547720.683582030000176
11098890.444667929166537 1547720.982167967500132
11098890.444667929166537 1547721.280753905000088
11098890.444667929166537 1547721.579339842500044
11098890.444667929166537 1547721.877925780000000
11098890.444667929166537 1547722.176511717499956
11098890.444667929166537 1547722.475097654999912
11098890.444667929166537 1547722.773683592499868
11098890.444667929166537 1547723.072269529999824
11098890.444667929166537 1547723.370855467499780
11098890.444667929166537 1547723.669441404999736
11098890.444667929166537 1547723.968027342499692
11098890.444667929166537 1547724.266613279999648
11098890.743248658333074 1547719.190652342500396
11098890.743248658333074 1547719.489238280000352
11098890.743248658333074 1547719.787824217500308
11098890.743248658333074 1547720.086410155000264
11098890.743248658333074 1547720.384996092500220
11098890.743248658333074 1547720.683582030000176
11098890.743248658333074 1547720.982167967500132
11098890.743248658333074 1547721.280753905000088
11098890.743248658333074 1547721.579339842500044
11098890.743248658333074 1547721.877925780000000
11098890.743248658333074 1547722.176511717499956
11098890.743248658333074 1547722.475097654999912
11098890.743248658333074 1547722.773683592499868
11098890.743248658333074 1547723.072269529999824
11098890.743248658333074 1547723.370855467499780
11098890.743248658333074 1547723.669441404999736
11098890.743248658333074 1547723.968027342499692
11098890.743248658333074 1547724.266613279999648
11098891.041829387499611 1547719.190652342500396
11098891.041829387499611 1547719.489238280000352
11098891.041829387499611 1547719.787824217500308
11098891.041829387499611 1547720.086410155000264
11098891.041829387499611 1547720.384996092500220
11098891.041829387499611 1547720.683582030000176
11098891.041829387499611 1547720.982167967500132
11098891.041829387499611 1547721.280753905000088
11098891.041829387499611 1547721.579339842500044
11098891.041829387499611 1547721.877925780000000
11098891.041829387499611 1547722.176511717499956
11098891.041829387499611 1547722.475097654999912
11098891.041829387499611 1547722.773683592499868
11098891.041829387499611 1547723.072269529999824
11098891.041829387499611 1547723.370855467499780
11098891.041829387499611 1547723.669441404999736
11098891.041829387499611 1547723.968027342499692
11098891.041829387499611 1547724.266613279999648
11098891.340410116666148 1547719.190652342500396
11098891.340410116666148 1547719.489238280000352
11098891.340410116666148 1547719.787824217500308
11098891.340410116666148 1547720.086410155000264
11098891.340410116666148 1547720.384996092500220
11098891.340410116666148 1547720.683582030000176
11098891.340410116666148 1547720.982167967500132
11098891.340410116666148 1547721.280753905000088
11098891.340410116666148 1547721.579339842500044
11098891.340410116666148 1547721.877925780000000
11098891.340410116666148 1547722.176511717499956
11098891.340410116666148 1547722.475097654999912
11098891.340410116666148 1547722.773683592499868
11098891.340410116666148 1547723.072269529999824
11098891.340410116666148 1547723.370855467499780
11098891.340410116666148 1547723.669441404999736
11098891.340410116666148 1547723.968027342499692
11098891.340410116666148 1547724.266613279999648
11098891.638990845832685 1547719.190652342500396
11098891.638990845832685 1547719.489238280000352
11098891.638990845832685 1547719.787824217500308
11098891.638990845832685 1547720.086410155000264
11098891.638990845832685 1547720.384996092500220
11098891.638990845832685 1547720.683582030000176
11098891.638990845832685 1547720.982167967500132
11098891.638990845832685 1547721.280753905000088
11098891.638990845832685 1547721.579339842500044
11098891.638990845832685 1547721.877925780000000
11098891.638990845832685 1547722.176511717499956
11098891.638990845832685 1547722.475097654999912
11098891.638990845832685 1547722.773683592499868
11098891.638990845832685 1547723.072269529999824
11098891.638990845832685 1547723.370855467499780
11098891.638990845832685 1547723.669441404999736
11098891.638990845832685 1547723.968027342499692
11098891.638990845832685 1547724.266613279999648
11098891.937571574999222 1547719.190652342500396
11098891.937571574999222 1547719.489238280000352
11098891.937571574999222 1547719.787824217500308
11098891.937571574999222 1547720.086410155000264
11098891.937571574999222 1547720.384996092500220
11098891.937571574999222 1547720.683582030000176
11098891.937571574999222 1547720.982167967500132
11098891.937571574999222 1547721.280753905000088
11098891.937571574999222 1547721.579339842500044
11098891.937571574999222 1547721.877925780000000
11098891.937571574999222 1547722.176511717499956
11098891.937571574999222 1547722.475097654999912
11098891.937571574999222 1547722.773683592499868
11098891.937571574999222 1547723.072269529999824
11098891.937571574999222 1547723.370855467499780
11098891.937571574999222 1547723.669441404999736
11098891.937571574999222 1547723.968027342499692
11098891.937571574999222 1547724.266613279999648
11098892.236152304165759 1547719.190652342500396
11098892.236152304165759 1547719.489238280000352
11098892.236152304165759 1547719.787824217500308
11098892.236152304165759 1547720.086410155000264
11098892.236152304165759 1547720.384996092500220
11098892.236152304165759 1547720.683582030000176
11098892.236152304165759 1547720.982167967500132
11098892.236152304165759 1547721.280753905000088
11098892.236152304165759 1547721.579339842500044
11098892.236152304165759 1547721.877925780000000
11098892.236152304165759 1547722.176511717499956
11098892.236152304165759 1547722.475097654999912
11098892.236152304165759 1547722.773683592499868
11098892.236152304165759 1547723.072269529999824
11098892.236152304165759 1547723.370855467499780
11098892.236152304165759 1547723.669441404999736
11098892.236152304165759 1547723.968027342499692
11098892.236152304165759 1547724.266613279999648
11098892.534733033332296 1547719.190652342500396
11098892.534733033332296 1547719.489238280000352
11098892.534733033332296 1547719.787824217500308
11098892.534733033332296 1547720.086410155000264
11098892.534733033332296 1547720.384996092500220
11098892.534733033332296 1547720.683582030000176
11098892.534733033332296 1547720.982167967500132
11098892.534733033332296 1547721.280753905000088
11098892.534733033332296 1547721.579339842500044
11098892.534733033332296 1547721.877925780000000
11098892.534733033332296 1547722.176511717499956
11098892.534733033332296 1547722.475097654999912
11098892.534733033332296 1547722.773683592499868
11098892.534733033332296 1547723.072269529999824
11098892.534733033332296 1547723.370855467499780
11098892.534733033332296 1547723.669441404999736
11098892.534733033332296 1547723.968027342499692
11098892.534733033332296 1547724.266613279999648
