11099146.626933637501167 1547807.870675782500396
11099146.626933637501167 1547808.169261720000352
11099146.626933637501167 1547808.467847657500308
11099146.626933637501167 1547808.766433595000264
11099146.626933637501167 1547809.065019532500220
11099146.626933637501167 1547809.363605470000176
11099146.626933637501167 1547809.662191407500132
11099146.626933637501167 1547809.960777345000088
11099146.626933637501167 1547810.259363282500044
11099146.626933637501167 1547810.557949220000000
11099146.626933637501167 1547810.856535157499956
11099146.626933637501167 1547811.155121094999912
11099146.626933637501167 1547811.453707032499868
11099146.626933637501167 1547811.752292969999824
11099146.626933637501167 1547812.050878907499780
11099146.626933637501167 1547812.349464844999736
11099146.626933637501167 1547812.648050782499692
11099146.626933637501167 1547812.946636719999648
11099146.925514366667704 1547807.870675782500396
11099146.925514366667704 1547808.169261720000352
11099146.925514366667704 1547808.467847657500308
11099146.925514366667704 1547808.766433595000264
11099146.925514366667704 1547809.065019532500220
11099146.925514366667704 1547809.363605470000176
11099146.925514366667704 1547809.662191407500132
11099146.925514366667704 1547809.960777345000088
11099146.925514366667704 1547810.259363282500044
11099146.925514366667704 1547810.557949220000000
11099146.925514366667704 1547810.856535157499956
11099146.925514366667704 1547811.155121094999912
11099146.925514366667704 1547811.453707032499868
11099146.925514366667704 1547811.752292969999824
11099146.925514366667704 1547812.050878907499780
11099146.925514366667704 1547812.349464844999736
11099146.925514366667704 1547812.648050782499692
11099146.925514366667704 1547812.946636719999648
11099147.224095095834241 1547807.870675782500396
11099147.224095095834241 1547808.169261720000352
11099147.224095095834241 1547808.467847657500308
11099147.224095095834241 1547808.766433595000264
11099147.224095095834241 1547809.065019532500220
11099147.224095095834241 1547809.363605470000176
11099147.224095095834241 1547809.662191407500132
11099147.224095095834241 1547809.960777345000088
11099147.224095095834241 1547810.259363282500044
11099147.224095095834241 1547810.557949220000000
11099147.224095095834241 1547810.856535157499956
11099147.224095095834241 1547811.155121094999912
11099147.224095095834241 1547811.453707032499868
11099147.224095095834241 1547811.752292969999824
11099147.224095095834241 1547812.050878907499780
11099147.224095095834241 1547812.349464844999736
11099147.224095095834241 1547812.648050782499692
11099147.224095095834241 1547812.946636719999648
11099147.522675825000778 1547807.870675782500396
11099147.522675825000778 1547808.169261720000352
11099147.522675825000778 1547808.467847657500308
11099147.522675825000778 1547808.766433595000264
11099147.522675825000778 1547809.065019532500220
11099147.522675825000778 1547809.363605470000176
11099147.522675825000778 1547809.662191407500132
11099147.522675825000778 1547809.960777345000088
11099147.522675825000778 1547810.259363282500044
11099147.522675825000778 1547810.557949220000000
11099147.522675825000778 1547810.856535157499956
11099147.522675825000778 1547811.155121094999912
11099147.522675825000778 1547811.453707032499868
11099147.522675825000778 1547811.752292969999824
11099147.522675825000778 1547812.050878907499780
11099147.522675825000778 1547812.349464844999736
11099147.522675825000778 1547812.648050782499692
11099147.522675825000778 1547812.946636719999648
11099147.821256554167315 1547807.870675782500396
11099147.821256554167315 1547808.169261720000352
11099147.821256554167315 1547808.467847657500308
11099147.821256554167315 1547808.766433595000264
11099147.821256554167315 1547809.065019532500220
11099147.821256554167315 1547809.363605470000176
11099147.821256554167315 1547809.662191407500132
11099147.821256554167315 1547809.960777345000088
11099147.821256554167315 1547810.259363282500044
11099147.821256554167315 1547810.557949220000000
11099147.821256554167315 1547810.856535157499956
11099147.821256554167315 1547811.155121094999912
11099147.821256554167315 1547811.453707032499868
11099147.821256554167315 1547811.752292969999824
11099147.821256554167315 1547812.050878907499780
11099147.821256554167315 1547812.349464844999736
11099147.821256554167315 1547812.648050782499692
11099147.821256554167315 1547812.946636719999648
11099148.119837283333852 1547807.870675782500396
11099148.119837283333852 1547808.169261720000352
11099148.119837283333852 1547808.467847657500308
11099148.119837283333852 1547808.766433595000264
11099148.119837283333852 1547809.065019532500220
11099148.119837283333852 1547809.363605470000176
11099148.119837283333852 1547809.662191407500132
11099148.119837283333852 1547809.960777345000088
11099148.119837283333852 1547810.259363282500044
11099148.119837283333852 1547810.557949220000000
11099148.119837283333852 1547810.856535157499956
11099148.119837283333852 1547811.155121094999912
11099148.119837283333852 1547811.453707032499868
11099148.119837283333852 1547811.752292969999824
11099148.119837283333852 1547812.050878907499780
11099148.119837283333852 1547812.349464844999736
11099148.119837283333852 1547812.648050782499692
11099148.119837283333852 1547812.946636719999648
11099148.418418012500389 1547807.870675782500396
11099148.418418012500389 1547808.169261720000352
11099148.418418012500389 1547808.467847657500308
11099148.418418012500389 1547808.766433595000264
11099148.418418012500389 1547809.065019532500220
11099148.418418012500389 1547809.363605470000176
11099148.418418012500389 1547809.662191407500132
11099148.418418012500389 1547809.960777345000088
11099148.418418012500389 1547810.259363282500044
11099148.418418012500389 1547810.557949220000000
11099148.418418012500389 1547810.856535157499956
11099148.418418012500389 1547811.155121094999912
11099148.418418012500389 1547811.453707032499868
11099148.418418012500389 1547811.752292969999824
11099148.418418012500389 1547812.050878907499780
11099148.418418012500389 1547812.349464844999736
11099148.418418012500389 1547812.648050782499692
11099148.418418012500389 1547812.946636719999648
11099148.716998741666926 1547807.870675782500396
11099148.716998741666926 1547808.169261720000352
11099148.716998741666926 1547808.467847657500308
11099148.716998741666926 1547808.766433595000264
11099148.716998741666926 1547809.065019532500220
11099148.716998741666926 1547809.363605470000176
11099148.716998741666926 1547809.662191407500132
11099148.716998741666926 1547809.960777345000088
11099148.716998741666926 1547810.259363282500044
11099148.716998741666926 1547810.557949220000000
11099148.716998741666926 1547810.856535157499956
11099148.716998741666926 1547811.155121094999912
11099148.716998741666926 1547811.453707032499868
11099148.716998741666926 1547811.752292969999824
11099148.716998741666926 1547812.050878907499780
11099148.716998741666926 1547812.349464844999736
11099148.716998741666926 1547812.648050782499692
11099148.716998741666926 1547812.946636719999648
11099149.015579470833463 1547807.870675782500396
11099149.015579470833463 1547808.169261720000352
11099149.015579470833463 1547808.467847657500308
11099149.015579470833463 1547808.766433595000264
11099149.015579470833463 1547809.065019532500220
11099149.015579470833463 1547809.363605470000176
11099149.015579470833463 1547809.662191407500132
11099149.015579470833463 1547809.960777345000088
11099149.015579470833463 1547810.259363282500044
11099149.015579470833463 1547810.557949220000000
11099149.015579470833463 1547810.856535157499956
11099149.015579470833463 1547811.155121094999912
11099149.015579470833463 1547811.453707032499868
11099149.015579470833463 1547811.752292969999824
11099149.015579470833463 1547812.050878907499780
11099149.015579470833463 1547812.349464844999736
11099149.015579470833463 1547812.648050782499692
11099149.015579470833463 1547812.946636719999648
11099149.314160200000000 1547807.870675782500396
11099149.314160200000000 1547808.169261720000352
11099149.314160200000000 1547808.467847657500308
11099149.314160200000000 1547808.766433595000264
11099149.314160200000000 1547809.065019532500220
11099149.314160200000000 1547809.363605470000176
11099149.314160200000000 1547809.662191407500132
11099149.314160200000000 1547809.960777345000088
11099149.314160200000000 1547810.259363282500044
11099149.314160200000000 1547810.557949220000000
11099149.314160200000000 1547810.856535157499956
11099149.314160200000000 1547811.155121094999912
11099149.314160200000000 1547811.453707032499868
11099149.314160200000000 1547811.752292969999824
11099149.314160200000000 1547812.050878907499780
11099149.314160200000000 1547812.349464844999736
11099149.314160200000000 1547812.648050782499692
11099149.314160200000000 1547812.946636719999648
11099149.612740929166537 1547807.870675782500396
11099149.612740929166537 1547808.169261720000352
11099149.612740929166537 1547808.467847657500308
11099149.612740929166537 1547808.766433595000264
11099149.612740929166537 1547809.065019532500220
11099149.612740929166537 1547809.363605470000176
11099149.612740929166537 1547809.662191407500132
11099149.612740929166537 1547809.960777345000088
11099149.612740929166537 1547810.259363282500044
11099149.612740929166537 1547810.557949220000000
11099149.612740929166537 1547810.856535157499956
11099149.612740929166537 1547811.155121094999912
11099149.612740929166537 1547811.453707032499868
11099149.612740929166537 1547811.752292969999824
11099149.612740929166537 1547812.050878907499780
11099149.612740929166537 1547812.349464844999736
11099149.612740929166537 1547812.648050782499692
11099149.612740929166537 1547812.946636719999648
11099149.911321658333074 1547807.870675782500396
11099149.911321658333074 1547808.169261720000352
11099149.911321658333074 1547808.467847657500308
11099149.911321658333074 1547808.766433595000264
11099149.911321658333074 1547809.065019532500220
11099149.911321658333074 1547809.363605470000176
11099149.911321658333074 1547809.662191407500132
11099149.911321658333074 1547809.960777345000088
11099149.911321658333074 1547810.259363282500044
11099149.911321658333074 1547810.557949220000000
11099149.911321658333074 1547810.856535157499956
11099149.911321658333074 1547811.155121094999912
11099149.911321658333074 1547811.453707032499868
11099149.911321658333074 1547811.752292969999824
11099149.911321658333074 1547812.050878907499780
11099149.911321658333074 1547812.349464844999736
11099149.911321658333074 1547812.648050782499692
11099149.911321658333074 1547812.946636719999648
11099150.209902387499611 1547807.870675782500396
11099150.209902387499611 1547808.169261720000352
11099150.209902387499611 1547808.467847657500308
11099150.209902387499611 1547808.766433595000264
11099150.209902387499611 1547809.065019532500220
11099150.209902387499611 1547809.363605470000176
11099150.209902387499611 1547809.662191407500132
11099150.209902387499611 1547809.960777345000088
11099150.209902387499611 1547810.259363282500044
11099150.209902387499611 1547810.557949220000000
11099150.209902387499611 1547810.856535157499956
11099150.209902387499611 1547811.155121094999912
11099150.209902387499611 1547811.453707032499868
11099150.209902387499611 1547811.752292969999824
11099150.209902387499611 1547812.050878907499780
11099150.209902387499611 1547812.349464844999736
11099150.209902387499611 1547812.648050782499692
11099150.209902387499611 1547812.946636719999648
11099150.508483116666148 1547807.870675782500396
11099150.508483116666148 1547808.169261720000352
11099150.508483116666148 1547808.467847657500308
11099150.508483116666148 1547808.766433595000264
11099150.508483116666148 1547809.065019532500220
11099150.508483116666148 1547809.363605470000176
11099150.508483116666148 1547809.662191407500132
11099150.508483116666148 1547809.960777345000088
11099150.508483116666148 1547810.259363282500044
11099150.508483116666148 1547810.557949220000000
11099150.508483116666148 1547810.856535157499956
11099150.508483116666148 1547811.155121094999912
11099150.508483116666148 1547811.453707032499868
11099150.508483116666148 1547811.752292969999824
11099150.508483116666148 1547812.050878907499780
11099150.508483116666148 1547812.349464844999736
11099150.508483116666148 1547812.648050782499692
11099150.508483116666148 1547812.946636719999648
11099150.807063845832685 1547807.870675782500396
11099150.807063845832685 1547808.169261720000352
11099150.807063845832685 1547808.467847657500308
11099150.807063845832685 1547808.766433595000264
11099150.807063845832685 1547809.065019532500220
11099150.807063845832685 1547809.363605470000176
11099150.807063845832685 1547809.662191407500132
11099150.807063845832685 1547809.960777345000088
11099150.807063845832685 1547810.259363282500044
11099150.807063845832685 1547810.557949220000000
11099150.807063845832685 1547810.856535157499956
11099150.807063845832685 1547811.155121094999912
11099150.807063845832685 1547811.453707032499868
11099150.807063845832685 1547811.752292969999824
11099150.807063845832685 1547812.050878907499780
11099150.807063845832685 1547812.349464844999736
11099150.807063845832685 1547812.648050782499692
11099150.807063845832685 1547812.946636719999648
11099151.105644574999222 1547807.870675782500396
11099151.105644574999222 1547808.169261720000352
11099151.105644574999222 1547808.467847657500308
11099151.105644574999222 1547808.766433595000264
11099151.105644574999222 1547809.065019532500220
11099151.105644574999222 1547809.363605470000176
11099151.105644574999222 1547809.662191407500132
11099151.105644574999222 1547809.960777345000088
11099151.105644574999222 1547810.259363282500044
11099151.105644574999222 1547810.557949220000000
11099151.105644574999222 1547810.856535157499956
11099151.105644574999222 1547811.155121094999912
11099151.105644574999222 1547811.453707032499868
11099151.105644574999222 1547811.752292969999824
11099151.105644574999222 1547812.050878907499780
11099151.105644574999222 1547812.349464844999736
11099151.105644574999222 1547812.648050782499692
11099151.105644574999222 1547812.946636719999648
11099151.404225304165759 1547807.870675782500396
11099151.404225304165759 1547808.169261720000352
11099151.404225304165759 1547808.467847657500308
11099151.404225304165759 1547808.766433595000264
11099151.404225304165759 1547809.065019532500220
11099151.404225304165759 1547809.363605470000176
11099151.404225304165759 1547809.662191407500132
11099151.404225304165759 1547809.960777345000088
11099151.404225304165759 1547810.259363282500044
11099151.404225304165759 1547810.557949220000000
11099151.404225304165759 1547810.856535157499956
11099151.404225304165759 1547811.155121094999912
11099151.404225304165759 1547811.453707032499868
11099151.404225304165759 1547811.752292969999824
11099151.404225304165759 1547812.050878907499780
11099151.404225304165759 1547812.349464844999736
11099151.404225304165759 1547812.648050782499692
11099151.404225304165759 1547812.946636719999648
11099151.702806033332296 1547807.870675782500396
11099151.702806033332296 1547808.169261720000352
11099151.702806033332296 1547808.467847657500308
11099151.702806033332296 1547808.766433595000264
11099151.702806033332296 1547809.065019532500220
11099151.702806033332296 1547809.363605470000176
11099151.702806033332296 1547809.662191407500132
11099151.702806033332296 1547809.960777345000088
11099151.702806033332296 1547810.259363282500044
11099151.702806033332296 1547810.557949220000000
11099151.702806033332296 1547810.856535157499956
11099151.702806033332296 1547811.155121094999912
11099151.702806033332296 1547811.453707032499868
11099151.702806033332296 1547811.752292969999824
11099151.702806033332296 1547812.050878907499780
11099151.702806033332296 1547812.349464844999736
11099151.702806033332296 1547812.648050782499692
11099151.702806033332296 1547812.946636719999648
