11099198.878561237501167 1547644.245582032500396
11099198.878561237501167 1547644.544167970000352
11099198.878561237501167 1547644.842753907500308
11099198.878561237501167 1547645.141339845000264
11099198.878561237501167 1547645.439925782500220
11099198.878561237501167 1547645.738511720000176
11099198.878561237501167 1547646.037097657500132
11099198.878561237501167 1547646.335683595000088
11099198.878561237501167 1547646.634269532500044
11099198.878561237501167 1547646.932855470000000
11099198.878561237501167 1547647.231441407499956
11099198.878561237501167 1547647.530027344999912
11099198.878561237501167 1547647.828613282499868
11099198.878561237501167 1547648.127199219999824
11099198.878561237501167 1547648.425785157499780
11099198.878561237501167 1547648.724371094999736
11099198.878561237501167 1547649.022957032499692
11099198.878561237501167 1547649.321542969999648
11099199.177141966667704 1547644.245582032500396
11099199.177141966667704 1547644.544167970000352
11099199.177141966667704 1547644.842753907500308
11099199.177141966667704 1547645.141339845000264
11099199.177141966667704 1547645.439925782500220
11099199.177141966667704 1547645.738511720000176
11099199.177141966667704 1547646.037097657500132
11099199.177141966667704 1547646.335683595000088
11099199.177141966667704 1547646.634269532500044
11099199.177141966667704 1547646.932855470000000
11099199.177141966667704 1547647.231441407499956
11099199.177141966667704 1547647.530027344999912
11099199.177141966667704 1547647.828613282499868
11099199.177141966667704 1547648.127199219999824
11099199.177141966667704 1547648.425785157499780
11099199.177141966667704 1547648.724371094999736
11099199.177141966667704 1547649.022957032499692
11099199.177141966667704 1547649.321542969999648
11099199.475722695834241 1547644.245582032500396
11099199.475722695834241 1547644.544167970000352
11099199.475722695834241 1547644.842753907500308
11099199.475722695834241 1547645.141339845000264
11099199.475722695834241 1547645.439925782500220
11099199.475722695834241 1547645.738511720000176
11099199.475722695834241 1547646.037097657500132
11099199.475722695834241 1547646.335683595000088
11099199.475722695834241 1547646.634269532500044
11099199.475722695834241 1547646.932855470000000
11099199.475722695834241 1547647.231441407499956
11099199.475722695834241 1547647.530027344999912
11099199.475722695834241 1547647.828613282499868
11099199.475722695834241 1547648.127199219999824
11099199.475722695834241 1547648.425785157499780
11099199.475722695834241 1547648.724371094999736
11099199.475722695834241 1547649.022957032499692
11099199.475722695834241 1547649.321542969999648
11099199.774303425000778 1547644.245582032500396
11099199.774303425000778 1547644.544167970000352
11099199.774303425000778 1547644.842753907500308
11099199.774303425000778 1547645.141339845000264
11099199.774303425000778 1547645.439925782500220
11099199.774303425000778 1547645.738511720000176
11099199.774303425000778 1547646.037097657500132
11099199.774303425000778 1547646.335683595000088
11099199.774303425000778 1547646.634269532500044
11099199.774303425000778 1547646.932855470000000
11099199.774303425000778 1547647.231441407499956
11099199.774303425000778 1547647.530027344999912
11099199.774303425000778 1547647.828613282499868
11099199.774303425000778 1547648.127199219999824
11099199.774303425000778 1547648.425785157499780
11099199.774303425000778 1547648.724371094999736
11099199.774303425000778 1547649.022957032499692
11099199.774303425000778 1547649.321542969999648
11099200.072884154167315 1547644.245582032500396
11099200.072884154167315 1547644.544167970000352
11099200.072884154167315 1547644.842753907500308
11099200.072884154167315 1547645.141339845000264
11099200.072884154167315 1547645.439925782500220
11099200.072884154167315 1547645.738511720000176
11099200.072884154167315 1547646.037097657500132
11099200.072884154167315 1547646.335683595000088
11099200.072884154167315 1547646.634269532500044
11099200.072884154167315 1547646.932855470000000
11099200.072884154167315 1547647.231441407499956
11099200.072884154167315 1547647.530027344999912
11099200.072884154167315 1547647.828613282499868
11099200.072884154167315 1547648.127199219999824
11099200.072884154167315 1547648.425785157499780
11099200.072884154167315 1547648.724371094999736
11099200.072884154167315 1547649.022957032499692
11099200.072884154167315 1547649.321542969999648
11099200.371464883333852 1547644.245582032500396
11099200.371464883333852 1547644.544167970000352
11099200.371464883333852 1547644.842753907500308
11099200.371464883333852 1547645.141339845000264
11099200.371464883333852 1547645.439925782500220
11099200.371464883333852 1547645.738511720000176
11099200.371464883333852 1547646.037097657500132
11099200.371464883333852 1547646.335683595000088
11099200.371464883333852 1547646.634269532500044
11099200.371464883333852 1547646.932855470000000
11099200.371464883333852 1547647.231441407499956
11099200.371464883333852 1547647.530027344999912
11099200.371464883333852 1547647.828613282499868
11099200.371464883333852 1547648.127199219999824
11099200.371464883333852 1547648.425785157499780
11099200.371464883333852 1547648.724371094999736
11099200.371464883333852 1547649.022957032499692
11099200.371464883333852 1547649.321542969999648
11099200.670045612500389 1547644.245582032500396
11099200.670045612500389 1547644.544167970000352
11099200.670045612500389 1547644.842753907500308
11099200.670045612500389 1547645.141339845000264
11099200.670045612500389 1547645.439925782500220
11099200.670045612500389 1547645.738511720000176
11099200.670045612500389 1547646.037097657500132
11099200.670045612500389 1547646.335683595000088
11099200.670045612500389 1547646.634269532500044
11099200.670045612500389 1547646.932855470000000
11099200.670045612500389 1547647.231441407499956
11099200.670045612500389 1547647.530027344999912
11099200.670045612500389 1547647.828613282499868
11099200.670045612500389 1547648.127199219999824
11099200.670045612500389 1547648.425785157499780
11099200.670045612500389 1547648.724371094999736
11099200.670045612500389 1547649.022957032499692
11099200.670045612500389 1547649.321542969999648
11099200.968626341666926 1547644.245582032500396
11099200.968626341666926 1547644.544167970000352
11099200.968626341666926 1547644.842753907500308
11099200.968626341666926 1547645.141339845000264
11099200.968626341666926 1547645.439925782500220
11099200.968626341666926 1547645.738511720000176
11099200.968626341666926 1547646.037097657500132
11099200.968626341666926 1547646.335683595000088
11099200.968626341666926 1547646.634269532500044
11099200.968626341666926 1547646.932855470000000
11099200.968626341666926 1547647.231441407499956
11099200.968626341666926 1547647.530027344999912
11099200.968626341666926 1547647.828613282499868
11099200.968626341666926 1547648.127199219999824
11099200.968626341666926 1547648.425785157499780
11099200.968626341666926 1547648.724371094999736
11099200.968626341666926 1547649.022957032499692
11099200.968626341666926 1547649.321542969999648
11099201.267207070833463 1547644.245582032500396
11099201.267207070833463 1547644.544167970000352
11099201.267207070833463 1547644.842753907500308
11099201.267207070833463 1547645.141339845000264
11099201.267207070833463 1547645.439925782500220
11099201.267207070833463 1547645.738511720000176
11099201.267207070833463 1547646.037097657500132
11099201.267207070833463 1547646.335683595000088
11099201.267207070833463 1547646.634269532500044
11099201.267207070833463 1547646.932855470000000
11099201.267207070833463 1547647.231441407499956
11099201.267207070833463 1547647.530027344999912
11099201.267207070833463 1547647.828613282499868
11099201.267207070833463 1547648.127199219999824
11099201.267207070833463 1547648.425785157499780
11099201.267207070833463 1547648.724371094999736
11099201.267207070833463 1547649.022957032499692
11099201.267207070833463 1547649.321542969999648
11099201.565787800000000 1547644.245582032500396
11099201.565787800000000 1547644.544167970000352
11099201.565787800000000 1547644.842753907500308
11099201.565787800000000 1547645.141339845000264
11099201.565787800000000 1547645.439925782500220
11099201.565787800000000 1547645.738511720000176
11099201.565787800000000 1547646.037097657500132
11099201.565787800000000 1547646.335683595000088
11099201.565787800000000 1547646.634269532500044
11099201.565787800000000 1547646.932855470000000
11099201.565787800000000 1547647.231441407499956
11099201.565787800000000 1547647.530027344999912
11099201.565787800000000 1547647.828613282499868
11099201.565787800000000 1547648.127199219999824
11099201.565787800000000 1547648.425785157499780
11099201.565787800000000 1547648.724371094999736
11099201.565787800000000 1547649.022957032499692
11099201.565787800000000 1547649.321542969999648
11099201.864368529166537 1547644.245582032500396
11099201.864368529166537 1547644.544167970000352
11099201.864368529166537 1547644.842753907500308
11099201.864368529166537 1547645.141339845000264
11099201.864368529166537 1547645.439925782500220
11099201.864368529166537 1547645.738511720000176
11099201.864368529166537 1547646.037097657500132
11099201.864368529166537 1547646.335683595000088
11099201.864368529166537 1547646.634269532500044
11099201.864368529166537 1547646.932855470000000
11099201.864368529166537 1547647.231441407499956
11099201.864368529166537 1547647.530027344999912
11099201.864368529166537 1547647.828613282499868
11099201.864368529166537 1547648.127199219999824
11099201.864368529166537 1547648.425785157499780
11099201.864368529166537 1547648.724371094999736
11099201.864368529166537 1547649.022957032499692
11099201.864368529166537 1547649.321542969999648
11099202.162949258333074 1547644.245582032500396
11099202.162949258333074 1547644.544167970000352
11099202.162949258333074 1547644.842753907500308
11099202.162949258333074 1547645.141339845000264
11099202.162949258333074 1547645.439925782500220
11099202.162949258333074 1547645.738511720000176
11099202.162949258333074 1547646.037097657500132
11099202.162949258333074 1547646.335683595000088
11099202.162949258333074 1547646.634269532500044
11099202.162949258333074 1547646.932855470000000
11099202.162949258333074 1547647.231441407499956
11099202.162949258333074 1547647.530027344999912
11099202.162949258333074 1547647.828613282499868
11099202.162949258333074 1547648.127199219999824
11099202.162949258333074 1547648.425785157499780
11099202.162949258333074 1547648.724371094999736
11099202.162949258333074 1547649.022957032499692
11099202.162949258333074 1547649.321542969999648
11099202.461529987499611 1547644.245582032500396
11099202.461529987499611 1547644.544167970000352
11099202.461529987499611 1547644.842753907500308
11099202.461529987499611 1547645.141339845000264
11099202.461529987499611 1547645.439925782500220
11099202.461529987499611 1547645.738511720000176
11099202.461529987499611 1547646.037097657500132
11099202.461529987499611 1547646.335683595000088
11099202.461529987499611 1547646.634269532500044
11099202.461529987499611 1547646.932855470000000
11099202.461529987499611 1547647.231441407499956
11099202.461529987499611 1547647.530027344999912
11099202.461529987499611 1547647.828613282499868
11099202.461529987499611 1547648.127199219999824
11099202.461529987499611 1547648.425785157499780
11099202.461529987499611 1547648.724371094999736
11099202.461529987499611 1547649.022957032499692
11099202.461529987499611 1547649.321542969999648
11099202.760110716666148 1547644.245582032500396
11099202.760110716666148 1547644.544167970000352
11099202.760110716666148 1547644.842753907500308
11099202.760110716666148 1547645.141339845000264
11099202.760110716666148 1547645.439925782500220
11099202.760110716666148 1547645.738511720000176
11099202.760110716666148 1547646.037097657500132
11099202.760110716666148 1547646.335683595000088
11099202.760110716666148 1547646.634269532500044
11099202.760110716666148 1547646.932855470000000
11099202.760110716666148 1547647.231441407499956
11099202.760110716666148 1547647.530027344999912
11099202.760110716666148 1547647.828613282499868
11099202.760110716666148 1547648.127199219999824
11099202.760110716666148 1547648.425785157499780
11099202.760110716666148 1547648.724371094999736
11099202.760110716666148 1547649.022957032499692
11099202.760110716666148 1547649.321542969999648
11099203.058691445832685 1547644.245582032500396
11099203.058691445832685 1547644.544167970000352
11099203.058691445832685 1547644.842753907500308
11099203.058691445832685 1547645.141339845000264
11099203.058691445832685 1547645.439925782500220
11099203.058691445832685 1547645.738511720000176
11099203.058691445832685 1547646.037097657500132
11099203.058691445832685 1547646.335683595000088
11099203.058691445832685 1547646.634269532500044
11099203.058691445832685 1547646.932855470000000
11099203.058691445832685 1547647.231441407499956
11099203.058691445832685 1547647.530027344999912
11099203.058691445832685 1547647.828613282499868
11099203.058691445832685 1547648.127199219999824
11099203.058691445832685 1547648.425785157499780
11099203.058691445832685 1547648.724371094999736
11099203.058691445832685 1547649.022957032499692
11099203.058691445832685 1547649.321542969999648
11099203.357272174999222 1547644.245582032500396
11099203.357272174999222 1547644.544167970000352
11099203.357272174999222 1547644.842753907500308
11099203.357272174999222 1547645.141339845000264
11099203.357272174999222 1547645.439925782500220
11099203.357272174999222 1547645.738511720000176
11099203.357272174999222 1547646.037097657500132
11099203.357272174999222 1547646.335683595000088
11099203.357272174999222 1547646.634269532500044
11099203.357272174999222 1547646.932855470000000
11099203.357272174999222 1547647.231441407499956
11099203.357272174999222 1547647.530027344999912
11099203.357272174999222 1547647.828613282499868
11099203.357272174999222 1547648.127199219999824
11099203.357272174999222 1547648.425785157499780
11099203.357272174999222 1547648.724371094999736
11099203.357272174999222 1547649.022957032499692
11099203.357272174999222 1547649.321542969999648
11099203.655852904165759 1547644.245582032500396
11099203.655852904165759 1547644.544167970000352
11099203.655852904165759 1547644.842753907500308
11099203.655852904165759 1547645.141339845000264
11099203.655852904165759 1547645.439925782500220
11099203.655852904165759 1547645.738511720000176
11099203.655852904165759 1547646.037097657500132
11099203.655852904165759 1547646.335683595000088
11099203.655852904165759 1547646.634269532500044
11099203.655852904165759 1547646.932855470000000
11099203.655852904165759 1547647.231441407499956
11099203.655852904165759 1547647.530027344999912
11099203.655852904165759 1547647.828613282499868
11099203.655852904165759 1547648.127199219999824
11099203.655852904165759 1547648.425785157499780
11099203.655852904165759 1547648.724371094999736
11099203.655852904165759 1547649.022957032499692
11099203.655852904165759 1547649.321542969999648
11099203.954433633332296 1547644.245582032500396
11099203.954433633332296 1547644.544167970000352
11099203.954433633332296 1547644.842753907500308
11099203.954433633332296 1547645.141339845000264
11099203.954433633332296 1547645.439925782500220
11099203.954433633332296 1547645.738511720000176
11099203.954433633332296 1547646.037097657500132
11099203.954433633332296 1547646.335683595000088
11099203.954433633332296 1547646.634269532500044
11099203.954433633332296 1547646.932855470000000
11099203.954433633332296 1547647.231441407499956
11099203.954433633332296 1547647.530027344999912
11099203.954433633332296 1547647.828613282499868
11099203.954433633332296 1547648.127199219999824
11099203.954433633332296 1547648.425785157499780
11099203.954433633332296 1547648.724371094999736
11099203.954433633332296 1547649.022957032499692
11099203.954433633332296 1547649.321542969999648
