11099109.901503937501167 1547799.510269532500396
11099109.901503937501167 1547799.808855470000352
11099109.901503937501167 1547800.107441407500308
11099109.901503937501167 1547800.406027345000264
11099109.901503937501167 1547800.704613282500220
11099109.901503937501167 1547801.003199220000176
11099109.901503937501167 1547801.301785157500132
11099109.901503937501167 1547801.600371095000088
11099109.901503937501167 1547801.898957032500044
11099109.901503937501167 1547802.197542970000000
11099109.901503937501167 1547802.496128907499956
11099109.901503937501167 1547802.794714844999912
11099109.901503937501167 1547803.093300782499868
11099109.901503937501167 1547803.391886719999824
11099109.901503937501167 1547803.690472657499780
11099109.901503937501167 1547803.989058594999736
11099109.901503937501167 1547804.287644532499692
11099109.901503937501167 1547804.586230469999648
11099110.200084666667704 1547799.510269532500396
11099110.200084666667704 1547799.808855470000352
11099110.200084666667704 1547800.107441407500308
11099110.200084666667704 1547800.406027345000264
11099110.200084666667704 1547800.704613282500220
11099110.200084666667704 1547801.003199220000176
11099110.200084666667704 1547801.301785157500132
11099110.200084666667704 1547801.600371095000088
11099110.200084666667704 1547801.898957032500044
11099110.200084666667704 1547802.197542970000000
11099110.200084666667704 1547802.496128907499956
11099110.200084666667704 1547802.794714844999912
11099110.200084666667704 1547803.093300782499868
11099110.200084666667704 1547803.391886719999824
11099110.200084666667704 1547803.690472657499780
11099110.200084666667704 1547803.989058594999736
11099110.200084666667704 1547804.287644532499692
11099110.200084666667704 1547804.586230469999648
11099110.498665395834241 1547799.510269532500396
11099110.498665395834241 1547799.808855470000352
11099110.498665395834241 1547800.107441407500308
11099110.498665395834241 1547800.406027345000264
11099110.498665395834241 1547800.704613282500220
11099110.498665395834241 1547801.003199220000176
11099110.498665395834241 1547801.301785157500132
11099110.498665395834241 1547801.600371095000088
11099110.498665395834241 1547801.898957032500044
11099110.498665395834241 1547802.197542970000000
11099110.498665395834241 1547802.496128907499956
11099110.498665395834241 1547802.794714844999912
11099110.498665395834241 1547803.093300782499868
11099110.498665395834241 1547803.391886719999824
11099110.498665395834241 1547803.690472657499780
11099110.498665395834241 1547803.989058594999736
11099110.498665395834241 1547804.287644532499692
11099110.498665395834241 1547804.586230469999648
11099110.797246125000778 1547799.510269532500396
11099110.797246125000778 1547799.808855470000352
11099110.797246125000778 1547800.107441407500308
11099110.797246125000778 1547800.406027345000264
11099110.797246125000778 1547800.704613282500220
11099110.797246125000778 1547801.003199220000176
11099110.797246125000778 1547801.301785157500132
11099110.797246125000778 1547801.600371095000088
11099110.797246125000778 1547801.898957032500044
11099110.797246125000778 1547802.197542970000000
11099110.797246125000778 1547802.496128907499956
11099110.797246125000778 1547802.794714844999912
11099110.797246125000778 1547803.093300782499868
11099110.797246125000778 1547803.391886719999824
11099110.797246125000778 1547803.690472657499780
11099110.797246125000778 1547803.989058594999736
11099110.797246125000778 1547804.287644532499692
11099110.797246125000778 1547804.586230469999648
11099111.095826854167315 1547799.510269532500396
11099111.095826854167315 1547799.808855470000352
11099111.095826854167315 1547800.107441407500308
11099111.095826854167315 1547800.406027345000264
11099111.095826854167315 1547800.704613282500220
11099111.095826854167315 1547801.003199220000176
11099111.095826854167315 1547801.301785157500132
11099111.095826854167315 1547801.600371095000088
11099111.095826854167315 1547801.898957032500044
11099111.095826854167315 1547802.197542970000000
11099111.095826854167315 1547802.496128907499956
11099111.095826854167315 1547802.794714844999912
11099111.095826854167315 1547803.093300782499868
11099111.095826854167315 1547803.391886719999824
11099111.095826854167315 1547803.690472657499780
11099111.095826854167315 1547803.989058594999736
11099111.095826854167315 1547804.287644532499692
11099111.095826854167315 1547804.586230469999648
11099111.394407583333852 1547799.510269532500396
11099111.394407583333852 1547799.808855470000352
11099111.394407583333852 1547800.107441407500308
11099111.394407583333852 1547800.406027345000264
11099111.394407583333852 1547800.704613282500220
11099111.394407583333852 1547801.003199220000176
11099111.394407583333852 1547801.301785157500132
11099111.394407583333852 1547801.600371095000088
11099111.394407583333852 1547801.898957032500044
11099111.394407583333852 1547802.197542970000000
11099111.394407583333852 1547802.496128907499956
11099111.394407583333852 1547802.794714844999912
11099111.394407583333852 1547803.093300782499868
11099111.394407583333852 1547803.391886719999824
11099111.394407583333852 1547803.690472657499780
11099111.394407583333852 1547803.989058594999736
11099111.394407583333852 1547804.287644532499692
11099111.394407583333852 1547804.586230469999648
11099111.692988312500389 1547799.510269532500396
11099111.692988312500389 1547799.808855470000352
11099111.692988312500389 1547800.107441407500308
11099111.692988312500389 1547800.406027345000264
11099111.692988312500389 1547800.704613282500220
11099111.692988312500389 1547801.003199220000176
11099111.692988312500389 1547801.301785157500132
11099111.692988312500389 1547801.600371095000088
11099111.692988312500389 1547801.898957032500044
11099111.692988312500389 1547802.197542970000000
11099111.692988312500389 1547802.496128907499956
11099111.692988312500389 1547802.794714844999912
11099111.692988312500389 1547803.093300782499868
11099111.692988312500389 1547803.391886719999824
11099111.692988312500389 1547803.690472657499780
11099111.692988312500389 1547803.989058594999736
11099111.692988312500389 1547804.287644532499692
11099111.692988312500389 1547804.586230469999648
11099111.991569041666926 1547799.510269532500396
11099111.991569041666926 1547799.808855470000352
11099111.991569041666926 1547800.107441407500308
11099111.991569041666926 1547800.406027345000264
11099111.991569041666926 1547800.704613282500220
11099111.991569041666926 1547801.003199220000176
11099111.991569041666926 1547801.301785157500132
11099111.991569041666926 1547801.600371095000088
11099111.991569041666926 1547801.898957032500044
11099111.991569041666926 1547802.197542970000000
11099111.991569041666926 1547802.496128907499956
11099111.991569041666926 1547802.794714844999912
11099111.991569041666926 1547803.093300782499868
11099111.991569041666926 1547803.391886719999824
11099111.991569041666926 1547803.690472657499780
11099111.991569041666926 1547803.989058594999736
11099111.991569041666926 1547804.287644532499692
11099111.991569041666926 1547804.586230469999648
11099112.290149770833463 1547799.510269532500396
11099112.290149770833463 1547799.808855470000352
11099112.290149770833463 1547800.107441407500308
11099112.290149770833463 1547800.406027345000264
11099112.290149770833463 1547800.704613282500220
11099112.290149770833463 1547801.003199220000176
11099112.290149770833463 1547801.301785157500132
11099112.290149770833463 1547801.600371095000088
11099112.290149770833463 1547801.898957032500044
11099112.290149770833463 1547802.197542970000000
11099112.290149770833463 1547802.496128907499956
11099112.290149770833463 1547802.794714844999912
11099112.290149770833463 1547803.093300782499868
11099112.290149770833463 1547803.391886719999824
11099112.290149770833463 1547803.690472657499780
11099112.290149770833463 1547803.989058594999736
11099112.290149770833463 1547804.287644532499692
11099112.290149770833463 1547804.586230469999648
11099112.588730500000000 1547799.510269532500396
11099112.588730500000000 1547799.808855470000352
11099112.588730500000000 1547800.107441407500308
11099112.588730500000000 1547800.406027345000264
11099112.588730500000000 1547800.704613282500220
11099112.588730500000000 1547801.003199220000176
11099112.588730500000000 1547801.301785157500132
11099112.588730500000000 1547801.600371095000088
11099112.588730500000000 1547801.898957032500044
11099112.588730500000000 1547802.197542970000000
11099112.588730500000000 1547802.496128907499956
11099112.588730500000000 1547802.794714844999912
11099112.588730500000000 1547803.093300782499868
11099112.588730500000000 1547803.391886719999824
11099112.588730500000000 1547803.690472657499780
11099112.588730500000000 1547803.989058594999736
11099112.588730500000000 1547804.287644532499692
11099112.588730500000000 1547804.586230469999648
11099112.887311229166537 1547799.510269532500396
11099112.887311229166537 1547799.808855470000352
11099112.887311229166537 1547800.107441407500308
11099112.887311229166537 1547800.406027345000264
11099112.887311229166537 1547800.704613282500220
11099112.887311229166537 1547801.003199220000176
11099112.887311229166537 1547801.301785157500132
11099112.887311229166537 1547801.600371095000088
11099112.887311229166537 1547801.898957032500044
11099112.887311229166537 1547802.197542970000000
11099112.887311229166537 1547802.496128907499956
11099112.887311229166537 1547802.794714844999912
11099112.887311229166537 1547803.093300782499868
11099112.887311229166537 1547803.391886719999824
11099112.887311229166537 1547803.690472657499780
11099112.887311229166537 1547803.989058594999736
11099112.887311229166537 1547804.287644532499692
11099112.887311229166537 1547804.586230469999648
11099113.185891958333074 1547799.510269532500396
11099113.185891958333074 1547799.808855470000352
11099113.185891958333074 1547800.107441407500308
11099113.185891958333074 1547800.406027345000264
11099113.185891958333074 1547800.704613282500220
11099113.185891958333074 1547801.003199220000176
11099113.185891958333074 1547801.301785157500132
11099113.185891958333074 1547801.600371095000088
11099113.185891958333074 1547801.898957032500044
11099113.185891958333074 1547802.197542970000000
11099113.185891958333074 1547802.496128907499956
11099113.185891958333074 1547802.794714844999912
11099113.185891958333074 1547803.093300782499868
11099113.185891958333074 1547803.391886719999824
11099113.185891958333074 1547803.690472657499780
11099113.185891958333074 1547803.989058594999736
11099113.185891958333074 1547804.287644532499692
11099113.185891958333074 1547804.586230469999648
11099113.484472687499611 1547799.510269532500396
11099113.484472687499611 1547799.808855470000352
11099113.484472687499611 1547800.107441407500308
11099113.484472687499611 1547800.406027345000264
11099113.484472687499611 1547800.704613282500220
11099113.484472687499611 1547801.003199220000176
11099113.484472687499611 1547801.301785157500132
11099113.484472687499611 1547801.600371095000088
11099113.484472687499611 1547801.898957032500044
11099113.484472687499611 1547802.197542970000000
11099113.484472687499611 1547802.496128907499956
11099113.484472687499611 1547802.794714844999912
11099113.484472687499611 1547803.093300782499868
11099113.484472687499611 1547803.391886719999824
11099113.484472687499611 1547803.690472657499780
11099113.484472687499611 1547803.989058594999736
11099113.484472687499611 1547804.287644532499692
11099113.484472687499611 1547804.586230469999648
11099113.783053416666148 1547799.510269532500396
11099113.783053416666148 1547799.808855470000352
11099113.783053416666148 1547800.107441407500308
11099113.783053416666148 1547800.406027345000264
11099113.783053416666148 1547800.704613282500220
11099113.783053416666148 1547801.003199220000176
11099113.783053416666148 1547801.301785157500132
11099113.783053416666148 1547801.600371095000088
11099113.783053416666148 1547801.898957032500044
11099113.783053416666148 1547802.197542970000000
11099113.783053416666148 1547802.496128907499956
11099113.783053416666148 1547802.794714844999912
11099113.783053416666148 1547803.093300782499868
11099113.783053416666148 1547803.391886719999824
11099113.783053416666148 1547803.690472657499780
11099113.783053416666148 1547803.989058594999736
11099113.783053416666148 1547804.287644532499692
11099113.783053416666148 1547804.586230469999648
11099114.081634145832685 1547799.510269532500396
11099114.081634145832685 1547799.808855470000352
11099114.081634145832685 1547800.107441407500308
11099114.081634145832685 1547800.406027345000264
11099114.081634145832685 1547800.704613282500220
11099114.081634145832685 1547801.003199220000176
11099114.081634145832685 1547801.301785157500132
11099114.081634145832685 1547801.600371095000088
11099114.081634145832685 1547801.898957032500044
11099114.081634145832685 1547802.197542970000000
11099114.081634145832685 1547802.496128907499956
11099114.081634145832685 1547802.794714844999912
11099114.081634145832685 1547803.093300782499868
11099114.081634145832685 1547803.391886719999824
11099114.081634145832685 1547803.690472657499780
11099114.081634145832685 1547803.989058594999736
11099114.081634145832685 1547804.287644532499692
11099114.081634145832685 1547804.586230469999648
11099114.380214874999222 1547799.510269532500396
11099114.380214874999222 1547799.808855470000352
11099114.380214874999222 1547800.107441407500308
11099114.380214874999222 1547800.406027345000264
11099114.380214874999222 1547800.704613282500220
11099114.380214874999222 1547801.003199220000176
11099114.380214874999222 1547801.301785157500132
11099114.380214874999222 1547801.600371095000088
11099114.380214874999222 1547801.898957032500044
11099114.380214874999222 1547802.197542970000000
11099114.380214874999222 1547802.496128907499956
11099114.380214874999222 1547802.794714844999912
11099114.380214874999222 1547803.093300782499868
11099114.380214874999222 1547803.391886719999824
11099114.380214874999222 1547803.690472657499780
11099114.380214874999222 1547803.989058594999736
11099114.380214874999222 1547804.287644532499692
11099114.380214874999222 1547804.586230469999648
11099114.678795604165759 1547799.510269532500396
11099114.678795604165759 1547799.808855470000352
11099114.678795604165759 1547800.107441407500308
11099114.678795604165759 1547800.406027345000264
11099114.678795604165759 1547800.704613282500220
11099114.678795604165759 1547801.003199220000176
11099114.678795604165759 1547801.301785157500132
11099114.678795604165759 1547801.600371095000088
11099114.678795604165759 1547801.898957032500044
11099114.678795604165759 1547802.197542970000000
11099114.678795604165759 1547802.496128907499956
11099114.678795604165759 1547802.794714844999912
11099114.678795604165759 1547803.093300782499868
11099114.678795604165759 1547803.391886719999824
11099114.678795604165759 1547803.690472657499780
11099114.678795604165759 1547803.989058594999736
11099114.678795604165759 1547804.287644532499692
11099114.678795604165759 1547804.586230469999648
11099114.977376333332296 1547799.510269532500396
11099114.977376333332296 1547799.808855470000352
11099114.977376333332296 1547800.107441407500308
11099114.977376333332296 1547800.406027345000264
11099114.977376333332296 1547800.704613282500220
11099114.977376333332296 1547801.003199220000176
11099114.977376333332296 1547801.301785157500132
11099114.977376333332296 1547801.600371095000088
11099114.977376333332296 1547801.898957032500044
11099114.977376333332296 1547802.197542970000000
11099114.977376333332296 1547802.496128907499956
11099114.977376333332296 1547802.794714844999912
11099114.977376333332296 1547803.093300782499868
11099114.977376333332296 1547803.391886719999824
11099114.977376333332296 1547803.690472657499780
11099114.977376333332296 1547803.989058594999736
11099114.977376333332296 1547804.287644532499692
11099114.977376333332296 1547804.586230469999648
