11099116.768860637501167 1547834.146238282500396
11099116.768860637501167 1547834.444824220000352
11099116.768860637501167 1547834.743410157500308
11099116.768860637501167 1547835.041996095000264
11099116.768860637501167 1547835.340582032500220
11099116.768860637501167 1547835.639167970000176
11099116.768860637501167 1547835.937753907500132
11099116.768860637501167 1547836.236339845000088
11099116.768860637501167 1547836.534925782500044
11099116.768860637501167 1547836.833511720000000
11099116.768860637501167 1547837.132097657499956
11099116.768860637501167 1547837.430683594999912
11099116.768860637501167 1547837.729269532499868
11099116.768860637501167 1547838.027855469999824
11099116.768860637501167 1547838.326441407499780
11099116.768860637501167 1547838.625027344999736
11099116.768860637501167 1547838.923613282499692
11099116.768860637501167 1547839.222199219999648
11099117.067441366667704 1547834.146238282500396
11099117.067441366667704 1547834.444824220000352
11099117.067441366667704 1547834.743410157500308
11099117.067441366667704 1547835.041996095000264
11099117.067441366667704 1547835.340582032500220
11099117.067441366667704 1547835.639167970000176
11099117.067441366667704 1547835.937753907500132
11099117.067441366667704 1547836.236339845000088
11099117.067441366667704 1547836.534925782500044
11099117.067441366667704 1547836.833511720000000
11099117.067441366667704 1547837.132097657499956
11099117.067441366667704 1547837.430683594999912
11099117.067441366667704 1547837.729269532499868
11099117.067441366667704 1547838.027855469999824
11099117.067441366667704 1547838.326441407499780
11099117.067441366667704 1547838.625027344999736
11099117.067441366667704 1547838.923613282499692
11099117.067441366667704 1547839.222199219999648
11099117.366022095834241 1547834.146238282500396
11099117.366022095834241 1547834.444824220000352
11099117.366022095834241 1547834.743410157500308
11099117.366022095834241 1547835.041996095000264
11099117.366022095834241 1547835.340582032500220
11099117.366022095834241 1547835.639167970000176
11099117.366022095834241 1547835.937753907500132
11099117.366022095834241 1547836.236339845000088
11099117.366022095834241 1547836.534925782500044
11099117.366022095834241 1547836.833511720000000
11099117.366022095834241 1547837.132097657499956
11099117.366022095834241 1547837.430683594999912
11099117.366022095834241 1547837.729269532499868
11099117.366022095834241 1547838.027855469999824
11099117.366022095834241 1547838.326441407499780
11099117.366022095834241 1547838.625027344999736
11099117.366022095834241 1547838.923613282499692
11099117.366022095834241 1547839.222199219999648
11099117.664602825000778 1547834.146238282500396
11099117.664602825000778 1547834.444824220000352
11099117.664602825000778 1547834.743410157500308
11099117.664602825000778 1547835.041996095000264
11099117.664602825000778 1547835.340582032500220
11099117.664602825000778 1547835.639167970000176
11099117.664602825000778 1547835.937753907500132
11099117.664602825000778 1547836.236339845000088
11099117.664602825000778 1547836.534925782500044
11099117.664602825000778 1547836.833511720000000
11099117.664602825000778 1547837.132097657499956
11099117.664602825000778 1547837.430683594999912
11099117.664602825000778 1547837.729269532499868
11099117.664602825000778 1547838.027855469999824
11099117.664602825000778 1547838.326441407499780
11099117.664602825000778 1547838.625027344999736
11099117.664602825000778 1547838.923613282499692
11099117.664602825000778 1547839.222199219999648
11099117.963183554167315 1547834.146238282500396
11099117.963183554167315 1547834.444824220000352
11099117.963183554167315 1547834.743410157500308
11099117.963183554167315 1547835.041996095000264
11099117.963183554167315 1547835.340582032500220
11099117.963183554167315 1547835.639167970000176
11099117.963183554167315 1547835.937753907500132
11099117.963183554167315 1547836.236339845000088
11099117.963183554167315 1547836.534925782500044
11099117.963183554167315 1547836.833511720000000
11099117.963183554167315 1547837.132097657499956
11099117.963183554167315 1547837.430683594999912
11099117.963183554167315 1547837.729269532499868
11099117.963183554167315 1547838.027855469999824
11099117.963183554167315 1547838.326441407499780
11099117.963183554167315 1547838.625027344999736
11099117.963183554167315 1547838.923613282499692
11099117.963183554167315 1547839.222199219999648
11099118.261764283333852 1547834.146238282500396
11099118.261764283333852 1547834.444824220000352
11099118.261764283333852 1547834.743410157500308
11099118.261764283333852 1547835.041996095000264
11099118.261764283333852 1547835.340582032500220
11099118.261764283333852 1547835.639167970000176
11099118.261764283333852 1547835.937753907500132
11099118.261764283333852 1547836.236339845000088
11099118.261764283333852 1547836.534925782500044
11099118.261764283333852 1547836.833511720000000
11099118.261764283333852 1547837.132097657499956
11099118.261764283333852 1547837.430683594999912
11099118.261764283333852 1547837.729269532499868
11099118.261764283333852 1547838.027855469999824
11099118.261764283333852 1547838.326441407499780
11099118.261764283333852 1547838.625027344999736
11099118.261764283333852 1547838.923613282499692
11099118.261764283333852 1547839.222199219999648
11099118.560345012500389 1547834.146238282500396
11099118.560345012500389 1547834.444824220000352
11099118.560345012500389 1547834.743410157500308
11099118.560345012500389 1547835.041996095000264
11099118.560345012500389 1547835.340582032500220
11099118.560345012500389 1547835.639167970000176
11099118.560345012500389 1547835.937753907500132
11099118.560345012500389 1547836.236339845000088
11099118.560345012500389 1547836.534925782500044
11099118.560345012500389 1547836.833511720000000
11099118.560345012500389 1547837.132097657499956
11099118.560345012500389 1547837.430683594999912
11099118.560345012500389 1547837.729269532499868
11099118.560345012500389 1547838.027855469999824
11099118.560345012500389 1547838.326441407499780
11099118.560345012500389 1547838.625027344999736
11099118.560345012500389 1547838.923613282499692
11099118.560345012500389 1547839.222199219999648
11099118.858925741666926 1547834.146238282500396
11099118.858925741666926 1547834.444824220000352
11099118.858925741666926 1547834.743410157500308
11099118.858925741666926 1547835.041996095000264
11099118.858925741666926 1547835.340582032500220
11099118.858925741666926 1547835.639167970000176
11099118.858925741666926 1547835.937753907500132
11099118.858925741666926 1547836.236339845000088
11099118.858925741666926 1547836.534925782500044
11099118.858925741666926 1547836.833511720000000
11099118.858925741666926 1547837.132097657499956
11099118.858925741666926 1547837.430683594999912
11099118.858925741666926 1547837.729269532499868
11099118.858925741666926 1547838.027855469999824
11099118.858925741666926 1547838.326441407499780
11099118.858925741666926 1547838.625027344999736
11099118.858925741666926 1547838.923613282499692
11099118.858925741666926 1547839.222199219999648
11099119.157506470833463 1547834.146238282500396
11099119.157506470833463 1547834.444824220000352
11099119.157506470833463 1547834.743410157500308
11099119.157506470833463 1547835.041996095000264
11099119.157506470833463 1547835.340582032500220
11099119.157506470833463 1547835.639167970000176
11099119.157506470833463 1547835.937753907500132
11099119.157506470833463 1547836.236339845000088
11099119.157506470833463 1547836.534925782500044
11099119.157506470833463 1547836.833511720000000
11099119.157506470833463 1547837.132097657499956
11099119.157506470833463 1547837.430683594999912
11099119.157506470833463 1547837.729269532499868
11099119.157506470833463 1547838.027855469999824
11099119.157506470833463 1547838.326441407499780
11099119.157506470833463 1547838.625027344999736
11099119.157506470833463 1547838.923613282499692
11099119.157506470833463 1547839.222199219999648
11099119.456087200000000 1547834.146238282500396
11099119.456087200000000 1547834.444824220000352
11099119.456087200000000 1547834.743410157500308
11099119.456087200000000 1547835.041996095000264
11099119.456087200000000 1547835.340582032500220
11099119.456087200000000 1547835.639167970000176
11099119.456087200000000 1547835.937753907500132
11099119.456087200000000 1547836.236339845000088
11099119.456087200000000 1547836.534925782500044
11099119.456087200000000 1547836.833511720000000
11099119.456087200000000 1547837.132097657499956
11099119.456087200000000 1547837.430683594999912
11099119.456087200000000 1547837.729269532499868
11099119.456087200000000 1547838.027855469999824
11099119.456087200000000 1547838.326441407499780
11099119.456087200000000 1547838.625027344999736
11099119.456087200000000 1547838.923613282499692
11099119.456087200000000 1547839.222199219999648
11099119.754667929166537 1547834.146238282500396
11099119.754667929166537 1547834.444824220000352
11099119.754667929166537 1547834.743410157500308
11099119.754667929166537 1547835.041996095000264
11099119.754667929166537 1547835.340582032500220
11099119.754667929166537 1547835.639167970000176
11099119.754667929166537 1547835.937753907500132
11099119.754667929166537 1547836.236339845000088
11099119.754667929166537 1547836.534925782500044
11099119.754667929166537 1547836.833511720000000
11099119.754667929166537 1547837.132097657499956
11099119.754667929166537 1547837.430683594999912
11099119.754667929166537 1547837.729269532499868
11099119.754667929166537 1547838.027855469999824
11099119.754667929166537 1547838.326441407499780
11099119.754667929166537 1547838.625027344999736
11099119.754667929166537 1547838.923613282499692
11099119.754667929166537 1547839.222199219999648
11099120.053248658333074 1547834.146238282500396
11099120.053248658333074 1547834.444824220000352
11099120.053248658333074 1547834.743410157500308
11099120.053248658333074 1547835.041996095000264
11099120.053248658333074 1547835.340582032500220
11099120.053248658333074 1547835.639167970000176
11099120.053248658333074 1547835.937753907500132
11099120.053248658333074 1547836.236339845000088
11099120.053248658333074 1547836.534925782500044
11099120.053248658333074 1547836.833511720000000
11099120.053248658333074 1547837.132097657499956
11099120.053248658333074 1547837.430683594999912
11099120.053248658333074 1547837.729269532499868
11099120.053248658333074 1547838.027855469999824
11099120.053248658333074 1547838.326441407499780
11099120.053248658333074 1547838.625027344999736
11099120.053248658333074 1547838.923613282499692
11099120.053248658333074 1547839.222199219999648
11099120.351829387499611 1547834.146238282500396
11099120.351829387499611 1547834.444824220000352
11099120.351829387499611 1547834.743410157500308
11099120.351829387499611 1547835.041996095000264
11099120.351829387499611 1547835.340582032500220
11099120.351829387499611 1547835.639167970000176
11099120.351829387499611 1547835.937753907500132
11099120.351829387499611 1547836.236339845000088
11099120.351829387499611 1547836.534925782500044
11099120.351829387499611 1547836.833511720000000
11099120.351829387499611 1547837.132097657499956
11099120.351829387499611 1547837.430683594999912
11099120.351829387499611 1547837.729269532499868
11099120.351829387499611 1547838.027855469999824
11099120.351829387499611 1547838.326441407499780
11099120.351829387499611 1547838.625027344999736
11099120.351829387499611 1547838.923613282499692
11099120.351829387499611 1547839.222199219999648
11099120.650410116666148 1547834.146238282500396
11099120.650410116666148 1547834.444824220000352
11099120.650410116666148 1547834.743410157500308
11099120.650410116666148 1547835.041996095000264
11099120.650410116666148 1547835.340582032500220
11099120.650410116666148 1547835.639167970000176
11099120.650410116666148 1547835.937753907500132
11099120.650410116666148 1547836.236339845000088
11099120.650410116666148 1547836.534925782500044
11099120.650410116666148 1547836.833511720000000
11099120.650410116666148 1547837.132097657499956
11099120.650410116666148 1547837.430683594999912
11099120.650410116666148 1547837.729269532499868
11099120.650410116666148 1547838.027855469999824
11099120.650410116666148 1547838.326441407499780
11099120.650410116666148 1547838.625027344999736
11099120.650410116666148 1547838.923613282499692
11099120.650410116666148 1547839.222199219999648
11099120.948990845832685 1547834.146238282500396
11099120.948990845832685 1547834.444824220000352
11099120.948990845832685 1547834.743410157500308
11099120.948990845832685 1547835.041996095000264
11099120.948990845832685 1547835.340582032500220
11099120.948990845832685 1547835.639167970000176
11099120.948990845832685 1547835.937753907500132
11099120.948990845832685 1547836.236339845000088
11099120.948990845832685 1547836.534925782500044
11099120.948990845832685 1547836.833511720000000
11099120.948990845832685 1547837.132097657499956
11099120.948990845832685 1547837.430683594999912
11099120.948990845832685 1547837.729269532499868
11099120.948990845832685 1547838.027855469999824
11099120.948990845832685 1547838.326441407499780
11099120.948990845832685 1547838.625027344999736
11099120.948990845832685 1547838.923613282499692
11099120.948990845832685 1547839.222199219999648
11099121.247571574999222 1547834.146238282500396
11099121.247571574999222 1547834.444824220000352
11099121.247571574999222 1547834.743410157500308
11099121.247571574999222 1547835.041996095000264
11099121.247571574999222 1547835.340582032500220
11099121.247571574999222 1547835.639167970000176
11099121.247571574999222 1547835.937753907500132
11099121.247571574999222 1547836.236339845000088
11099121.247571574999222 1547836.534925782500044
11099121.247571574999222 1547836.833511720000000
11099121.247571574999222 1547837.132097657499956
11099121.247571574999222 1547837.430683594999912
11099121.247571574999222 1547837.729269532499868
11099121.247571574999222 1547838.027855469999824
11099121.247571574999222 1547838.326441407499780
11099121.247571574999222 1547838.625027344999736
11099121.247571574999222 1547838.923613282499692
11099121.247571574999222 1547839.222199219999648
11099121.546152304165759 1547834.146238282500396
11099121.546152304165759 1547834.444824220000352
11099121.546152304165759 1547834.743410157500308
11099121.546152304165759 1547835.041996095000264
11099121.546152304165759 1547835.340582032500220
11099121.546152304165759 1547835.639167970000176
11099121.546152304165759 1547835.937753907500132
11099121.546152304165759 1547836.236339845000088
11099121.546152304165759 1547836.534925782500044
11099121.546152304165759 1547836.833511720000000
11099121.546152304165759 1547837.132097657499956
11099121.546152304165759 1547837.430683594999912
11099121.546152304165759 1547837.729269532499868
11099121.546152304165759 1547838.027855469999824
11099121.546152304165759 1547838.326441407499780
11099121.546152304165759 1547838.625027344999736
11099121.546152304165759 1547838.923613282499692
11099121.546152304165759 1547839.222199219999648
11099121.844733033332296 1547834.146238282500396
11099121.844733033332296 1547834.444824220000352
11099121.844733033332296 1547834.743410157500308
11099121.844733033332296 1547835.041996095000264
11099121.844733033332296 1547835.340582032500220
11099121.844733033332296 1547835.639167970000176
11099121.844733033332296 1547835.937753907500132
11099121.844733033332296 1547836.236339845000088
11099121.844733033332296 1547836.534925782500044
11099121.844733033332296 1547836.833511720000000
11099121.844733033332296 1547837.132097657499956
11099121.844733033332296 1547837.430683594999912
11099121.844733033332296 1547837.729269532499868
11099121.844733033332296 1547838.027855469999824
11099121.844733033332296 1547838.326441407499780
11099121.844733033332296 1547838.625027344999736
11099121.844733033332296 1547838.923613282499692
11099121.844733033332296 1547839.222199219999648
