11099179.470813837501167 1547651.411644532500396
11099179.470813837501167 1547651.710230470000352
11099179.470813837501167 1547652.008816407500308
11099179.470813837501167 1547652.307402345000264
11099179.470813837501167 1547652.605988282500220
11099179.470813837501167 1547652.904574220000176
11099179.470813837501167 1547653.203160157500132
11099179.470813837501167 1547653.501746095000088
11099179.470813837501167 1547653.800332032500044
11099179.470813837501167 1547654.098917970000000
11099179.470813837501167 1547654.397503907499956
11099179.470813837501167 1547654.696089844999912
11099179.470813837501167 1547654.994675782499868
11099179.470813837501167 1547655.293261719999824
11099179.470813837501167 1547655.591847657499780
11099179.470813837501167 1547655.890433594999736
11099179.470813837501167 1547656.189019532499692
11099179.470813837501167 1547656.487605469999648
11099179.769394566667704 1547651.411644532500396
11099179.769394566667704 1547651.710230470000352
11099179.769394566667704 1547652.008816407500308
11099179.769394566667704 1547652.307402345000264
11099179.769394566667704 1547652.605988282500220
11099179.769394566667704 1547652.904574220000176
11099179.769394566667704 1547653.203160157500132
11099179.769394566667704 1547653.501746095000088
11099179.769394566667704 1547653.800332032500044
11099179.769394566667704 1547654.098917970000000
11099179.769394566667704 1547654.397503907499956
11099179.769394566667704 1547654.696089844999912
11099179.769394566667704 1547654.994675782499868
11099179.769394566667704 1547655.293261719999824
11099179.769394566667704 1547655.591847657499780
11099179.769394566667704 1547655.890433594999736
11099179.769394566667704 1547656.189019532499692
11099179.769394566667704 1547656.487605469999648
11099180.067975295834241 1547651.411644532500396
11099180.067975295834241 1547651.710230470000352
11099180.067975295834241 1547652.008816407500308
11099180.067975295834241 1547652.307402345000264
11099180.067975295834241 1547652.605988282500220
11099180.067975295834241 1547652.904574220000176
11099180.067975295834241 1547653.203160157500132
11099180.067975295834241 1547653.501746095000088
11099180.067975295834241 1547653.800332032500044
11099180.067975295834241 1547654.098917970000000
11099180.067975295834241 1547654.397503907499956
11099180.067975295834241 1547654.696089844999912
11099180.067975295834241 1547654.994675782499868
11099180.067975295834241 1547655.293261719999824
11099180.067975295834241 1547655.591847657499780
11099180.067975295834241 1547655.890433594999736
11099180.067975295834241 1547656.189019532499692
11099180.067975295834241 1547656.487605469999648
11099180.366556025000778 1547651.411644532500396
11099180.366556025000778 1547651.710230470000352
11099180.366556025000778 1547652.008816407500308
11099180.366556025000778 1547652.307402345000264
11099180.366556025000778 1547652.605988282500220
11099180.366556025000778 1547652.904574220000176
11099180.366556025000778 1547653.203160157500132
11099180.366556025000778 1547653.501746095000088
11099180.366556025000778 1547653.800332032500044
11099180.366556025000778 1547654.098917970000000
11099180.366556025000778 1547654.397503907499956
11099180.366556025000778 1547654.696089844999912
11099180.366556025000778 1547654.994675782499868
11099180.366556025000778 1547655.293261719999824
11099180.366556025000778 1547655.591847657499780
11099180.366556025000778 1547655.890433594999736
11099180.366556025000778 1547656.189019532499692
11099180.366556025000778 1547656.487605469999648
11099180.665136754167315 1547651.411644532500396
11099180.665136754167315 1547651.710230470000352
11099180.665136754167315 1547652.008816407500308
11099180.665136754167315 1547652.307402345000264
11099180.665136754167315 1547652.605988282500220
11099180.665136754167315 1547652.904574220000176
11099180.665136754167315 1547653.203160157500132
11099180.665136754167315 1547653.501746095000088
11099180.665136754167315 1547653.800332032500044
11099180.665136754167315 1547654.098917970000000
11099180.665136754167315 1547654.397503907499956
11099180.665136754167315 1547654.696089844999912
11099180.665136754167315 1547654.994675782499868
11099180.665136754167315 1547655.293261719999824
11099180.665136754167315 1547655.591847657499780
11099180.665136754167315 1547655.890433594999736
11099180.665136754167315 1547656.189019532499692
11099180.665136754167315 1547656.487605469999648
11099180.963717483333852 1547651.411644532500396
11099180.963717483333852 1547651.710230470000352
11099180.963717483333852 1547652.008816407500308
11099180.963717483333852 1547652.307402345000264
11099180.963717483333852 1547652.605988282500220
11099180.963717483333852 1547652.904574220000176
11099180.963717483333852 1547653.203160157500132
11099180.963717483333852 1547653.501746095000088
11099180.963717483333852 1547653.800332032500044
11099180.963717483333852 1547654.098917970000000
11099180.963717483333852 1547654.397503907499956
11099180.963717483333852 1547654.696089844999912
11099180.963717483333852 1547654.994675782499868
11099180.963717483333852 1547655.293261719999824
11099180.963717483333852 1547655.591847657499780
11099180.963717483333852 1547655.890433594999736
11099180.963717483333852 1547656.189019532499692
11099180.963717483333852 1547656.487605469999648
11099181.262298212500389 1547651.411644532500396
11099181.262298212500389 1547651.710230470000352
11099181.262298212500389 1547652.008816407500308
11099181.262298212500389 1547652.307402345000264
11099181.262298212500389 1547652.605988282500220
11099181.262298212500389 1547652.904574220000176
11099181.262298212500389 1547653.203160157500132
11099181.262298212500389 1547653.501746095000088
11099181.262298212500389 1547653.800332032500044
11099181.262298212500389 1547654.098917970000000
11099181.262298212500389 1547654.397503907499956
11099181.262298212500389 1547654.696089844999912
11099181.262298212500389 1547654.994675782499868
11099181.262298212500389 1547655.293261719999824
11099181.262298212500389 1547655.591847657499780
11099181.262298212500389 1547655.890433594999736
11099181.262298212500389 1547656.189019532499692
11099181.262298212500389 1547656.487605469999648
11099181.560878941666926 1547651.411644532500396
11099181.560878941666926 1547651.710230470000352
11099181.560878941666926 1547652.008816407500308
11099181.560878941666926 1547652.307402345000264
11099181.560878941666926 1547652.605988282500220
11099181.560878941666926 1547652.904574220000176
11099181.560878941666926 1547653.203160157500132
11099181.560878941666926 1547653.501746095000088
11099181.560878941666926 1547653.800332032500044
11099181.560878941666926 1547654.098917970000000
11099181.560878941666926 1547654.397503907499956
11099181.560878941666926 1547654.696089844999912
11099181.560878941666926 1547654.994675782499868
11099181.560878941666926 1547655.293261719999824
11099181.560878941666926 1547655.591847657499780
11099181.560878941666926 1547655.890433594999736
11099181.560878941666926 1547656.189019532499692
11099181.560878941666926 1547656.487605469999648
11099181.859459670833463 1547651.411644532500396
11099181.859459670833463 1547651.710230470000352
11099181.859459670833463 1547652.008816407500308
11099181.859459670833463 1547652.307402345000264
11099181.859459670833463 1547652.605988282500220
11099181.859459670833463 1547652.904574220000176
11099181.859459670833463 1547653.203160157500132
11099181.859459670833463 1547653.501746095000088
11099181.859459670833463 1547653.800332032500044
11099181.859459670833463 1547654.098917970000000
11099181.859459670833463 1547654.397503907499956
11099181.859459670833463 1547654.696089844999912
11099181.859459670833463 1547654.994675782499868
11099181.859459670833463 1547655.293261719999824
11099181.859459670833463 1547655.591847657499780
11099181.859459670833463 1547655.890433594999736
11099181.859459670833463 1547656.189019532499692
11099181.859459670833463 1547656.487605469999648
11099182.158040400000000 1547651.411644532500396
11099182.158040400000000 1547651.710230470000352
11099182.158040400000000 1547652.008816407500308
11099182.158040400000000 1547652.307402345000264
11099182.158040400000000 1547652.605988282500220
11099182.158040400000000 1547652.904574220000176
11099182.158040400000000 1547653.203160157500132
11099182.158040400000000 1547653.501746095000088
11099182.158040400000000 1547653.800332032500044
11099182.158040400000000 1547654.098917970000000
11099182.158040400000000 1547654.397503907499956
11099182.158040400000000 1547654.696089844999912
11099182.158040400000000 1547654.994675782499868
11099182.158040400000000 1547655.293261719999824
11099182.158040400000000 1547655.591847657499780
11099182.158040400000000 1547655.890433594999736
11099182.158040400000000 1547656.189019532499692
11099182.158040400000000 1547656.487605469999648
11099182.456621129166537 1547651.411644532500396
11099182.456621129166537 1547651.710230470000352
11099182.456621129166537 1547652.008816407500308
11099182.456621129166537 1547652.307402345000264
11099182.456621129166537 1547652.605988282500220
11099182.456621129166537 1547652.904574220000176
11099182.456621129166537 1547653.203160157500132
11099182.456621129166537 1547653.501746095000088
11099182.456621129166537 1547653.800332032500044
11099182.456621129166537 1547654.098917970000000
11099182.456621129166537 1547654.397503907499956
11099182.456621129166537 1547654.696089844999912
11099182.456621129166537 1547654.994675782499868
11099182.456621129166537 1547655.293261719999824
11099182.456621129166537 1547655.591847657499780
11099182.456621129166537 1547655.890433594999736
11099182.456621129166537 1547656.189019532499692
11099182.456621129166537 1547656.487605469999648
11099182.755201858333074 1547651.411644532500396
11099182.755201858333074 1547651.710230470000352
11099182.755201858333074 1547652.008816407500308
11099182.755201858333074 1547652.307402345000264
11099182.755201858333074 1547652.605988282500220
11099182.755201858333074 1547652.904574220000176
11099182.755201858333074 1547653.203160157500132
11099182.755201858333074 1547653.501746095000088
11099182.755201858333074 1547653.800332032500044
11099182.755201858333074 1547654.098917970000000
11099182.755201858333074 1547654.397503907499956
11099182.755201858333074 1547654.696089844999912
11099182.755201858333074 1547654.994675782499868
11099182.755201858333074 1547655.293261719999824
11099182.755201858333074 1547655.591847657499780
11099182.755201858333074 1547655.890433594999736
11099182.755201858333074 1547656.189019532499692
11099182.755201858333074 1547656.487605469999648
11099183.053782587499611 1547651.411644532500396
11099183.053782587499611 1547651.710230470000352
11099183.053782587499611 1547652.008816407500308
11099183.053782587499611 1547652.307402345000264
11099183.053782587499611 1547652.605988282500220
11099183.053782587499611 1547652.904574220000176
11099183.053782587499611 1547653.203160157500132
11099183.053782587499611 1547653.501746095000088
11099183.053782587499611 1547653.800332032500044
11099183.053782587499611 1547654.098917970000000
11099183.053782587499611 1547654.397503907499956
11099183.053782587499611 1547654.696089844999912
11099183.053782587499611 1547654.994675782499868
11099183.053782587499611 1547655.293261719999824
11099183.053782587499611 1547655.591847657499780
11099183.053782587499611 1547655.890433594999736
11099183.053782587499611 1547656.189019532499692
11099183.053782587499611 1547656.487605469999648
11099183.352363316666148 1547651.411644532500396
11099183.352363316666148 1547651.710230470000352
11099183.352363316666148 1547652.008816407500308
11099183.352363316666148 1547652.307402345000264
11099183.352363316666148 1547652.605988282500220
11099183.352363316666148 1547652.904574220000176
11099183.352363316666148 1547653.203160157500132
11099183.352363316666148 1547653.501746095000088
11099183.352363316666148 1547653.800332032500044
11099183.352363316666148 1547654.098917970000000
11099183.352363316666148 1547654.397503907499956
11099183.352363316666148 1547654.696089844999912
11099183.352363316666148 1547654.994675782499868
11099183.352363316666148 1547655.293261719999824
11099183.352363316666148 1547655.591847657499780
11099183.352363316666148 1547655.890433594999736
11099183.352363316666148 1547656.189019532499692
11099183.352363316666148 1547656.487605469999648
11099183.650944045832685 1547651.411644532500396
11099183.650944045832685 1547651.710230470000352
11099183.650944045832685 1547652.008816407500308
11099183.650944045832685 1547652.307402345000264
11099183.650944045832685 1547652.605988282500220
11099183.650944045832685 1547652.904574220000176
11099183.650944045832685 1547653.203160157500132
11099183.650944045832685 1547653.501746095000088
11099183.650944045832685 1547653.800332032500044
11099183.650944045832685 1547654.098917970000000
11099183.650944045832685 1547654.397503907499956
11099183.650944045832685 1547654.696089844999912
11099183.650944045832685 1547654.994675782499868
11099183.650944045832685 1547655.293261719999824
11099183.650944045832685 1547655.591847657499780
11099183.650944045832685 1547655.890433594999736
11099183.650944045832685 1547656.189019532499692
11099183.650944045832685 1547656.487605469999648
11099183.949524774999222 1547651.411644532500396
11099183.949524774999222 1547651.710230470000352
11099183.949524774999222 1547652.008816407500308
11099183.949524774999222 1547652.307402345000264
11099183.949524774999222 1547652.605988282500220
11099183.949524774999222 1547652.904574220000176
11099183.949524774999222 1547653.203160157500132
11099183.949524774999222 1547653.501746095000088
11099183.949524774999222 1547653.800332032500044
11099183.949524774999222 1547654.098917970000000
11099183.949524774999222 1547654.397503907499956
11099183.949524774999222 1547654.696089844999912
11099183.949524774999222 1547654.994675782499868
11099183.949524774999222 1547655.293261719999824
11099183.949524774999222 1547655.591847657499780
11099183.949524774999222 1547655.890433594999736
11099183.949524774999222 1547656.189019532499692
11099183.949524774999222 1547656.487605469999648
11099184.248105504165759 1547651.411644532500396
11099184.248105504165759 1547651.710230470000352
11099184.248105504165759 1547652.008816407500308
11099184.248105504165759 1547652.307402345000264
11099184.248105504165759 1547652.605988282500220
11099184.248105504165759 1547652.904574220000176
11099184.248105504165759 1547653.203160157500132
11099184.248105504165759 1547653.501746095000088
11099184.248105504165759 1547653.800332032500044
11099184.248105504165759 1547654.098917970000000
11099184.248105504165759 1547654.397503907499956
11099184.248105504165759 1547654.696089844999912
11099184.248105504165759 1547654.994675782499868
11099184.248105504165759 1547655.293261719999824
11099184.248105504165759 1547655.591847657499780
11099184.248105504165759 1547655.890433594999736
11099184.248105504165759 1547656.189019532499692
11099184.248105504165759 1547656.487605469999648
11099184.546686233332296 1547651.411644532500396
11099184.546686233332296 1547651.710230470000352
11099184.546686233332296 1547652.008816407500308
11099184.546686233332296 1547652.307402345000264
11099184.546686233332296 1547652.605988282500220
11099184.546686233332296 1547652.904574220000176
11099184.546686233332296 1547653.203160157500132
11099184.546686233332296 1547653.501746095000088
11099184.546686233332296 1547653.800332032500044
11099184.546686233332296 1547654.098917970000000
11099184.546686233332296 1547654.397503907499956
11099184.546686233332296 1547654.696089844999912
11099184.546686233332296 1547654.994675782499868
11099184.546686233332296 1547655.293261719999824
11099184.546686233332296 1547655.591847657499780
11099184.546686233332296 1547655.890433594999736
11099184.546686233332296 1547656.189019532499692
11099184.546686233332296 1547656.487605469999648
