11099110.797246137501167 1547657.383363282500396
11099110.797246137501167 1547657.681949220000352
11099110.797246137501167 1547657.980535157500308
11099110.797246137501167 1547658.279121095000264
11099110.797246137501167 1547658.577707032500220
11099110.797246137501167 1547658.876292970000176
11099110.797246137501167 1547659.174878907500132
11099110.797246137501167 1547659.473464845000088
11099110.797246137501167 1547659.772050782500044
11099110.797246137501167 1547660.070636720000000
11099110.797246137501167 1547660.369222657499956
11099110.797246137501167 1547660.667808594999912
11099110.797246137501167 1547660.966394532499868
11099110.797246137501167 1547661.264980469999824
11099110.797246137501167 1547661.563566407499780
11099110.797246137501167 1547661.862152344999736
11099110.797246137501167 1547662.160738282499692
11099110.797246137501167 1547662.459324219999648
11099111.095826866667704 1547657.383363282500396
11099111.095826866667704 1547657.681949220000352
11099111.095826866667704 1547657.980535157500308
11099111.095826866667704 1547658.279121095000264
11099111.095826866667704 1547658.577707032500220
11099111.095826866667704 1547658.876292970000176
11099111.095826866667704 1547659.174878907500132
11099111.095826866667704 1547659.473464845000088
11099111.095826866667704 1547659.772050782500044
11099111.095826866667704 1547660.070636720000000
11099111.095826866667704 1547660.369222657499956
11099111.095826866667704 1547660.667808594999912
11099111.095826866667704 1547660.966394532499868
11099111.095826866667704 1547661.264980469999824
11099111.095826866667704 1547661.563566407499780
11099111.095826866667704 1547661.862152344999736
11099111.095826866667704 1547662.160738282499692
11099111.095826866667704 1547662.459324219999648
11099111.394407595834241 1547657.383363282500396
11099111.394407595834241 1547657.681949220000352
11099111.394407595834241 1547657.980535157500308
11099111.394407595834241 1547658.279121095000264
11099111.394407595834241 1547658.577707032500220
11099111.394407595834241 1547658.876292970000176
11099111.394407595834241 1547659.174878907500132
11099111.394407595834241 1547659.473464845000088
11099111.394407595834241 1547659.772050782500044
11099111.394407595834241 1547660.070636720000000
11099111.394407595834241 1547660.369222657499956
11099111.394407595834241 1547660.667808594999912
11099111.394407595834241 1547660.966394532499868
11099111.394407595834241 1547661.264980469999824
11099111.394407595834241 1547661.563566407499780
11099111.394407595834241 1547661.862152344999736
11099111.394407595834241 1547662.160738282499692
11099111.394407595834241 1547662.459324219999648
11099111.692988325000778 1547657.383363282500396
11099111.692988325000778 1547657.681949220000352
11099111.692988325000778 1547657.980535157500308
11099111.692988325000778 1547658.279121095000264
11099111.692988325000778 1547658.577707032500220
11099111.692988325000778 1547658.876292970000176
11099111.692988325000778 1547659.174878907500132
11099111.692988325000778 1547659.473464845000088
11099111.692988325000778 1547659.772050782500044
11099111.692988325000778 1547660.070636720000000
11099111.692988325000778 1547660.369222657499956
11099111.692988325000778 1547660.667808594999912
11099111.692988325000778 1547660.966394532499868
11099111.692988325000778 1547661.264980469999824
11099111.692988325000778 1547661.563566407499780
11099111.692988325000778 1547661.862152344999736
11099111.692988325000778 1547662.160738282499692
11099111.692988325000778 1547662.459324219999648
11099111.991569054167315 1547657.383363282500396
11099111.991569054167315 1547657.681949220000352
11099111.991569054167315 1547657.980535157500308
11099111.991569054167315 1547658.279121095000264
11099111.991569054167315 1547658.577707032500220
11099111.991569054167315 1547658.876292970000176
11099111.991569054167315 1547659.174878907500132
11099111.991569054167315 1547659.473464845000088
11099111.991569054167315 1547659.772050782500044
11099111.991569054167315 1547660.070636720000000
11099111.991569054167315 1547660.369222657499956
11099111.991569054167315 1547660.667808594999912
11099111.991569054167315 1547660.966394532499868
11099111.991569054167315 1547661.264980469999824
11099111.991569054167315 1547661.563566407499780
11099111.991569054167315 1547661.862152344999736
11099111.991569054167315 1547662.160738282499692
11099111.991569054167315 1547662.459324219999648
11099112.290149783333852 1547657.383363282500396
11099112.290149783333852 1547657.681949220000352
11099112.290149783333852 1547657.980535157500308
11099112.290149783333852 1547658.279121095000264
11099112.290149783333852 1547658.577707032500220
11099112.290149783333852 1547658.876292970000176
11099112.290149783333852 1547659.174878907500132
11099112.290149783333852 1547659.473464845000088
11099112.290149783333852 1547659.772050782500044
11099112.290149783333852 1547660.070636720000000
11099112.290149783333852 1547660.369222657499956
11099112.290149783333852 1547660.667808594999912
11099112.290149783333852 1547660.966394532499868
11099112.290149783333852 1547661.264980469999824
11099112.290149783333852 1547661.563566407499780
11099112.290149783333852 1547661.862152344999736
11099112.290149783333852 1547662.160738282499692
11099112.290149783333852 1547662.459324219999648
11099112.588730512500389 1547657.383363282500396
11099112.588730512500389 1547657.681949220000352
11099112.588730512500389 1547657.980535157500308
11099112.588730512500389 1547658.279121095000264
11099112.588730512500389 1547658.577707032500220
11099112.588730512500389 1547658.876292970000176
11099112.588730512500389 1547659.174878907500132
11099112.588730512500389 1547659.473464845000088
11099112.588730512500389 1547659.772050782500044
11099112.588730512500389 1547660.070636720000000
11099112.588730512500389 1547660.369222657499956
11099112.588730512500389 1547660.667808594999912
11099112.588730512500389 1547660.966394532499868
11099112.588730512500389 1547661.264980469999824
11099112.588730512500389 1547661.563566407499780
11099112.588730512500389 1547661.862152344999736
11099112.588730512500389 1547662.160738282499692
11099112.588730512500389 1547662.459324219999648
11099112.887311241666926 1547657.383363282500396
11099112.887311241666926 1547657.681949220000352
11099112.887311241666926 1547657.980535157500308
11099112.887311241666926 1547658.279121095000264
11099112.887311241666926 1547658.577707032500220
11099112.887311241666926 1547658.876292970000176
11099112.887311241666926 1547659.174878907500132
11099112.887311241666926 1547659.473464845000088
11099112.887311241666926 1547659.772050782500044
11099112.887311241666926 1547660.070636720000000
11099112.887311241666926 1547660.369222657499956
11099112.887311241666926 1547660.667808594999912
11099112.887311241666926 1547660.966394532499868
11099112.887311241666926 1547661.264980469999824
11099112.887311241666926 1547661.563566407499780
11099112.887311241666926 1547661.862152344999736
11099112.887311241666926 1547662.160738282499692
11099112.887311241666926 1547662.459324219999648
11099113.185891970833463 1547657.383363282500396
11099113.185891970833463 1547657.681949220000352
11099113.185891970833463 1547657.980535157500308
11099113.185891970833463 1547658.279121095000264
11099113.185891970833463 1547658.577707032500220
11099113.185891970833463 1547658.876292970000176
11099113.185891970833463 1547659.174878907500132
11099113.185891970833463 1547659.473464845000088
11099113.185891970833463 1547659.772050782500044
11099113.185891970833463 1547660.070636720000000
11099113.185891970833463 1547660.369222657499956
11099113.185891970833463 1547660.667808594999912
11099113.185891970833463 1547660.966394532499868
11099113.185891970833463 1547661.264980469999824
11099113.185891970833463 1547661.563566407499780
11099113.185891970833463 1547661.862152344999736
11099113.185891970833463 1547662.160738282499692
11099113.185891970833463 1547662.459324219999648
11099113.484472700000000 1547657.383363282500396
11099113.484472700000000 1547657.681949220000352
11099113.484472700000000 1547657.980535157500308
11099113.484472700000000 1547658.279121095000264
11099113.484472700000000 1547658.577707032500220
11099113.484472700000000 1547658.876292970000176
11099113.484472700000000 1547659.174878907500132
11099113.484472700000000 1547659.473464845000088
11099113.484472700000000 1547659.772050782500044
11099113.484472700000000 1547660.070636720000000
11099113.484472700000000 1547660.369222657499956
11099113.484472700000000 1547660.667808594999912
11099113.484472700000000 1547660.966394532499868
11099113.484472700000000 1547661.264980469999824
11099113.484472700000000 1547661.563566407499780
11099113.484472700000000 1547661.862152344999736
11099113.484472700000000 1547662.160738282499692
11099113.484472700000000 1547662.459324219999648
11099113.783053429166537 1547657.383363282500396
11099113.783053429166537 1547657.681949220000352
11099113.783053429166537 1547657.980535157500308
11099113.783053429166537 1547658.279121095000264
11099113.783053429166537 1547658.577707032500220
11099113.783053429166537 1547658.876292970000176
11099113.783053429166537 1547659.174878907500132
11099113.783053429166537 1547659.473464845000088
11099113.783053429166537 1547659.772050782500044
11099113.783053429166537 1547660.070636720000000
11099113.783053429166537 1547660.369222657499956
11099113.783053429166537 1547660.667808594999912
11099113.783053429166537 1547660.966394532499868
11099113.783053429166537 1547661.264980469999824
11099113.783053429166537 1547661.563566407499780
11099113.783053429166537 1547661.862152344999736
11099113.783053429166537 1547662.160738282499692
11099113.783053429166537 1547662.459324219999648
11099114.081634158333074 1547657.383363282500396
11099114.081634158333074 1547657.681949220000352
11099114.081634158333074 1547657.980535157500308
11099114.081634158333074 1547658.279121095000264
11099114.081634158333074 1547658.577707032500220
11099114.081634158333074 1547658.876292970000176
11099114.081634158333074 1547659.174878907500132
11099114.081634158333074 1547659.473464845000088
11099114.081634158333074 1547659.772050782500044
11099114.081634158333074 1547660.070636720000000
11099114.081634158333074 1547660.369222657499956
11099114.081634158333074 1547660.667808594999912
11099114.081634158333074 1547660.966394532499868
11099114.081634158333074 1547661.264980469999824
11099114.081634158333074 1547661.563566407499780
11099114.081634158333074 1547661.862152344999736
11099114.081634158333074 1547662.160738282499692
11099114.081634158333074 1547662.459324219999648
11099114.380214887499611 1547657.383363282500396
11099114.380214887499611 1547657.681949220000352
11099114.380214887499611 1547657.980535157500308
11099114.380214887499611 1547658.279121095000264
11099114.380214887499611 1547658.577707032500220
11099114.380214887499611 1547658.876292970000176
11099114.380214887499611 1547659.174878907500132
11099114.380214887499611 1547659.473464845000088
11099114.380214887499611 1547659.772050782500044
11099114.380214887499611 1547660.070636720000000
11099114.380214887499611 1547660.369222657499956
11099114.380214887499611 1547660.667808594999912
11099114.380214887499611 1547660.966394532499868
11099114.380214887499611 1547661.264980469999824
11099114.380214887499611 1547661.563566407499780
11099114.380214887499611 1547661.862152344999736
11099114.380214887499611 1547662.160738282499692
11099114.380214887499611 1547662.459324219999648
11099114.678795616666148 1547657.383363282500396
11099114.678795616666148 1547657.681949220000352
11099114.678795616666148 1547657.980535157500308
11099114.678795616666148 1547658.279121095000264
11099114.678795616666148 1547658.577707032500220
11099114.678795616666148 1547658.876292970000176
11099114.678795616666148 1547659.174878907500132
11099114.678795616666148 1547659.473464845000088
11099114.678795616666148 1547659.772050782500044
11099114.678795616666148 1547660.070636720000000
11099114.678795616666148 1547660.369222657499956
11099114.678795616666148 1547660.667808594999912
11099114.678795616666148 1547660.966394532499868
11099114.678795616666148 1547661.264980469999824
11099114.678795616666148 1547661.563566407499780
11099114.678795616666148 1547661.862152344999736
11099114.678795616666148 1547662.160738282499692
11099114.678795616666148 1547662.459324219999648
11099114.977376345832685 1547657.383363282500396
11099114.977376345832685 1547657.681949220000352
11099114.977376345832685 1547657.980535157500308
11099114.977376345832685 1547658.279121095000264
11099114.977376345832685 1547658.577707032500220
11099114.977376345832685 1547658.876292970000176
11099114.977376345832685 1547659.174878907500132
11099114.977376345832685 1547659.473464845000088
11099114.977376345832685 1547659.772050782500044
11099114.977376345832685 1547660.070636720000000
11099114.977376345832685 1547660.369222657499956
11099114.977376345832685 1547660.667808594999912
11099114.977376345832685 1547660.966394532499868
11099114.977376345832685 1547661.264980469999824
11099114.977376345832685 1547661.563566407499780
11099114.977376345832685 1547661.862152344999736
11099114.977376345832685 1547662.160738282499692
11099114.977376345832685 1547662.459324219999648
11099115.275957074999222 1547657.383363282500396
11099115.275957074999222 1547657.681949220000352
11099115.275957074999222 1547657.980535157500308
11099115.275957074999222 1547658.279121095000264
11099115.275957074999222 1547658.577707032500220
11099115.275957074999222 1547658.876292970000176
11099115.275957074999222 1547659.174878907500132
11099115.275957074999222 1547659.473464845000088
11099115.275957074999222 1547659.772050782500044
11099115.275957074999222 1547660.070636720000000
11099115.275957074999222 1547660.369222657499956
11099115.275957074999222 1547660.667808594999912
11099115.275957074999222 1547660.966394532499868
11099115.275957074999222 1547661.264980469999824
11099115.275957074999222 1547661.563566407499780
11099115.275957074999222 1547661.862152344999736
11099115.275957074999222 1547662.160738282499692
11099115.275957074999222 1547662.459324219999648
11099115.574537804165759 1547657.383363282500396
11099115.574537804165759 1547657.681949220000352
11099115.574537804165759 1547657.980535157500308
11099115.574537804165759 1547658.279121095000264
11099115.574537804165759 1547658.577707032500220
11099115.574537804165759 1547658.876292970000176
11099115.574537804165759 1547659.174878907500132
11099115.574537804165759 1547659.473464845000088
11099115.574537804165759 1547659.772050782500044
11099115.574537804165759 1547660.070636720000000
11099115.574537804165759 1547660.369222657499956
11099115.574537804165759 1547660.667808594999912
11099115.574537804165759 1547660.966394532499868
11099115.574537804165759 1547661.264980469999824
11099115.574537804165759 1547661.563566407499780
11099115.574537804165759 1547661.862152344999736
11099115.574537804165759 1547662.160738282499692
11099115.574537804165759 1547662.459324219999648
11099115.873118533332296 1547657.383363282500396
11099115.873118533332296 1547657.681949220000352
11099115.873118533332296 1547657.980535157500308
11099115.873118533332296 1547658.279121095000264
11099115.873118533332296 1547658.577707032500220
11099115.873118533332296 1547658.876292970000176
11099115.873118533332296 1547659.174878907500132
11099115.873118533332296 1547659.473464845000088
11099115.873118533332296 1547659.772050782500044
11099115.873118533332296 1547660.070636720000000
11099115.873118533332296 1547660.369222657499956
11099115.873118533332296 1547660.667808594999912
11099115.873118533332296 1547660.966394532499868
11099115.873118533332296 1547661.264980469999824
11099115.873118533332296 1547661.563566407499780
11099115.873118533332296 1547661.862152344999736
11099115.873118533332296 1547662.160738282499692
11099115.873118533332296 1547662.459324219999648
