11099285.466972637501167 1547833.250480472500396
11099285.466972637501167 1547833.549066410000352
11099285.466972637501167 1547833.847652347500308
11099285.466972637501167 1547834.146238285000264
11099285.466972637501167 1547834.444824222500220
11099285.466972637501167 1547834.743410160000176
11099285.466972637501167 1547835.041996097500132
11099285.466972637501167 1547835.340582035000088
11099285.466972637501167 1547835.639167972500044
11099285.466972637501167 1547835.937753910000000
11099285.466972637501167 1547836.236339847499956
11099285.466972637501167 1547836.534925784999912
11099285.466972637501167 1547836.833511722499868
11099285.466972637501167 1547837.132097659999824
11099285.466972637501167 1547837.430683597499780
11099285.466972637501167 1547837.729269534999736
11099285.466972637501167 1547838.027855472499692
11099285.466972637501167 1547838.326441409999648
11099285.765553366667704 1547833.250480472500396
11099285.765553366667704 1547833.549066410000352
11099285.765553366667704 1547833.847652347500308
11099285.765553366667704 1547834.146238285000264
11099285.765553366667704 1547834.444824222500220
11099285.765553366667704 1547834.743410160000176
11099285.765553366667704 1547835.041996097500132
11099285.765553366667704 1547835.340582035000088
11099285.765553366667704 1547835.639167972500044
11099285.765553366667704 1547835.937753910000000
11099285.765553366667704 1547836.236339847499956
11099285.765553366667704 1547836.534925784999912
11099285.765553366667704 1547836.833511722499868
11099285.765553366667704 1547837.132097659999824
11099285.765553366667704 1547837.430683597499780
11099285.765553366667704 1547837.729269534999736
11099285.765553366667704 1547838.027855472499692
11099285.765553366667704 1547838.326441409999648
11099286.064134095834241 1547833.250480472500396
11099286.064134095834241 1547833.549066410000352
11099286.064134095834241 1547833.847652347500308
11099286.064134095834241 1547834.146238285000264
11099286.064134095834241 1547834.444824222500220
11099286.064134095834241 1547834.743410160000176
11099286.064134095834241 1547835.041996097500132
11099286.064134095834241 1547835.340582035000088
11099286.064134095834241 1547835.639167972500044
11099286.064134095834241 1547835.937753910000000
11099286.064134095834241 1547836.236339847499956
11099286.064134095834241 1547836.534925784999912
11099286.064134095834241 1547836.833511722499868
11099286.064134095834241 1547837.132097659999824
11099286.064134095834241 1547837.430683597499780
11099286.064134095834241 1547837.729269534999736
11099286.064134095834241 1547838.027855472499692
11099286.064134095834241 1547838.326441409999648
11099286.362714825000778 1547833.250480472500396
11099286.362714825000778 1547833.549066410000352
11099286.362714825000778 1547833.847652347500308
11099286.362714825000778 1547834.146238285000264
11099286.362714825000778 1547834.444824222500220
11099286.362714825000778 1547834.743410160000176
11099286.362714825000778 1547835.041996097500132
11099286.362714825000778 1547835.340582035000088
11099286.362714825000778 1547835.639167972500044
11099286.362714825000778 1547835.937753910000000
11099286.362714825000778 1547836.236339847499956
11099286.362714825000778 1547836.534925784999912
11099286.362714825000778 1547836.833511722499868
11099286.362714825000778 1547837.132097659999824
11099286.362714825000778 1547837.430683597499780
11099286.362714825000778 1547837.729269534999736
11099286.362714825000778 1547838.027855472499692
11099286.362714825000778 1547838.326441409999648
11099286.661295554167315 1547833.250480472500396
11099286.661295554167315 1547833.549066410000352
11099286.661295554167315 1547833.847652347500308
11099286.661295554167315 1547834.146238285000264
11099286.661295554167315 1547834.444824222500220
11099286.661295554167315 1547834.743410160000176
11099286.661295554167315 1547835.041996097500132
11099286.661295554167315 1547835.340582035000088
11099286.661295554167315 1547835.639167972500044
11099286.661295554167315 1547835.937753910000000
11099286.661295554167315 1547836.236339847499956
11099286.661295554167315 1547836.534925784999912
11099286.661295554167315 1547836.833511722499868
11099286.661295554167315 1547837.132097659999824
11099286.661295554167315 1547837.430683597499780
11099286.661295554167315 1547837.729269534999736
11099286.661295554167315 1547838.027855472499692
11099286.661295554167315 1547838.326441409999648
11099286.959876283333852 1547833.250480472500396
11099286.959876283333852 1547833.549066410000352
11099286.959876283333852 1547833.847652347500308
11099286.959876283333852 1547834.146238285000264
11099286.959876283333852 1547834.444824222500220
11099286.959876283333852 1547834.743410160000176
11099286.959876283333852 1547835.041996097500132
11099286.959876283333852 1547835.340582035000088
11099286.959876283333852 1547835.639167972500044
11099286.959876283333852 1547835.937753910000000
11099286.959876283333852 1547836.236339847499956
11099286.959876283333852 1547836.534925784999912
11099286.959876283333852 1547836.833511722499868
11099286.959876283333852 1547837.132097659999824
11099286.959876283333852 1547837.430683597499780
11099286.959876283333852 1547837.729269534999736
11099286.959876283333852 1547838.027855472499692
11099286.959876283333852 1547838.326441409999648
11099287.258457012500389 1547833.250480472500396
11099287.258457012500389 1547833.549066410000352
11099287.258457012500389 1547833.847652347500308
11099287.258457012500389 1547834.146238285000264
11099287.258457012500389 1547834.444824222500220
11099287.258457012500389 1547834.743410160000176
11099287.258457012500389 1547835.041996097500132
11099287.258457012500389 1547835.340582035000088
11099287.258457012500389 1547835.639167972500044
11099287.258457012500389 1547835.937753910000000
11099287.258457012500389 1547836.236339847499956
11099287.258457012500389 1547836.534925784999912
11099287.258457012500389 1547836.833511722499868
11099287.258457012500389 1547837.132097659999824
11099287.258457012500389 1547837.430683597499780
11099287.258457012500389 1547837.729269534999736
11099287.258457012500389 1547838.027855472499692
11099287.258457012500389 1547838.326441409999648
11099287.557037741666926 1547833.250480472500396
11099287.557037741666926 1547833.549066410000352
11099287.557037741666926 1547833.847652347500308
11099287.557037741666926 1547834.146238285000264
11099287.557037741666926 1547834.444824222500220
11099287.557037741666926 1547834.743410160000176
11099287.557037741666926 1547835.041996097500132
11099287.557037741666926 1547835.340582035000088
11099287.557037741666926 1547835.639167972500044
11099287.557037741666926 1547835.937753910000000
11099287.557037741666926 1547836.236339847499956
11099287.557037741666926 1547836.534925784999912
11099287.557037741666926 1547836.833511722499868
11099287.557037741666926 1547837.132097659999824
11099287.557037741666926 1547837.430683597499780
11099287.557037741666926 1547837.729269534999736
11099287.557037741666926 1547838.027855472499692
11099287.557037741666926 1547838.326441409999648
11099287.855618470833463 1547833.250480472500396
11099287.855618470833463 1547833.549066410000352
11099287.855618470833463 1547833.847652347500308
11099287.855618470833463 1547834.146238285000264
11099287.855618470833463 1547834.444824222500220
11099287.855618470833463 1547834.743410160000176
11099287.855618470833463 1547835.041996097500132
11099287.855618470833463 1547835.340582035000088
11099287.855618470833463 1547835.639167972500044
11099287.855618470833463 1547835.937753910000000
11099287.855618470833463 1547836.236339847499956
11099287.855618470833463 1547836.534925784999912
11099287.855618470833463 1547836.833511722499868
11099287.855618470833463 1547837.132097659999824
11099287.855618470833463 1547837.430683597499780
11099287.855618470833463 1547837.729269534999736
11099287.855618470833463 1547838.027855472499692
11099287.855618470833463 1547838.326441409999648
11099288.154199200000000 1547833.250480472500396
11099288.154199200000000 1547833.549066410000352
11099288.154199200000000 1547833.847652347500308
11099288.154199200000000 1547834.146238285000264
11099288.154199200000000 1547834.444824222500220
11099288.154199200000000 1547834.743410160000176
11099288.154199200000000 1547835.041996097500132
11099288.154199200000000 1547835.340582035000088
11099288.154199200000000 1547835.639167972500044
11099288.154199200000000 1547835.937753910000000
11099288.154199200000000 1547836.236339847499956
11099288.154199200000000 1547836.534925784999912
11099288.154199200000000 1547836.833511722499868
11099288.154199200000000 1547837.132097659999824
11099288.154199200000000 1547837.430683597499780
11099288.154199200000000 1547837.729269534999736
11099288.154199200000000 1547838.027855472499692
11099288.154199200000000 1547838.326441409999648
11099288.452779929166537 1547833.250480472500396
11099288.452779929166537 1547833.549066410000352
11099288.452779929166537 1547833.847652347500308
11099288.452779929166537 1547834.146238285000264
11099288.452779929166537 1547834.444824222500220
11099288.452779929166537 1547834.743410160000176
11099288.452779929166537 1547835.041996097500132
11099288.452779929166537 1547835.340582035000088
11099288.452779929166537 1547835.639167972500044
11099288.452779929166537 1547835.937753910000000
11099288.452779929166537 1547836.236339847499956
11099288.452779929166537 1547836.534925784999912
11099288.452779929166537 1547836.833511722499868
11099288.452779929166537 1547837.132097659999824
11099288.452779929166537 1547837.430683597499780
11099288.452779929166537 1547837.729269534999736
11099288.452779929166537 1547838.027855472499692
11099288.452779929166537 1547838.326441409999648
11099288.751360658333074 1547833.250480472500396
11099288.751360658333074 1547833.549066410000352
11099288.751360658333074 1547833.847652347500308
11099288.751360658333074 1547834.146238285000264
11099288.751360658333074 1547834.444824222500220
11099288.751360658333074 1547834.743410160000176
11099288.751360658333074 1547835.041996097500132
11099288.751360658333074 1547835.340582035000088
11099288.751360658333074 1547835.639167972500044
11099288.751360658333074 1547835.937753910000000
11099288.751360658333074 1547836.236339847499956
11099288.751360658333074 1547836.534925784999912
11099288.751360658333074 1547836.833511722499868
11099288.751360658333074 1547837.132097659999824
11099288.751360658333074 1547837.430683597499780
11099288.751360658333074 1547837.729269534999736
11099288.751360658333074 1547838.027855472499692
11099288.751360658333074 1547838.326441409999648
11099289.049941387499611 1547833.250480472500396
11099289.049941387499611 1547833.549066410000352
11099289.049941387499611 1547833.847652347500308
11099289.049941387499611 1547834.146238285000264
11099289.049941387499611 1547834.444824222500220
11099289.049941387499611 1547834.743410160000176
11099289.049941387499611 1547835.041996097500132
11099289.049941387499611 1547835.340582035000088
11099289.049941387499611 1547835.639167972500044
11099289.049941387499611 1547835.937753910000000
11099289.049941387499611 1547836.236339847499956
11099289.049941387499611 1547836.534925784999912
11099289.049941387499611 1547836.833511722499868
11099289.049941387499611 1547837.132097659999824
11099289.049941387499611 1547837.430683597499780
11099289.049941387499611 1547837.729269534999736
11099289.049941387499611 1547838.027855472499692
11099289.049941387499611 1547838.326441409999648
11099289.348522116666148 1547833.250480472500396
11099289.348522116666148 1547833.549066410000352
11099289.348522116666148 1547833.847652347500308
11099289.348522116666148 1547834.146238285000264
11099289.348522116666148 1547834.444824222500220
11099289.348522116666148 1547834.743410160000176
11099289.348522116666148 1547835.041996097500132
11099289.348522116666148 1547835.340582035000088
11099289.348522116666148 1547835.639167972500044
11099289.348522116666148 1547835.937753910000000
11099289.348522116666148 1547836.236339847499956
11099289.348522116666148 1547836.534925784999912
11099289.348522116666148 1547836.833511722499868
11099289.348522116666148 1547837.132097659999824
11099289.348522116666148 1547837.430683597499780
11099289.348522116666148 1547837.729269534999736
11099289.348522116666148 1547838.027855472499692
11099289.348522116666148 1547838.326441409999648
11099289.647102845832685 1547833.250480472500396
11099289.647102845832685 1547833.549066410000352
11099289.647102845832685 1547833.847652347500308
11099289.647102845832685 1547834.146238285000264
11099289.647102845832685 1547834.444824222500220
11099289.647102845832685 1547834.743410160000176
11099289.647102845832685 1547835.041996097500132
11099289.647102845832685 1547835.340582035000088
11099289.647102845832685 1547835.639167972500044
11099289.647102845832685 1547835.937753910000000
11099289.647102845832685 1547836.236339847499956
11099289.647102845832685 1547836.534925784999912
11099289.647102845832685 1547836.833511722499868
11099289.647102845832685 1547837.132097659999824
11099289.647102845832685 1547837.430683597499780
11099289.647102845832685 1547837.729269534999736
11099289.647102845832685 1547838.027855472499692
11099289.647102845832685 1547838.326441409999648
11099289.945683574999222 1547833.250480472500396
11099289.945683574999222 1547833.549066410000352
11099289.945683574999222 1547833.847652347500308
11099289.945683574999222 1547834.146238285000264
11099289.945683574999222 1547834.444824222500220
11099289.945683574999222 1547834.743410160000176
11099289.945683574999222 1547835.041996097500132
11099289.945683574999222 1547835.340582035000088
11099289.945683574999222 1547835.639167972500044
11099289.945683574999222 1547835.937753910000000
11099289.945683574999222 1547836.236339847499956
11099289.945683574999222 1547836.534925784999912
11099289.945683574999222 1547836.833511722499868
11099289.945683574999222 1547837.132097659999824
11099289.945683574999222 1547837.430683597499780
11099289.945683574999222 1547837.729269534999736
11099289.945683574999222 1547838.027855472499692
11099289.945683574999222 1547838.326441409999648
11099290.244264304165759 1547833.250480472500396
11099290.244264304165759 1547833.549066410000352
11099290.244264304165759 1547833.847652347500308
11099290.244264304165759 1547834.146238285000264
11099290.244264304165759 1547834.444824222500220
11099290.244264304165759 1547834.743410160000176
11099290.244264304165759 1547835.041996097500132
11099290.244264304165759 1547835.340582035000088
11099290.244264304165759 1547835.639167972500044
11099290.244264304165759 1547835.937753910000000
11099290.244264304165759 1547836.236339847499956
11099290.244264304165759 1547836.534925784999912
11099290.244264304165759 1547836.833511722499868
11099290.244264304165759 1547837.132097659999824
11099290.244264304165759 1547837.430683597499780
11099290.244264304165759 1547837.729269534999736
11099290.244264304165759 1547838.027855472499692
11099290.244264304165759 1547838.326441409999648
11099290.542845033332296 1547833.250480472500396
11099290.542845033332296 1547833.549066410000352
11099290.542845033332296 1547833.847652347500308
11099290.542845033332296 1547834.146238285000264
11099290.542845033332296 1547834.444824222500220
11099290.542845033332296 1547834.743410160000176
11099290.542845033332296 1547835.041996097500132
11099290.542845033332296 1547835.340582035000088
11099290.542845033332296 1547835.639167972500044
11099290.542845033332296 1547835.937753910000000
11099290.542845033332296 1547836.236339847499956
11099290.542845033332296 1547836.534925784999912
11099290.542845033332296 1547836.833511722499868
11099290.542845033332296 1547837.132097659999824
11099290.542845033332296 1547837.430683597499780
11099290.542845033332296 1547837.729269534999736
11099290.542845033332296 1547838.027855472499692
11099290.542845033332296 1547838.326441409999648
