11099461.928183637501167 1547832.056136722500396
11099461.928183637501167 1547832.354722660000352
11099461.928183637501167 1547832.653308597500308
11099461.928183637501167 1547832.951894535000264
11099461.928183637501167 1547833.250480472500220
11099461.928183637501167 1547833.549066410000176
11099461.928183637501167 1547833.847652347500132
11099461.928183637501167 1547834.146238285000088
11099461.928183637501167 1547834.444824222500044
11099461.928183637501167 1547834.743410160000000
11099461.928183637501167 1547835.041996097499956
11099461.928183637501167 1547835.340582034999912
11099461.928183637501167 1547835.639167972499868
11099461.928183637501167 1547835.937753909999824
11099461.928183637501167 1547836.236339847499780
11099461.928183637501167 1547836.534925784999736
11099461.928183637501167 1547836.833511722499692
11099461.928183637501167 1547837.132097659999648
11099462.226764366667704 1547832.056136722500396
11099462.226764366667704 1547832.354722660000352
11099462.226764366667704 1547832.653308597500308
11099462.226764366667704 1547832.951894535000264
11099462.226764366667704 1547833.250480472500220
11099462.226764366667704 1547833.549066410000176
11099462.226764366667704 1547833.847652347500132
11099462.226764366667704 1547834.146238285000088
11099462.226764366667704 1547834.444824222500044
11099462.226764366667704 1547834.743410160000000
11099462.226764366667704 1547835.041996097499956
11099462.226764366667704 1547835.340582034999912
11099462.226764366667704 1547835.639167972499868
11099462.226764366667704 1547835.937753909999824
11099462.226764366667704 1547836.236339847499780
11099462.226764366667704 1547836.534925784999736
11099462.226764366667704 1547836.833511722499692
11099462.226764366667704 1547837.132097659999648
11099462.525345095834241 1547832.056136722500396
11099462.525345095834241 1547832.354722660000352
11099462.525345095834241 1547832.653308597500308
11099462.525345095834241 1547832.951894535000264
11099462.525345095834241 1547833.250480472500220
11099462.525345095834241 1547833.549066410000176
11099462.525345095834241 1547833.847652347500132
11099462.525345095834241 1547834.146238285000088
11099462.525345095834241 1547834.444824222500044
11099462.525345095834241 1547834.743410160000000
11099462.525345095834241 1547835.041996097499956
11099462.525345095834241 1547835.340582034999912
11099462.525345095834241 1547835.639167972499868
11099462.525345095834241 1547835.937753909999824
11099462.525345095834241 1547836.236339847499780
11099462.525345095834241 1547836.534925784999736
11099462.525345095834241 1547836.833511722499692
11099462.525345095834241 1547837.132097659999648
11099462.823925825000778 1547832.056136722500396
11099462.823925825000778 1547832.354722660000352
11099462.823925825000778 1547832.653308597500308
11099462.823925825000778 1547832.951894535000264
11099462.823925825000778 1547833.250480472500220
11099462.823925825000778 1547833.549066410000176
11099462.823925825000778 1547833.847652347500132
11099462.823925825000778 1547834.146238285000088
11099462.823925825000778 1547834.444824222500044
11099462.823925825000778 1547834.743410160000000
11099462.823925825000778 1547835.041996097499956
11099462.823925825000778 1547835.340582034999912
11099462.823925825000778 1547835.639167972499868
11099462.823925825000778 1547835.937753909999824
11099462.823925825000778 1547836.236339847499780
11099462.823925825000778 1547836.534925784999736
11099462.823925825000778 1547836.833511722499692
11099462.823925825000778 1547837.132097659999648
11099463.122506554167315 1547832.056136722500396
11099463.122506554167315 1547832.354722660000352
11099463.122506554167315 1547832.653308597500308
11099463.122506554167315 1547832.951894535000264
11099463.122506554167315 1547833.250480472500220
11099463.122506554167315 1547833.549066410000176
11099463.122506554167315 1547833.847652347500132
11099463.122506554167315 1547834.146238285000088
11099463.122506554167315 1547834.444824222500044
11099463.122506554167315 1547834.743410160000000
11099463.122506554167315 1547835.041996097499956
11099463.122506554167315 1547835.340582034999912
11099463.122506554167315 1547835.639167972499868
11099463.122506554167315 1547835.937753909999824
11099463.122506554167315 1547836.236339847499780
11099463.122506554167315 1547836.534925784999736
11099463.122506554167315 1547836.833511722499692
11099463.122506554167315 1547837.132097659999648
11099463.421087283333852 1547832.056136722500396
11099463.421087283333852 1547832.354722660000352
11099463.421087283333852 1547832.653308597500308
11099463.421087283333852 1547832.951894535000264
11099463.421087283333852 1547833.250480472500220
11099463.421087283333852 1547833.549066410000176
11099463.421087283333852 1547833.847652347500132
11099463.421087283333852 1547834.146238285000088
11099463.421087283333852 1547834.444824222500044
11099463.421087283333852 1547834.743410160000000
11099463.421087283333852 1547835.041996097499956
11099463.421087283333852 1547835.340582034999912
11099463.421087283333852 1547835.639167972499868
11099463.421087283333852 1547835.937753909999824
11099463.421087283333852 1547836.236339847499780
11099463.421087283333852 1547836.534925784999736
11099463.421087283333852 1547836.833511722499692
11099463.421087283333852 1547837.132097659999648
11099463.719668012500389 1547832.056136722500396
11099463.719668012500389 1547832.354722660000352
11099463.719668012500389 1547832.653308597500308
11099463.719668012500389 1547832.951894535000264
11099463.719668012500389 1547833.250480472500220
11099463.719668012500389 1547833.549066410000176
11099463.719668012500389 1547833.847652347500132
11099463.719668012500389 1547834.146238285000088
11099463.719668012500389 1547834.444824222500044
11099463.719668012500389 1547834.743410160000000
11099463.719668012500389 1547835.041996097499956
11099463.719668012500389 1547835.340582034999912
11099463.719668012500389 1547835.639167972499868
11099463.719668012500389 1547835.937753909999824
11099463.719668012500389 1547836.236339847499780
11099463.719668012500389 1547836.534925784999736
11099463.719668012500389 1547836.833511722499692
11099463.719668012500389 1547837.132097659999648
11099464.018248741666926 1547832.056136722500396
11099464.018248741666926 1547832.354722660000352
11099464.018248741666926 1547832.653308597500308
11099464.018248741666926 1547832.951894535000264
11099464.018248741666926 1547833.250480472500220
11099464.018248741666926 1547833.549066410000176
11099464.018248741666926 1547833.847652347500132
11099464.018248741666926 1547834.146238285000088
11099464.018248741666926 1547834.444824222500044
11099464.018248741666926 1547834.743410160000000
11099464.018248741666926 1547835.041996097499956
11099464.018248741666926 1547835.340582034999912
11099464.018248741666926 1547835.639167972499868
11099464.018248741666926 1547835.937753909999824
11099464.018248741666926 1547836.236339847499780
11099464.018248741666926 1547836.534925784999736
11099464.018248741666926 1547836.833511722499692
11099464.018248741666926 1547837.132097659999648
11099464.316829470833463 1547832.056136722500396
11099464.316829470833463 1547832.354722660000352
11099464.316829470833463 1547832.653308597500308
11099464.316829470833463 1547832.951894535000264
11099464.316829470833463 1547833.250480472500220
11099464.316829470833463 1547833.549066410000176
11099464.316829470833463 1547833.847652347500132
11099464.316829470833463 1547834.146238285000088
11099464.316829470833463 1547834.444824222500044
11099464.316829470833463 1547834.743410160000000
11099464.316829470833463 1547835.041996097499956
11099464.316829470833463 1547835.340582034999912
11099464.316829470833463 1547835.639167972499868
11099464.316829470833463 1547835.937753909999824
11099464.316829470833463 1547836.236339847499780
11099464.316829470833463 1547836.534925784999736
11099464.316829470833463 1547836.833511722499692
11099464.316829470833463 1547837.132097659999648
11099464.615410200000000 1547832.056136722500396
11099464.615410200000000 1547832.354722660000352
11099464.615410200000000 1547832.653308597500308
11099464.615410200000000 1547832.951894535000264
11099464.615410200000000 1547833.250480472500220
11099464.615410200000000 1547833.549066410000176
11099464.615410200000000 1547833.847652347500132
11099464.615410200000000 1547834.146238285000088
11099464.615410200000000 1547834.444824222500044
11099464.615410200000000 1547834.743410160000000
11099464.615410200000000 1547835.041996097499956
11099464.615410200000000 1547835.340582034999912
11099464.615410200000000 1547835.639167972499868
11099464.615410200000000 1547835.937753909999824
11099464.615410200000000 1547836.236339847499780
11099464.615410200000000 1547836.534925784999736
11099464.615410200000000 1547836.833511722499692
11099464.615410200000000 1547837.132097659999648
11099464.913990929166537 1547832.056136722500396
11099464.913990929166537 1547832.354722660000352
11099464.913990929166537 1547832.653308597500308
11099464.913990929166537 1547832.951894535000264
11099464.913990929166537 1547833.250480472500220
11099464.913990929166537 1547833.549066410000176
11099464.913990929166537 1547833.847652347500132
11099464.913990929166537 1547834.146238285000088
11099464.913990929166537 1547834.444824222500044
11099464.913990929166537 1547834.743410160000000
11099464.913990929166537 1547835.041996097499956
11099464.913990929166537 1547835.340582034999912
11099464.913990929166537 1547835.639167972499868
11099464.913990929166537 1547835.937753909999824
11099464.913990929166537 1547836.236339847499780
11099464.913990929166537 1547836.534925784999736
11099464.913990929166537 1547836.833511722499692
11099464.913990929166537 1547837.132097659999648
11099465.212571658333074 1547832.056136722500396
11099465.212571658333074 1547832.354722660000352
11099465.212571658333074 1547832.653308597500308
11099465.212571658333074 1547832.951894535000264
11099465.212571658333074 1547833.250480472500220
11099465.212571658333074 1547833.549066410000176
11099465.212571658333074 1547833.847652347500132
11099465.212571658333074 1547834.146238285000088
11099465.212571658333074 1547834.444824222500044
11099465.212571658333074 1547834.743410160000000
11099465.212571658333074 1547835.041996097499956
11099465.212571658333074 1547835.340582034999912
11099465.212571658333074 1547835.639167972499868
11099465.212571658333074 1547835.937753909999824
11099465.212571658333074 1547836.236339847499780
11099465.212571658333074 1547836.534925784999736
11099465.212571658333074 1547836.833511722499692
11099465.212571658333074 1547837.132097659999648
11099465.511152387499611 1547832.056136722500396
11099465.511152387499611 1547832.354722660000352
11099465.511152387499611 1547832.653308597500308
11099465.511152387499611 1547832.951894535000264
11099465.511152387499611 1547833.250480472500220
11099465.511152387499611 1547833.549066410000176
11099465.511152387499611 1547833.847652347500132
11099465.511152387499611 1547834.146238285000088
11099465.511152387499611 1547834.444824222500044
11099465.511152387499611 1547834.743410160000000
11099465.511152387499611 1547835.041996097499956
11099465.511152387499611 1547835.340582034999912
11099465.511152387499611 1547835.639167972499868
11099465.511152387499611 1547835.937753909999824
11099465.511152387499611 1547836.236339847499780
11099465.511152387499611 1547836.534925784999736
11099465.511152387499611 1547836.833511722499692
11099465.511152387499611 1547837.132097659999648
11099465.809733116666148 1547832.056136722500396
11099465.809733116666148 1547832.354722660000352
11099465.809733116666148 1547832.653308597500308
11099465.809733116666148 1547832.951894535000264
11099465.809733116666148 1547833.250480472500220
11099465.809733116666148 1547833.549066410000176
11099465.809733116666148 1547833.847652347500132
11099465.809733116666148 1547834.146238285000088
11099465.809733116666148 1547834.444824222500044
11099465.809733116666148 1547834.743410160000000
11099465.809733116666148 1547835.041996097499956
11099465.809733116666148 1547835.340582034999912
11099465.809733116666148 1547835.639167972499868
11099465.809733116666148 1547835.937753909999824
11099465.809733116666148 1547836.236339847499780
11099465.809733116666148 1547836.534925784999736
11099465.809733116666148 1547836.833511722499692
11099465.809733116666148 1547837.132097659999648
11099466.108313845832685 1547832.056136722500396
11099466.108313845832685 1547832.354722660000352
11099466.108313845832685 1547832.653308597500308
11099466.108313845832685 1547832.951894535000264
11099466.108313845832685 1547833.250480472500220
11099466.108313845832685 1547833.549066410000176
11099466.108313845832685 1547833.847652347500132
11099466.108313845832685 1547834.146238285000088
11099466.108313845832685 1547834.444824222500044
11099466.108313845832685 1547834.743410160000000
11099466.108313845832685 1547835.041996097499956
11099466.108313845832685 1547835.340582034999912
11099466.108313845832685 1547835.639167972499868
11099466.108313845832685 1547835.937753909999824
11099466.108313845832685 1547836.236339847499780
11099466.108313845832685 1547836.534925784999736
11099466.108313845832685 1547836.833511722499692
11099466.108313845832685 1547837.132097659999648
11099466.406894574999222 1547832.056136722500396
11099466.406894574999222 1547832.354722660000352
11099466.406894574999222 1547832.653308597500308
11099466.406894574999222 1547832.951894535000264
11099466.406894574999222 1547833.250480472500220
11099466.406894574999222 1547833.549066410000176
11099466.406894574999222 1547833.847652347500132
11099466.406894574999222 1547834.146238285000088
11099466.406894574999222 1547834.444824222500044
11099466.406894574999222 1547834.743410160000000
11099466.406894574999222 1547835.041996097499956
11099466.406894574999222 1547835.340582034999912
11099466.406894574999222 1547835.639167972499868
11099466.406894574999222 1547835.937753909999824
11099466.406894574999222 1547836.236339847499780
11099466.406894574999222 1547836.534925784999736
11099466.406894574999222 1547836.833511722499692
11099466.406894574999222 1547837.132097659999648
11099466.705475304165759 1547832.056136722500396
11099466.705475304165759 1547832.354722660000352
11099466.705475304165759 1547832.653308597500308
11099466.705475304165759 1547832.951894535000264
11099466.705475304165759 1547833.250480472500220
11099466.705475304165759 1547833.549066410000176
11099466.705475304165759 1547833.847652347500132
11099466.705475304165759 1547834.146238285000088
11099466.705475304165759 1547834.444824222500044
11099466.705475304165759 1547834.743410160000000
11099466.705475304165759 1547835.041996097499956
11099466.705475304165759 1547835.340582034999912
11099466.705475304165759 1547835.639167972499868
11099466.705475304165759 1547835.937753909999824
11099466.705475304165759 1547836.236339847499780
11099466.705475304165759 1547836.534925784999736
11099466.705475304165759 1547836.833511722499692
11099466.705475304165759 1547837.132097659999648
11099467.004056033332296 1547832.056136722500396
11099467.004056033332296 1547832.354722660000352
11099467.004056033332296 1547832.653308597500308
11099467.004056033332296 1547832.951894535000264
11099467.004056033332296 1547833.250480472500220
11099467.004056033332296 1547833.549066410000176
11099467.004056033332296 1547833.847652347500132
11099467.004056033332296 1547834.146238285000088
11099467.004056033332296 1547834.444824222500044
11099467.004056033332296 1547834.743410160000000
11099467.004056033332296 1547835.041996097499956
11099467.004056033332296 1547835.340582034999912
11099467.004056033332296 1547835.639167972499868
11099467.004056033332296 1547835.937753909999824
11099467.004056033332296 1547836.236339847499780
11099467.004056033332296 1547836.534925784999736
11099467.004056033332296 1547836.833511722499692
11099467.004056033332296 1547837.132097659999648
