11099111.095826837501167 1547826.084417972500396
11099111.095826837501167 1547826.383003910000352
11099111.095826837501167 1547826.681589847500308
11099111.095826837501167 1547826.980175785000264
11099111.095826837501167 1547827.278761722500220
11099111.095826837501167 1547827.577347660000176
11099111.095826837501167 1547827.875933597500132
11099111.095826837501167 1547828.174519535000088
11099111.095826837501167 1547828.473105472500044
11099111.095826837501167 1547828.771691410000000
11099111.095826837501167 1547829.070277347499956
11099111.095826837501167 1547829.368863284999912
11099111.095826837501167 1547829.667449222499868
11099111.095826837501167 1547829.966035159999824
11099111.095826837501167 1547830.264621097499780
11099111.095826837501167 1547830.563207034999736
11099111.095826837501167 1547830.861792972499692
11099111.095826837501167 1547831.160378909999648
11099111.394407566667704 1547826.084417972500396
11099111.394407566667704 1547826.383003910000352
11099111.394407566667704 1547826.681589847500308
11099111.394407566667704 1547826.980175785000264
11099111.394407566667704 1547827.278761722500220
11099111.394407566667704 1547827.577347660000176
11099111.394407566667704 1547827.875933597500132
11099111.394407566667704 1547828.174519535000088
11099111.394407566667704 1547828.473105472500044
11099111.394407566667704 1547828.771691410000000
11099111.394407566667704 1547829.070277347499956
11099111.394407566667704 1547829.368863284999912
11099111.394407566667704 1547829.667449222499868
11099111.394407566667704 1547829.966035159999824
11099111.394407566667704 1547830.264621097499780
11099111.394407566667704 1547830.563207034999736
11099111.394407566667704 1547830.861792972499692
11099111.394407566667704 1547831.160378909999648
11099111.692988295834241 1547826.084417972500396
11099111.692988295834241 1547826.383003910000352
11099111.692988295834241 1547826.681589847500308
11099111.692988295834241 1547826.980175785000264
11099111.692988295834241 1547827.278761722500220
11099111.692988295834241 1547827.577347660000176
11099111.692988295834241 1547827.875933597500132
11099111.692988295834241 1547828.174519535000088
11099111.692988295834241 1547828.473105472500044
11099111.692988295834241 1547828.771691410000000
11099111.692988295834241 1547829.070277347499956
11099111.692988295834241 1547829.368863284999912
11099111.692988295834241 1547829.667449222499868
11099111.692988295834241 1547829.966035159999824
11099111.692988295834241 1547830.264621097499780
11099111.692988295834241 1547830.563207034999736
11099111.692988295834241 1547830.861792972499692
11099111.692988295834241 1547831.160378909999648
11099111.991569025000778 1547826.084417972500396
11099111.991569025000778 1547826.383003910000352
11099111.991569025000778 1547826.681589847500308
11099111.991569025000778 1547826.980175785000264
11099111.991569025000778 1547827.278761722500220
11099111.991569025000778 1547827.577347660000176
11099111.991569025000778 1547827.875933597500132
11099111.991569025000778 1547828.174519535000088
11099111.991569025000778 1547828.473105472500044
11099111.991569025000778 1547828.771691410000000
11099111.991569025000778 1547829.070277347499956
11099111.991569025000778 1547829.368863284999912
11099111.991569025000778 1547829.667449222499868
11099111.991569025000778 1547829.966035159999824
11099111.991569025000778 1547830.264621097499780
11099111.991569025000778 1547830.563207034999736
11099111.991569025000778 1547830.861792972499692
11099111.991569025000778 1547831.160378909999648
11099112.290149754167315 1547826.084417972500396
11099112.290149754167315 1547826.383003910000352
11099112.290149754167315 1547826.681589847500308
11099112.290149754167315 1547826.980175785000264
11099112.290149754167315 1547827.278761722500220
11099112.290149754167315 1547827.577347660000176
11099112.290149754167315 1547827.875933597500132
11099112.290149754167315 1547828.174519535000088
11099112.290149754167315 1547828.473105472500044
11099112.290149754167315 1547828.771691410000000
11099112.290149754167315 1547829.070277347499956
11099112.290149754167315 1547829.368863284999912
11099112.290149754167315 1547829.667449222499868
11099112.290149754167315 1547829.966035159999824
11099112.290149754167315 1547830.264621097499780
11099112.290149754167315 1547830.563207034999736
11099112.290149754167315 1547830.861792972499692
11099112.290149754167315 1547831.160378909999648
11099112.588730483333852 1547826.084417972500396
11099112.588730483333852 1547826.383003910000352
11099112.588730483333852 1547826.681589847500308
11099112.588730483333852 1547826.980175785000264
11099112.588730483333852 1547827.278761722500220
11099112.588730483333852 1547827.577347660000176
11099112.588730483333852 1547827.875933597500132
11099112.588730483333852 1547828.174519535000088
11099112.588730483333852 1547828.473105472500044
11099112.588730483333852 1547828.771691410000000
11099112.588730483333852 1547829.070277347499956
11099112.588730483333852 1547829.368863284999912
11099112.588730483333852 1547829.667449222499868
11099112.588730483333852 1547829.966035159999824
11099112.588730483333852 1547830.264621097499780
11099112.588730483333852 1547830.563207034999736
11099112.588730483333852 1547830.861792972499692
11099112.588730483333852 1547831.160378909999648
11099112.887311212500389 1547826.084417972500396
11099112.887311212500389 1547826.383003910000352
11099112.887311212500389 1547826.681589847500308
11099112.887311212500389 1547826.980175785000264
11099112.887311212500389 1547827.278761722500220
11099112.887311212500389 1547827.577347660000176
11099112.887311212500389 1547827.875933597500132
11099112.887311212500389 1547828.174519535000088
11099112.887311212500389 1547828.473105472500044
11099112.887311212500389 1547828.771691410000000
11099112.887311212500389 1547829.070277347499956
11099112.887311212500389 1547829.368863284999912
11099112.887311212500389 1547829.667449222499868
11099112.887311212500389 1547829.966035159999824
11099112.887311212500389 1547830.264621097499780
11099112.887311212500389 1547830.563207034999736
11099112.887311212500389 1547830.861792972499692
11099112.887311212500389 1547831.160378909999648
11099113.185891941666926 1547826.084417972500396
11099113.185891941666926 1547826.383003910000352
11099113.185891941666926 1547826.681589847500308
11099113.185891941666926 1547826.980175785000264
11099113.185891941666926 1547827.278761722500220
11099113.185891941666926 1547827.577347660000176
11099113.185891941666926 1547827.875933597500132
11099113.185891941666926 1547828.174519535000088
11099113.185891941666926 1547828.473105472500044
11099113.185891941666926 1547828.771691410000000
11099113.185891941666926 1547829.070277347499956
11099113.185891941666926 1547829.368863284999912
11099113.185891941666926 1547829.667449222499868
11099113.185891941666926 1547829.966035159999824
11099113.185891941666926 1547830.264621097499780
11099113.185891941666926 1547830.563207034999736
11099113.185891941666926 1547830.861792972499692
11099113.185891941666926 1547831.160378909999648
11099113.484472670833463 1547826.084417972500396
11099113.484472670833463 1547826.383003910000352
11099113.484472670833463 1547826.681589847500308
11099113.484472670833463 1547826.980175785000264
11099113.484472670833463 1547827.278761722500220
11099113.484472670833463 1547827.577347660000176
11099113.484472670833463 1547827.875933597500132
11099113.484472670833463 1547828.174519535000088
11099113.484472670833463 1547828.473105472500044
11099113.484472670833463 1547828.771691410000000
11099113.484472670833463 1547829.070277347499956
11099113.484472670833463 1547829.368863284999912
11099113.484472670833463 1547829.667449222499868
11099113.484472670833463 1547829.966035159999824
11099113.484472670833463 1547830.264621097499780
11099113.484472670833463 1547830.563207034999736
11099113.484472670833463 1547830.861792972499692
11099113.484472670833463 1547831.160378909999648
11099113.783053400000000 1547826.084417972500396
11099113.783053400000000 1547826.383003910000352
11099113.783053400000000 1547826.681589847500308
11099113.783053400000000 1547826.980175785000264
11099113.783053400000000 1547827.278761722500220
11099113.783053400000000 1547827.577347660000176
11099113.783053400000000 1547827.875933597500132
11099113.783053400000000 1547828.174519535000088
11099113.783053400000000 1547828.473105472500044
11099113.783053400000000 1547828.771691410000000
11099113.783053400000000 1547829.070277347499956
11099113.783053400000000 1547829.368863284999912
11099113.783053400000000 1547829.667449222499868
11099113.783053400000000 1547829.966035159999824
11099113.783053400000000 1547830.264621097499780
11099113.783053400000000 1547830.563207034999736
11099113.783053400000000 1547830.861792972499692
11099113.783053400000000 1547831.160378909999648
11099114.081634129166537 1547826.084417972500396
11099114.081634129166537 1547826.383003910000352
11099114.081634129166537 1547826.681589847500308
11099114.081634129166537 1547826.980175785000264
11099114.081634129166537 1547827.278761722500220
11099114.081634129166537 1547827.577347660000176
11099114.081634129166537 1547827.875933597500132
11099114.081634129166537 1547828.174519535000088
11099114.081634129166537 1547828.473105472500044
11099114.081634129166537 1547828.771691410000000
11099114.081634129166537 1547829.070277347499956
11099114.081634129166537 1547829.368863284999912
11099114.081634129166537 1547829.667449222499868
11099114.081634129166537 1547829.966035159999824
11099114.081634129166537 1547830.264621097499780
11099114.081634129166537 1547830.563207034999736
11099114.081634129166537 1547830.861792972499692
11099114.081634129166537 1547831.160378909999648
11099114.380214858333074 1547826.084417972500396
11099114.380214858333074 1547826.383003910000352
11099114.380214858333074 1547826.681589847500308
11099114.380214858333074 1547826.980175785000264
11099114.380214858333074 1547827.278761722500220
11099114.380214858333074 1547827.577347660000176
11099114.380214858333074 1547827.875933597500132
11099114.380214858333074 1547828.174519535000088
11099114.380214858333074 1547828.473105472500044
11099114.380214858333074 1547828.771691410000000
11099114.380214858333074 1547829.070277347499956
11099114.380214858333074 1547829.368863284999912
11099114.380214858333074 1547829.667449222499868
11099114.380214858333074 1547829.966035159999824
11099114.380214858333074 1547830.264621097499780
11099114.380214858333074 1547830.563207034999736
11099114.380214858333074 1547830.861792972499692
11099114.380214858333074 1547831.160378909999648
11099114.678795587499611 1547826.084417972500396
11099114.678795587499611 1547826.383003910000352
11099114.678795587499611 1547826.681589847500308
11099114.678795587499611 1547826.980175785000264
11099114.678795587499611 1547827.278761722500220
11099114.678795587499611 1547827.577347660000176
11099114.678795587499611 1547827.875933597500132
11099114.678795587499611 1547828.174519535000088
11099114.678795587499611 1547828.473105472500044
11099114.678795587499611 1547828.771691410000000
11099114.678795587499611 1547829.070277347499956
11099114.678795587499611 1547829.368863284999912
11099114.678795587499611 1547829.667449222499868
11099114.678795587499611 1547829.966035159999824
11099114.678795587499611 1547830.264621097499780
11099114.678795587499611 1547830.563207034999736
11099114.678795587499611 1547830.861792972499692
11099114.678795587499611 1547831.160378909999648
11099114.977376316666148 1547826.084417972500396
11099114.977376316666148 1547826.383003910000352
11099114.977376316666148 1547826.681589847500308
11099114.977376316666148 1547826.980175785000264
11099114.977376316666148 1547827.278761722500220
11099114.977376316666148 1547827.577347660000176
11099114.977376316666148 1547827.875933597500132
11099114.977376316666148 1547828.174519535000088
11099114.977376316666148 1547828.473105472500044
11099114.977376316666148 1547828.771691410000000
11099114.977376316666148 1547829.070277347499956
11099114.977376316666148 1547829.368863284999912
11099114.977376316666148 1547829.667449222499868
11099114.977376316666148 1547829.966035159999824
11099114.977376316666148 1547830.264621097499780
11099114.977376316666148 1547830.563207034999736
11099114.977376316666148 1547830.861792972499692
11099114.977376316666148 1547831.160378909999648
11099115.275957045832685 1547826.084417972500396
11099115.275957045832685 1547826.383003910000352
11099115.275957045832685 1547826.681589847500308
11099115.275957045832685 1547826.980175785000264
11099115.275957045832685 1547827.278761722500220
11099115.275957045832685 1547827.577347660000176
11099115.275957045832685 1547827.875933597500132
11099115.275957045832685 1547828.174519535000088
11099115.275957045832685 1547828.473105472500044
11099115.275957045832685 1547828.771691410000000
11099115.275957045832685 1547829.070277347499956
11099115.275957045832685 1547829.368863284999912
11099115.275957045832685 1547829.667449222499868
11099115.275957045832685 1547829.966035159999824
11099115.275957045832685 1547830.264621097499780
11099115.275957045832685 1547830.563207034999736
11099115.275957045832685 1547830.861792972499692
11099115.275957045832685 1547831.160378909999648
11099115.574537774999222 1547826.084417972500396
11099115.574537774999222 1547826.383003910000352
11099115.574537774999222 1547826.681589847500308
11099115.574537774999222 1547826.980175785000264
11099115.574537774999222 1547827.278761722500220
11099115.574537774999222 1547827.577347660000176
11099115.574537774999222 1547827.875933597500132
11099115.574537774999222 1547828.174519535000088
11099115.574537774999222 1547828.473105472500044
11099115.574537774999222 1547828.771691410000000
11099115.574537774999222 1547829.070277347499956
11099115.574537774999222 1547829.368863284999912
11099115.574537774999222 1547829.667449222499868
11099115.574537774999222 1547829.966035159999824
11099115.574537774999222 1547830.264621097499780
11099115.574537774999222 1547830.563207034999736
11099115.574537774999222 1547830.861792972499692
11099115.574537774999222 1547831.160378909999648
11099115.873118504165759 1547826.084417972500396
11099115.873118504165759 1547826.383003910000352
11099115.873118504165759 1547826.681589847500308
11099115.873118504165759 1547826.980175785000264
11099115.873118504165759 1547827.278761722500220
11099115.873118504165759 1547827.577347660000176
11099115.873118504165759 1547827.875933597500132
11099115.873118504165759 1547828.174519535000088
11099115.873118504165759 1547828.473105472500044
11099115.873118504165759 1547828.771691410000000
11099115.873118504165759 1547829.070277347499956
11099115.873118504165759 1547829.368863284999912
11099115.873118504165759 1547829.667449222499868
11099115.873118504165759 1547829.966035159999824
11099115.873118504165759 1547830.264621097499780
11099115.873118504165759 1547830.563207034999736
11099115.873118504165759 1547830.861792972499692
11099115.873118504165759 1547831.160378909999648
11099116.171699233332296 1547826.084417972500396
11099116.171699233332296 1547826.383003910000352
11099116.171699233332296 1547826.681589847500308
11099116.171699233332296 1547826.980175785000264
11099116.171699233332296 1547827.278761722500220
11099116.171699233332296 1547827.577347660000176
11099116.171699233332296 1547827.875933597500132
11099116.171699233332296 1547828.174519535000088
11099116.171699233332296 1547828.473105472500044
11099116.171699233332296 1547828.771691410000000
11099116.171699233332296 1547829.070277347499956
11099116.171699233332296 1547829.368863284999912
11099116.171699233332296 1547829.667449222499868
11099116.171699233332296 1547829.966035159999824
11099116.171699233332296 1547830.264621097499780
11099116.171699233332296 1547830.563207034999736
11099116.171699233332296 1547830.861792972499692
11099116.171699233332296 1547831.160378909999648
