11099465.511152337501167 1547839.819371092500396
11099465.511152337501167 1547840.117957030000352
11099465.511152337501167 1547840.416542967500308
11099465.511152337501167 1547840.715128905000264
11099465.511152337501167 1547841.013714842500220
11099465.511152337501167 1547841.312300780000176
11099465.511152337501167 1547841.610886717500132
11099465.511152337501167 1547841.909472655000088
11099465.511152337501167 1547842.208058592500044
11099465.511152337501167 1547842.506644530000000
11099465.511152337501167 1547842.805230467499956
11099465.511152337501167 1547843.103816404999912
11099465.511152337501167 1547843.402402342499868
11099465.511152337501167 1547843.700988279999824
11099465.511152337501167 1547843.999574217499780
11099465.511152337501167 1547844.298160154999736
11099465.511152337501167 1547844.596746092499692
11099465.511152337501167 1547844.895332029999648
11099465.809733066667704 1547839.819371092500396
11099465.809733066667704 1547840.117957030000352
11099465.809733066667704 1547840.416542967500308
11099465.809733066667704 1547840.715128905000264
11099465.809733066667704 1547841.013714842500220
11099465.809733066667704 1547841.312300780000176
11099465.809733066667704 1547841.610886717500132
11099465.809733066667704 1547841.909472655000088
11099465.809733066667704 1547842.208058592500044
11099465.809733066667704 1547842.506644530000000
11099465.809733066667704 1547842.805230467499956
11099465.809733066667704 1547843.103816404999912
11099465.809733066667704 1547843.402402342499868
11099465.809733066667704 1547843.700988279999824
11099465.809733066667704 1547843.999574217499780
11099465.809733066667704 1547844.298160154999736
11099465.809733066667704 1547844.596746092499692
11099465.809733066667704 1547844.895332029999648
11099466.108313795834241 1547839.819371092500396
11099466.108313795834241 1547840.117957030000352
11099466.108313795834241 1547840.416542967500308
11099466.108313795834241 1547840.715128905000264
11099466.108313795834241 1547841.013714842500220
11099466.108313795834241 1547841.312300780000176
11099466.108313795834241 1547841.610886717500132
11099466.108313795834241 1547841.909472655000088
11099466.108313795834241 1547842.208058592500044
11099466.108313795834241 1547842.506644530000000
11099466.108313795834241 1547842.805230467499956
11099466.108313795834241 1547843.103816404999912
11099466.108313795834241 1547843.402402342499868
11099466.108313795834241 1547843.700988279999824
11099466.108313795834241 1547843.999574217499780
11099466.108313795834241 1547844.298160154999736
11099466.108313795834241 1547844.596746092499692
11099466.108313795834241 1547844.895332029999648
11099466.406894525000778 1547839.819371092500396
11099466.406894525000778 1547840.117957030000352
11099466.406894525000778 1547840.416542967500308
11099466.406894525000778 1547840.715128905000264
11099466.406894525000778 1547841.013714842500220
11099466.406894525000778 1547841.312300780000176
11099466.406894525000778 1547841.610886717500132
11099466.406894525000778 1547841.909472655000088
11099466.406894525000778 1547842.208058592500044
11099466.406894525000778 1547842.506644530000000
11099466.406894525000778 1547842.805230467499956
11099466.406894525000778 1547843.103816404999912
11099466.406894525000778 1547843.402402342499868
11099466.406894525000778 1547843.700988279999824
11099466.406894525000778 1547843.999574217499780
11099466.406894525000778 1547844.298160154999736
11099466.406894525000778 1547844.596746092499692
11099466.406894525000778 1547844.895332029999648
11099466.705475254167315 1547839.819371092500396
11099466.705475254167315 1547840.117957030000352
11099466.705475254167315 1547840.416542967500308
11099466.705475254167315 1547840.715128905000264
11099466.705475254167315 1547841.013714842500220
11099466.705475254167315 1547841.312300780000176
11099466.705475254167315 1547841.610886717500132
11099466.705475254167315 1547841.909472655000088
11099466.705475254167315 1547842.208058592500044
11099466.705475254167315 1547842.506644530000000
11099466.705475254167315 1547842.805230467499956
11099466.705475254167315 1547843.103816404999912
11099466.705475254167315 1547843.402402342499868
11099466.705475254167315 1547843.700988279999824
11099466.705475254167315 1547843.999574217499780
11099466.705475254167315 1547844.298160154999736
11099466.705475254167315 1547844.596746092499692
11099466.705475254167315 1547844.895332029999648
11099467.004055983333852 1547839.819371092500396
11099467.004055983333852 1547840.117957030000352
11099467.004055983333852 1547840.416542967500308
11099467.004055983333852 1547840.715128905000264
11099467.004055983333852 1547841.013714842500220
11099467.004055983333852 1547841.312300780000176
11099467.004055983333852 1547841.610886717500132
11099467.004055983333852 1547841.909472655000088
11099467.004055983333852 1547842.208058592500044
11099467.004055983333852 1547842.506644530000000
11099467.004055983333852 1547842.805230467499956
11099467.004055983333852 1547843.103816404999912
11099467.004055983333852 1547843.402402342499868
11099467.004055983333852 1547843.700988279999824
11099467.004055983333852 1547843.999574217499780
11099467.004055983333852 1547844.298160154999736
11099467.004055983333852 1547844.596746092499692
11099467.004055983333852 1547844.895332029999648
11099467.302636712500389 1547839.819371092500396
11099467.302636712500389 1547840.117957030000352
11099467.302636712500389 1547840.416542967500308
11099467.302636712500389 1547840.715128905000264
11099467.302636712500389 1547841.013714842500220
11099467.302636712500389 1547841.312300780000176
11099467.302636712500389 1547841.610886717500132
11099467.302636712500389 1547841.909472655000088
11099467.302636712500389 1547842.208058592500044
11099467.302636712500389 1547842.506644530000000
11099467.302636712500389 1547842.805230467499956
11099467.302636712500389 1547843.103816404999912
11099467.302636712500389 1547843.402402342499868
11099467.302636712500389 1547843.700988279999824
11099467.302636712500389 1547843.999574217499780
11099467.302636712500389 1547844.298160154999736
11099467.302636712500389 1547844.596746092499692
11099467.302636712500389 1547844.895332029999648
11099467.601217441666926 1547839.819371092500396
11099467.601217441666926 1547840.117957030000352
11099467.601217441666926 1547840.416542967500308
11099467.601217441666926 1547840.715128905000264
11099467.601217441666926 1547841.013714842500220
11099467.601217441666926 1547841.312300780000176
11099467.601217441666926 1547841.610886717500132
11099467.601217441666926 1547841.909472655000088
11099467.601217441666926 1547842.208058592500044
11099467.601217441666926 1547842.506644530000000
11099467.601217441666926 1547842.805230467499956
11099467.601217441666926 1547843.103816404999912
11099467.601217441666926 1547843.402402342499868
11099467.601217441666926 1547843.700988279999824
11099467.601217441666926 1547843.999574217499780
11099467.601217441666926 1547844.298160154999736
11099467.601217441666926 1547844.596746092499692
11099467.601217441666926 1547844.895332029999648
11099467.899798170833463 1547839.819371092500396
11099467.899798170833463 1547840.117957030000352
11099467.899798170833463 1547840.416542967500308
11099467.899798170833463 1547840.715128905000264
11099467.899798170833463 1547841.013714842500220
11099467.899798170833463 1547841.312300780000176
11099467.899798170833463 1547841.610886717500132
11099467.899798170833463 1547841.909472655000088
11099467.899798170833463 1547842.208058592500044
11099467.899798170833463 1547842.506644530000000
11099467.899798170833463 1547842.805230467499956
11099467.899798170833463 1547843.103816404999912
11099467.899798170833463 1547843.402402342499868
11099467.899798170833463 1547843.700988279999824
11099467.899798170833463 1547843.999574217499780
11099467.899798170833463 1547844.298160154999736
11099467.899798170833463 1547844.596746092499692
11099467.899798170833463 1547844.895332029999648
11099468.198378900000000 1547839.819371092500396
11099468.198378900000000 1547840.117957030000352
11099468.198378900000000 1547840.416542967500308
11099468.198378900000000 1547840.715128905000264
11099468.198378900000000 1547841.013714842500220
11099468.198378900000000 1547841.312300780000176
11099468.198378900000000 1547841.610886717500132
11099468.198378900000000 1547841.909472655000088
11099468.198378900000000 1547842.208058592500044
11099468.198378900000000 1547842.506644530000000
11099468.198378900000000 1547842.805230467499956
11099468.198378900000000 1547843.103816404999912
11099468.198378900000000 1547843.402402342499868
11099468.198378900000000 1547843.700988279999824
11099468.198378900000000 1547843.999574217499780
11099468.198378900000000 1547844.298160154999736
11099468.198378900000000 1547844.596746092499692
11099468.198378900000000 1547844.895332029999648
11099468.496959629166537 1547839.819371092500396
11099468.496959629166537 1547840.117957030000352
11099468.496959629166537 1547840.416542967500308
11099468.496959629166537 1547840.715128905000264
11099468.496959629166537 1547841.013714842500220
11099468.496959629166537 1547841.312300780000176
11099468.496959629166537 1547841.610886717500132
11099468.496959629166537 1547841.909472655000088
11099468.496959629166537 1547842.208058592500044
11099468.496959629166537 1547842.506644530000000
11099468.496959629166537 1547842.805230467499956
11099468.496959629166537 1547843.103816404999912
11099468.496959629166537 1547843.402402342499868
11099468.496959629166537 1547843.700988279999824
11099468.496959629166537 1547843.999574217499780
11099468.496959629166537 1547844.298160154999736
11099468.496959629166537 1547844.596746092499692
11099468.496959629166537 1547844.895332029999648
11099468.795540358333074 1547839.819371092500396
11099468.795540358333074 1547840.117957030000352
11099468.795540358333074 1547840.416542967500308
11099468.795540358333074 1547840.715128905000264
11099468.795540358333074 1547841.013714842500220
11099468.795540358333074 1547841.312300780000176
11099468.795540358333074 1547841.610886717500132
11099468.795540358333074 1547841.909472655000088
11099468.795540358333074 1547842.208058592500044
11099468.795540358333074 1547842.506644530000000
11099468.795540358333074 1547842.805230467499956
11099468.795540358333074 1547843.103816404999912
11099468.795540358333074 1547843.402402342499868
11099468.795540358333074 1547843.700988279999824
11099468.795540358333074 1547843.999574217499780
11099468.795540358333074 1547844.298160154999736
11099468.795540358333074 1547844.596746092499692
11099468.795540358333074 1547844.895332029999648
11099469.094121087499611 1547839.819371092500396
11099469.094121087499611 1547840.117957030000352
11099469.094121087499611 1547840.416542967500308
11099469.094121087499611 1547840.715128905000264
11099469.094121087499611 1547841.013714842500220
11099469.094121087499611 1547841.312300780000176
11099469.094121087499611 1547841.610886717500132
11099469.094121087499611 1547841.909472655000088
11099469.094121087499611 1547842.208058592500044
11099469.094121087499611 1547842.506644530000000
11099469.094121087499611 1547842.805230467499956
11099469.094121087499611 1547843.103816404999912
11099469.094121087499611 1547843.402402342499868
11099469.094121087499611 1547843.700988279999824
11099469.094121087499611 1547843.999574217499780
11099469.094121087499611 1547844.298160154999736
11099469.094121087499611 1547844.596746092499692
11099469.094121087499611 1547844.895332029999648
11099469.392701816666148 1547839.819371092500396
11099469.392701816666148 1547840.117957030000352
11099469.392701816666148 1547840.416542967500308
11099469.392701816666148 1547840.715128905000264
11099469.392701816666148 1547841.013714842500220
11099469.392701816666148 1547841.312300780000176
11099469.392701816666148 1547841.610886717500132
11099469.392701816666148 1547841.909472655000088
11099469.392701816666148 1547842.208058592500044
11099469.392701816666148 1547842.506644530000000
11099469.392701816666148 1547842.805230467499956
11099469.392701816666148 1547843.103816404999912
11099469.392701816666148 1547843.402402342499868
11099469.392701816666148 1547843.700988279999824
11099469.392701816666148 1547843.999574217499780
11099469.392701816666148 1547844.298160154999736
11099469.392701816666148 1547844.596746092499692
11099469.392701816666148 1547844.895332029999648
11099469.691282545832685 1547839.819371092500396
11099469.691282545832685 1547840.117957030000352
11099469.691282545832685 1547840.416542967500308
11099469.691282545832685 1547840.715128905000264
11099469.691282545832685 1547841.013714842500220
11099469.691282545832685 1547841.312300780000176
11099469.691282545832685 1547841.610886717500132
11099469.691282545832685 1547841.909472655000088
11099469.691282545832685 1547842.208058592500044
11099469.691282545832685 1547842.506644530000000
11099469.691282545832685 1547842.805230467499956
11099469.691282545832685 1547843.103816404999912
11099469.691282545832685 1547843.402402342499868
11099469.691282545832685 1547843.700988279999824
11099469.691282545832685 1547843.999574217499780
11099469.691282545832685 1547844.298160154999736
11099469.691282545832685 1547844.596746092499692
11099469.691282545832685 1547844.895332029999648
11099469.989863274999222 1547839.819371092500396
11099469.989863274999222 1547840.117957030000352
11099469.989863274999222 1547840.416542967500308
11099469.989863274999222 1547840.715128905000264
11099469.989863274999222 1547841.013714842500220
11099469.989863274999222 1547841.312300780000176
11099469.989863274999222 1547841.610886717500132
11099469.989863274999222 1547841.909472655000088
11099469.989863274999222 1547842.208058592500044
11099469.989863274999222 1547842.506644530000000
11099469.989863274999222 1547842.805230467499956
11099469.989863274999222 1547843.103816404999912
11099469.989863274999222 1547843.402402342499868
11099469.989863274999222 1547843.700988279999824
11099469.989863274999222 1547843.999574217499780
11099469.989863274999222 1547844.298160154999736
11099469.989863274999222 1547844.596746092499692
11099469.989863274999222 1547844.895332029999648
11099470.288444004165759 1547839.819371092500396
11099470.288444004165759 1547840.117957030000352
11099470.288444004165759 1547840.416542967500308
11099470.288444004165759 1547840.715128905000264
11099470.288444004165759 1547841.013714842500220
11099470.288444004165759 1547841.312300780000176
11099470.288444004165759 1547841.610886717500132
11099470.288444004165759 1547841.909472655000088
11099470.288444004165759 1547842.208058592500044
11099470.288444004165759 1547842.506644530000000
11099470.288444004165759 1547842.805230467499956
11099470.288444004165759 1547843.103816404999912
11099470.288444004165759 1547843.402402342499868
11099470.288444004165759 1547843.700988279999824
11099470.288444004165759 1547843.999574217499780
11099470.288444004165759 1547844.298160154999736
11099470.288444004165759 1547844.596746092499692
11099470.288444004165759 1547844.895332029999648
11099470.587024733332296 1547839.819371092500396
11099470.587024733332296 1547840.117957030000352
11099470.587024733332296 1547840.416542967500308
11099470.587024733332296 1547840.715128905000264
11099470.587024733332296 1547841.013714842500220
11099470.587024733332296 1547841.312300780000176
11099470.587024733332296 1547841.610886717500132
11099470.587024733332296 1547841.909472655000088
11099470.587024733332296 1547842.208058592500044
11099470.587024733332296 1547842.506644530000000
11099470.587024733332296 1547842.805230467499956
11099470.587024733332296 1547843.103816404999912
11099470.587024733332296 1547843.402402342499868
11099470.587024733332296 1547843.700988279999824
11099470.587024733332296 1547843.999574217499780
11099470.587024733332296 1547844.298160154999736
11099470.587024733332296 1547844.596746092499692
11099470.587024733332296 1547844.895332029999648
