11099100.645501337501167 1547791.149863282500396
11099100.645501337501167 1547791.448449220000352
11099100.645501337501167 1547791.747035157500308
11099100.645501337501167 1547792.045621095000264
11099100.645501337501167 1547792.344207032500220
11099100.645501337501167 1547792.642792970000176
11099100.645501337501167 1547792.941378907500132
11099100.645501337501167 1547793.239964845000088
11099100.645501337501167 1547793.538550782500044
11099100.645501337501167 1547793.837136720000000
11099100.645501337501167 1547794.135722657499956
11099100.645501337501167 1547794.434308594999912
11099100.645501337501167 1547794.732894532499868
11099100.645501337501167 1547795.031480469999824
11099100.645501337501167 1547795.330066407499780
11099100.645501337501167 1547795.628652344999736
11099100.645501337501167 1547795.927238282499692
11099100.645501337501167 1547796.225824219999648
11099100.944082066667704 1547791.149863282500396
11099100.944082066667704 1547791.448449220000352
11099100.944082066667704 1547791.747035157500308
11099100.944082066667704 1547792.045621095000264
11099100.944082066667704 1547792.344207032500220
11099100.944082066667704 1547792.642792970000176
11099100.944082066667704 1547792.941378907500132
11099100.944082066667704 1547793.239964845000088
11099100.944082066667704 1547793.538550782500044
11099100.944082066667704 1547793.837136720000000
11099100.944082066667704 1547794.135722657499956
11099100.944082066667704 1547794.434308594999912
11099100.944082066667704 1547794.732894532499868
11099100.944082066667704 1547795.031480469999824
11099100.944082066667704 1547795.330066407499780
11099100.944082066667704 1547795.628652344999736
11099100.944082066667704 1547795.927238282499692
11099100.944082066667704 1547796.225824219999648
11099101.242662795834241 1547791.149863282500396
11099101.242662795834241 1547791.448449220000352
11099101.242662795834241 1547791.747035157500308
11099101.242662795834241 1547792.045621095000264
11099101.242662795834241 1547792.344207032500220
11099101.242662795834241 1547792.642792970000176
11099101.242662795834241 1547792.941378907500132
11099101.242662795834241 1547793.239964845000088
11099101.242662795834241 1547793.538550782500044
11099101.242662795834241 1547793.837136720000000
11099101.242662795834241 1547794.135722657499956
11099101.242662795834241 1547794.434308594999912
11099101.242662795834241 1547794.732894532499868
11099101.242662795834241 1547795.031480469999824
11099101.242662795834241 1547795.330066407499780
11099101.242662795834241 1547795.628652344999736
11099101.242662795834241 1547795.927238282499692
11099101.242662795834241 1547796.225824219999648
11099101.541243525000778 1547791.149863282500396
11099101.541243525000778 1547791.448449220000352
11099101.541243525000778 1547791.747035157500308
11099101.541243525000778 1547792.045621095000264
11099101.541243525000778 1547792.344207032500220
11099101.541243525000778 1547792.642792970000176
11099101.541243525000778 1547792.941378907500132
11099101.541243525000778 1547793.239964845000088
11099101.541243525000778 1547793.538550782500044
11099101.541243525000778 1547793.837136720000000
11099101.541243525000778 1547794.135722657499956
11099101.541243525000778 1547794.434308594999912
11099101.541243525000778 1547794.732894532499868
11099101.541243525000778 1547795.031480469999824
11099101.541243525000778 1547795.330066407499780
11099101.541243525000778 1547795.628652344999736
11099101.541243525000778 1547795.927238282499692
11099101.541243525000778 1547796.225824219999648
11099101.839824254167315 1547791.149863282500396
11099101.839824254167315 1547791.448449220000352
11099101.839824254167315 1547791.747035157500308
11099101.839824254167315 1547792.045621095000264
11099101.839824254167315 1547792.344207032500220
11099101.839824254167315 1547792.642792970000176
11099101.839824254167315 1547792.941378907500132
11099101.839824254167315 1547793.239964845000088
11099101.839824254167315 1547793.538550782500044
11099101.839824254167315 1547793.837136720000000
11099101.839824254167315 1547794.135722657499956
11099101.839824254167315 1547794.434308594999912
11099101.839824254167315 1547794.732894532499868
11099101.839824254167315 1547795.031480469999824
11099101.839824254167315 1547795.330066407499780
11099101.839824254167315 1547795.628652344999736
11099101.839824254167315 1547795.927238282499692
11099101.839824254167315 1547796.225824219999648
11099102.138404983333852 1547791.149863282500396
11099102.138404983333852 1547791.448449220000352
11099102.138404983333852 1547791.747035157500308
11099102.138404983333852 1547792.045621095000264
11099102.138404983333852 1547792.344207032500220
11099102.138404983333852 1547792.642792970000176
11099102.138404983333852 1547792.941378907500132
11099102.138404983333852 1547793.239964845000088
11099102.138404983333852 1547793.538550782500044
11099102.138404983333852 1547793.837136720000000
11099102.138404983333852 1547794.135722657499956
11099102.138404983333852 1547794.434308594999912
11099102.138404983333852 1547794.732894532499868
11099102.138404983333852 1547795.031480469999824
11099102.138404983333852 1547795.330066407499780
11099102.138404983333852 1547795.628652344999736
11099102.138404983333852 1547795.927238282499692
11099102.138404983333852 1547796.225824219999648
11099102.436985712500389 1547791.149863282500396
11099102.436985712500389 1547791.448449220000352
11099102.436985712500389 1547791.747035157500308
11099102.436985712500389 1547792.045621095000264
11099102.436985712500389 1547792.344207032500220
11099102.436985712500389 1547792.642792970000176
11099102.436985712500389 1547792.941378907500132
11099102.436985712500389 1547793.239964845000088
11099102.436985712500389 1547793.538550782500044
11099102.436985712500389 1547793.837136720000000
11099102.436985712500389 1547794.135722657499956
11099102.436985712500389 1547794.434308594999912
11099102.436985712500389 1547794.732894532499868
11099102.436985712500389 1547795.031480469999824
11099102.436985712500389 1547795.330066407499780
11099102.436985712500389 1547795.628652344999736
11099102.436985712500389 1547795.927238282499692
11099102.436985712500389 1547796.225824219999648
11099102.735566441666926 1547791.149863282500396
11099102.735566441666926 1547791.448449220000352
11099102.735566441666926 1547791.747035157500308
11099102.735566441666926 1547792.045621095000264
11099102.735566441666926 1547792.344207032500220
11099102.735566441666926 1547792.642792970000176
11099102.735566441666926 1547792.941378907500132
11099102.735566441666926 1547793.239964845000088
11099102.735566441666926 1547793.538550782500044
11099102.735566441666926 1547793.837136720000000
11099102.735566441666926 1547794.135722657499956
11099102.735566441666926 1547794.434308594999912
11099102.735566441666926 1547794.732894532499868
11099102.735566441666926 1547795.031480469999824
11099102.735566441666926 1547795.330066407499780
11099102.735566441666926 1547795.628652344999736
11099102.735566441666926 1547795.927238282499692
11099102.735566441666926 1547796.225824219999648
11099103.034147170833463 1547791.149863282500396
11099103.034147170833463 1547791.448449220000352
11099103.034147170833463 1547791.747035157500308
11099103.034147170833463 1547792.045621095000264
11099103.034147170833463 1547792.344207032500220
11099103.034147170833463 1547792.642792970000176
11099103.034147170833463 1547792.941378907500132
11099103.034147170833463 1547793.239964845000088
11099103.034147170833463 1547793.538550782500044
11099103.034147170833463 1547793.837136720000000
11099103.034147170833463 1547794.135722657499956
11099103.034147170833463 1547794.434308594999912
11099103.034147170833463 1547794.732894532499868
11099103.034147170833463 1547795.031480469999824
11099103.034147170833463 1547795.330066407499780
11099103.034147170833463 1547795.628652344999736
11099103.034147170833463 1547795.927238282499692
11099103.034147170833463 1547796.225824219999648
11099103.332727900000000 1547791.149863282500396
11099103.332727900000000 1547791.448449220000352
11099103.332727900000000 1547791.747035157500308
11099103.332727900000000 1547792.045621095000264
11099103.332727900000000 1547792.344207032500220
11099103.332727900000000 1547792.642792970000176
11099103.332727900000000 1547792.941378907500132
11099103.332727900000000 1547793.239964845000088
11099103.332727900000000 1547793.538550782500044
11099103.332727900000000 1547793.837136720000000
11099103.332727900000000 1547794.135722657499956
11099103.332727900000000 1547794.434308594999912
11099103.332727900000000 1547794.732894532499868
11099103.332727900000000 1547795.031480469999824
11099103.332727900000000 1547795.330066407499780
11099103.332727900000000 1547795.628652344999736
11099103.332727900000000 1547795.927238282499692
11099103.332727900000000 1547796.225824219999648
11099103.631308629166537 1547791.149863282500396
11099103.631308629166537 1547791.448449220000352
11099103.631308629166537 1547791.747035157500308
11099103.631308629166537 1547792.045621095000264
11099103.631308629166537 1547792.344207032500220
11099103.631308629166537 1547792.642792970000176
11099103.631308629166537 1547792.941378907500132
11099103.631308629166537 1547793.239964845000088
11099103.631308629166537 1547793.538550782500044
11099103.631308629166537 1547793.837136720000000
11099103.631308629166537 1547794.135722657499956
11099103.631308629166537 1547794.434308594999912
11099103.631308629166537 1547794.732894532499868
11099103.631308629166537 1547795.031480469999824
11099103.631308629166537 1547795.330066407499780
11099103.631308629166537 1547795.628652344999736
11099103.631308629166537 1547795.927238282499692
11099103.631308629166537 1547796.225824219999648
11099103.929889358333074 1547791.149863282500396
11099103.929889358333074 1547791.448449220000352
11099103.929889358333074 1547791.747035157500308
11099103.929889358333074 1547792.045621095000264
11099103.929889358333074 1547792.344207032500220
11099103.929889358333074 1547792.642792970000176
11099103.929889358333074 1547792.941378907500132
11099103.929889358333074 1547793.239964845000088
11099103.929889358333074 1547793.538550782500044
11099103.929889358333074 1547793.837136720000000
11099103.929889358333074 1547794.135722657499956
11099103.929889358333074 1547794.434308594999912
11099103.929889358333074 1547794.732894532499868
11099103.929889358333074 1547795.031480469999824
11099103.929889358333074 1547795.330066407499780
11099103.929889358333074 1547795.628652344999736
11099103.929889358333074 1547795.927238282499692
11099103.929889358333074 1547796.225824219999648
11099104.228470087499611 1547791.149863282500396
11099104.228470087499611 1547791.448449220000352
11099104.228470087499611 1547791.747035157500308
11099104.228470087499611 1547792.045621095000264
11099104.228470087499611 1547792.344207032500220
11099104.228470087499611 1547792.642792970000176
11099104.228470087499611 1547792.941378907500132
11099104.228470087499611 1547793.239964845000088
11099104.228470087499611 1547793.538550782500044
11099104.228470087499611 1547793.837136720000000
11099104.228470087499611 1547794.135722657499956
11099104.228470087499611 1547794.434308594999912
11099104.228470087499611 1547794.732894532499868
11099104.228470087499611 1547795.031480469999824
11099104.228470087499611 1547795.330066407499780
11099104.228470087499611 1547795.628652344999736
11099104.228470087499611 1547795.927238282499692
11099104.228470087499611 1547796.225824219999648
11099104.527050816666148 1547791.149863282500396
11099104.527050816666148 1547791.448449220000352
11099104.527050816666148 1547791.747035157500308
11099104.527050816666148 1547792.045621095000264
11099104.527050816666148 1547792.344207032500220
11099104.527050816666148 1547792.642792970000176
11099104.527050816666148 1547792.941378907500132
11099104.527050816666148 1547793.239964845000088
11099104.527050816666148 1547793.538550782500044
11099104.527050816666148 1547793.837136720000000
11099104.527050816666148 1547794.135722657499956
11099104.527050816666148 1547794.434308594999912
11099104.527050816666148 1547794.732894532499868
11099104.527050816666148 1547795.031480469999824
11099104.527050816666148 1547795.330066407499780
11099104.527050816666148 1547795.628652344999736
11099104.527050816666148 1547795.927238282499692
11099104.527050816666148 1547796.225824219999648
11099104.825631545832685 1547791.149863282500396
11099104.825631545832685 1547791.448449220000352
11099104.825631545832685 1547791.747035157500308
11099104.825631545832685 1547792.045621095000264
11099104.825631545832685 1547792.344207032500220
11099104.825631545832685 1547792.642792970000176
11099104.825631545832685 1547792.941378907500132
11099104.825631545832685 1547793.239964845000088
11099104.825631545832685 1547793.538550782500044
11099104.825631545832685 1547793.837136720000000
11099104.825631545832685 1547794.135722657499956
11099104.825631545832685 1547794.434308594999912
11099104.825631545832685 1547794.732894532499868
11099104.825631545832685 1547795.031480469999824
11099104.825631545832685 1547795.330066407499780
11099104.825631545832685 1547795.628652344999736
11099104.825631545832685 1547795.927238282499692
11099104.825631545832685 1547796.225824219999648
11099105.124212274999222 1547791.149863282500396
11099105.124212274999222 1547791.448449220000352
11099105.124212274999222 1547791.747035157500308
11099105.124212274999222 1547792.045621095000264
11099105.124212274999222 1547792.344207032500220
11099105.124212274999222 1547792.642792970000176
11099105.124212274999222 1547792.941378907500132
11099105.124212274999222 1547793.239964845000088
11099105.124212274999222 1547793.538550782500044
11099105.124212274999222 1547793.837136720000000
11099105.124212274999222 1547794.135722657499956
11099105.124212274999222 1547794.434308594999912
11099105.124212274999222 1547794.732894532499868
11099105.124212274999222 1547795.031480469999824
11099105.124212274999222 1547795.330066407499780
11099105.124212274999222 1547795.628652344999736
11099105.124212274999222 1547795.927238282499692
11099105.124212274999222 1547796.225824219999648
11099105.422793004165759 1547791.149863282500396
11099105.422793004165759 1547791.448449220000352
11099105.422793004165759 1547791.747035157500308
11099105.422793004165759 1547792.045621095000264
11099105.422793004165759 1547792.344207032500220
11099105.422793004165759 1547792.642792970000176
11099105.422793004165759 1547792.941378907500132
11099105.422793004165759 1547793.239964845000088
11099105.422793004165759 1547793.538550782500044
11099105.422793004165759 1547793.837136720000000
11099105.422793004165759 1547794.135722657499956
11099105.422793004165759 1547794.434308594999912
11099105.422793004165759 1547794.732894532499868
11099105.422793004165759 1547795.031480469999824
11099105.422793004165759 1547795.330066407499780
11099105.422793004165759 1547795.628652344999736
11099105.422793004165759 1547795.927238282499692
11099105.422793004165759 1547796.225824219999648
11099105.721373733332296 1547791.149863282500396
11099105.721373733332296 1547791.448449220000352
11099105.721373733332296 1547791.747035157500308
11099105.721373733332296 1547792.045621095000264
11099105.721373733332296 1547792.344207032500220
11099105.721373733332296 1547792.642792970000176
11099105.721373733332296 1547792.941378907500132
11099105.721373733332296 1547793.239964845000088
11099105.721373733332296 1547793.538550782500044
11099105.721373733332296 1547793.837136720000000
11099105.721373733332296 1547794.135722657499956
11099105.721373733332296 1547794.434308594999912
11099105.721373733332296 1547794.732894532499868
11099105.721373733332296 1547795.031480469999824
11099105.721373733332296 1547795.330066407499780
11099105.721373733332296 1547795.628652344999736
11099105.721373733332296 1547795.927238282499692
11099105.721373733332296 1547796.225824219999648
