11099435.653079437501167 1547795.628652342500396
11099435.653079437501167 1547795.927238280000352
11099435.653079437501167 1547796.225824217500308
11099435.653079437501167 1547796.524410155000264
11099435.653079437501167 1547796.822996092500220
11099435.653079437501167 1547797.121582030000176
11099435.653079437501167 1547797.420167967500132
11099435.653079437501167 1547797.718753905000088
11099435.653079437501167 1547798.017339842500044
11099435.653079437501167 1547798.315925780000000
11099435.653079437501167 1547798.614511717499956
11099435.653079437501167 1547798.913097654999912
11099435.653079437501167 1547799.211683592499868
11099435.653079437501167 1547799.510269529999824
11099435.653079437501167 1547799.808855467499780
11099435.653079437501167 1547800.107441404999736
11099435.653079437501167 1547800.406027342499692
11099435.653079437501167 1547800.704613279999648
11099435.951660166667704 1547795.628652342500396
11099435.951660166667704 1547795.927238280000352
11099435.951660166667704 1547796.225824217500308
11099435.951660166667704 1547796.524410155000264
11099435.951660166667704 1547796.822996092500220
11099435.951660166667704 1547797.121582030000176
11099435.951660166667704 1547797.420167967500132
11099435.951660166667704 1547797.718753905000088
11099435.951660166667704 1547798.017339842500044
11099435.951660166667704 1547798.315925780000000
11099435.951660166667704 1547798.614511717499956
11099435.951660166667704 1547798.913097654999912
11099435.951660166667704 1547799.211683592499868
11099435.951660166667704 1547799.510269529999824
11099435.951660166667704 1547799.808855467499780
11099435.951660166667704 1547800.107441404999736
11099435.951660166667704 1547800.406027342499692
11099435.951660166667704 1547800.704613279999648
11099436.250240895834241 1547795.628652342500396
11099436.250240895834241 1547795.927238280000352
11099436.250240895834241 1547796.225824217500308
11099436.250240895834241 1547796.524410155000264
11099436.250240895834241 1547796.822996092500220
11099436.250240895834241 1547797.121582030000176
11099436.250240895834241 1547797.420167967500132
11099436.250240895834241 1547797.718753905000088
11099436.250240895834241 1547798.017339842500044
11099436.250240895834241 1547798.315925780000000
11099436.250240895834241 1547798.614511717499956
11099436.250240895834241 1547798.913097654999912
11099436.250240895834241 1547799.211683592499868
11099436.250240895834241 1547799.510269529999824
11099436.250240895834241 1547799.808855467499780
11099436.250240895834241 1547800.107441404999736
11099436.250240895834241 1547800.406027342499692
11099436.250240895834241 1547800.704613279999648
11099436.548821625000778 1547795.628652342500396
11099436.548821625000778 1547795.927238280000352
11099436.548821625000778 1547796.225824217500308
11099436.548821625000778 1547796.524410155000264
11099436.548821625000778 1547796.822996092500220
11099436.548821625000778 1547797.121582030000176
11099436.548821625000778 1547797.420167967500132
11099436.548821625000778 1547797.718753905000088
11099436.548821625000778 1547798.017339842500044
11099436.548821625000778 1547798.315925780000000
11099436.548821625000778 1547798.614511717499956
11099436.548821625000778 1547798.913097654999912
11099436.548821625000778 1547799.211683592499868
11099436.548821625000778 1547799.510269529999824
11099436.548821625000778 1547799.808855467499780
11099436.548821625000778 1547800.107441404999736
11099436.548821625000778 1547800.406027342499692
11099436.548821625000778 1547800.704613279999648
11099436.847402354167315 1547795.628652342500396
11099436.847402354167315 1547795.927238280000352
11099436.847402354167315 1547796.225824217500308
11099436.847402354167315 1547796.524410155000264
11099436.847402354167315 1547796.822996092500220
11099436.847402354167315 1547797.121582030000176
11099436.847402354167315 1547797.420167967500132
11099436.847402354167315 1547797.718753905000088
11099436.847402354167315 1547798.017339842500044
11099436.847402354167315 1547798.315925780000000
11099436.847402354167315 1547798.614511717499956
11099436.847402354167315 1547798.913097654999912
11099436.847402354167315 1547799.211683592499868
11099436.847402354167315 1547799.510269529999824
11099436.847402354167315 1547799.808855467499780
11099436.847402354167315 1547800.107441404999736
11099436.847402354167315 1547800.406027342499692
11099436.847402354167315 1547800.704613279999648
11099437.145983083333852 1547795.628652342500396
11099437.145983083333852 1547795.927238280000352
11099437.145983083333852 1547796.225824217500308
11099437.145983083333852 1547796.524410155000264
11099437.145983083333852 1547796.822996092500220
11099437.145983083333852 1547797.121582030000176
11099437.145983083333852 1547797.420167967500132
11099437.145983083333852 1547797.718753905000088
11099437.145983083333852 1547798.017339842500044
11099437.145983083333852 1547798.315925780000000
11099437.145983083333852 1547798.614511717499956
11099437.145983083333852 1547798.913097654999912
11099437.145983083333852 1547799.211683592499868
11099437.145983083333852 1547799.510269529999824
11099437.145983083333852 1547799.808855467499780
11099437.145983083333852 1547800.107441404999736
11099437.145983083333852 1547800.406027342499692
11099437.145983083333852 1547800.704613279999648
11099437.444563812500389 1547795.628652342500396
11099437.444563812500389 1547795.927238280000352
11099437.444563812500389 1547796.225824217500308
11099437.444563812500389 1547796.524410155000264
11099437.444563812500389 1547796.822996092500220
11099437.444563812500389 1547797.121582030000176
11099437.444563812500389 1547797.420167967500132
11099437.444563812500389 1547797.718753905000088
11099437.444563812500389 1547798.017339842500044
11099437.444563812500389 1547798.315925780000000
11099437.444563812500389 1547798.614511717499956
11099437.444563812500389 1547798.913097654999912
11099437.444563812500389 1547799.211683592499868
11099437.444563812500389 1547799.510269529999824
11099437.444563812500389 1547799.808855467499780
11099437.444563812500389 1547800.107441404999736
11099437.444563812500389 1547800.406027342499692
11099437.444563812500389 1547800.704613279999648
11099437.743144541666926 1547795.628652342500396
11099437.743144541666926 1547795.927238280000352
11099437.743144541666926 1547796.225824217500308
11099437.743144541666926 1547796.524410155000264
11099437.743144541666926 1547796.822996092500220
11099437.743144541666926 1547797.121582030000176
11099437.743144541666926 1547797.420167967500132
11099437.743144541666926 1547797.718753905000088
11099437.743144541666926 1547798.017339842500044
11099437.743144541666926 1547798.315925780000000
11099437.743144541666926 1547798.614511717499956
11099437.743144541666926 1547798.913097654999912
11099437.743144541666926 1547799.211683592499868
11099437.743144541666926 1547799.510269529999824
11099437.743144541666926 1547799.808855467499780
11099437.743144541666926 1547800.107441404999736
11099437.743144541666926 1547800.406027342499692
11099437.743144541666926 1547800.704613279999648
11099438.041725270833463 1547795.628652342500396
11099438.041725270833463 1547795.927238280000352
11099438.041725270833463 1547796.225824217500308
11099438.041725270833463 1547796.524410155000264
11099438.041725270833463 1547796.822996092500220
11099438.041725270833463 1547797.121582030000176
11099438.041725270833463 1547797.420167967500132
11099438.041725270833463 1547797.718753905000088
11099438.041725270833463 1547798.017339842500044
11099438.041725270833463 1547798.315925780000000
11099438.041725270833463 1547798.614511717499956
11099438.041725270833463 1547798.913097654999912
11099438.041725270833463 1547799.211683592499868
11099438.041725270833463 1547799.510269529999824
11099438.041725270833463 1547799.808855467499780
11099438.041725270833463 1547800.107441404999736
11099438.041725270833463 1547800.406027342499692
11099438.041725270833463 1547800.704613279999648
11099438.340306000000000 1547795.628652342500396
11099438.340306000000000 1547795.927238280000352
11099438.340306000000000 1547796.225824217500308
11099438.340306000000000 1547796.524410155000264
11099438.340306000000000 1547796.822996092500220
11099438.340306000000000 1547797.121582030000176
11099438.340306000000000 1547797.420167967500132
11099438.340306000000000 1547797.718753905000088
11099438.340306000000000 1547798.017339842500044
11099438.340306000000000 1547798.315925780000000
11099438.340306000000000 1547798.614511717499956
11099438.340306000000000 1547798.913097654999912
11099438.340306000000000 1547799.211683592499868
11099438.340306000000000 1547799.510269529999824
11099438.340306000000000 1547799.808855467499780
11099438.340306000000000 1547800.107441404999736
11099438.340306000000000 1547800.406027342499692
11099438.340306000000000 1547800.704613279999648
11099438.638886729166537 1547795.628652342500396
11099438.638886729166537 1547795.927238280000352
11099438.638886729166537 1547796.225824217500308
11099438.638886729166537 1547796.524410155000264
11099438.638886729166537 1547796.822996092500220
11099438.638886729166537 1547797.121582030000176
11099438.638886729166537 1547797.420167967500132
11099438.638886729166537 1547797.718753905000088
11099438.638886729166537 1547798.017339842500044
11099438.638886729166537 1547798.315925780000000
11099438.638886729166537 1547798.614511717499956
11099438.638886729166537 1547798.913097654999912
11099438.638886729166537 1547799.211683592499868
11099438.638886729166537 1547799.510269529999824
11099438.638886729166537 1547799.808855467499780
11099438.638886729166537 1547800.107441404999736
11099438.638886729166537 1547800.406027342499692
11099438.638886729166537 1547800.704613279999648
11099438.937467458333074 1547795.628652342500396
11099438.937467458333074 1547795.927238280000352
11099438.937467458333074 1547796.225824217500308
11099438.937467458333074 1547796.524410155000264
11099438.937467458333074 1547796.822996092500220
11099438.937467458333074 1547797.121582030000176
11099438.937467458333074 1547797.420167967500132
11099438.937467458333074 1547797.718753905000088
11099438.937467458333074 1547798.017339842500044
11099438.937467458333074 1547798.315925780000000
11099438.937467458333074 1547798.614511717499956
11099438.937467458333074 1547798.913097654999912
11099438.937467458333074 1547799.211683592499868
11099438.937467458333074 1547799.510269529999824
11099438.937467458333074 1547799.808855467499780
11099438.937467458333074 1547800.107441404999736
11099438.937467458333074 1547800.406027342499692
11099438.937467458333074 1547800.704613279999648
11099439.236048187499611 1547795.628652342500396
11099439.236048187499611 1547795.927238280000352
11099439.236048187499611 1547796.225824217500308
11099439.236048187499611 1547796.524410155000264
11099439.236048187499611 1547796.822996092500220
11099439.236048187499611 1547797.121582030000176
11099439.236048187499611 1547797.420167967500132
11099439.236048187499611 1547797.718753905000088
11099439.236048187499611 1547798.017339842500044
11099439.236048187499611 1547798.315925780000000
11099439.236048187499611 1547798.614511717499956
11099439.236048187499611 1547798.913097654999912
11099439.236048187499611 1547799.211683592499868
11099439.236048187499611 1547799.510269529999824
11099439.236048187499611 1547799.808855467499780
11099439.236048187499611 1547800.107441404999736
11099439.236048187499611 1547800.406027342499692
11099439.236048187499611 1547800.704613279999648
11099439.534628916666148 1547795.628652342500396
11099439.534628916666148 1547795.927238280000352
11099439.534628916666148 1547796.225824217500308
11099439.534628916666148 1547796.524410155000264
11099439.534628916666148 1547796.822996092500220
11099439.534628916666148 1547797.121582030000176
11099439.534628916666148 1547797.420167967500132
11099439.534628916666148 1547797.718753905000088
11099439.534628916666148 1547798.017339842500044
11099439.534628916666148 1547798.315925780000000
11099439.534628916666148 1547798.614511717499956
11099439.534628916666148 1547798.913097654999912
11099439.534628916666148 1547799.211683592499868
11099439.534628916666148 1547799.510269529999824
11099439.534628916666148 1547799.808855467499780
11099439.534628916666148 1547800.107441404999736
11099439.534628916666148 1547800.406027342499692
11099439.534628916666148 1547800.704613279999648
11099439.833209645832685 1547795.628652342500396
11099439.833209645832685 1547795.927238280000352
11099439.833209645832685 1547796.225824217500308
11099439.833209645832685 1547796.524410155000264
11099439.833209645832685 1547796.822996092500220
11099439.833209645832685 1547797.121582030000176
11099439.833209645832685 1547797.420167967500132
11099439.833209645832685 1547797.718753905000088
11099439.833209645832685 1547798.017339842500044
11099439.833209645832685 1547798.315925780000000
11099439.833209645832685 1547798.614511717499956
11099439.833209645832685 1547798.913097654999912
11099439.833209645832685 1547799.211683592499868
11099439.833209645832685 1547799.510269529999824
11099439.833209645832685 1547799.808855467499780
11099439.833209645832685 1547800.107441404999736
11099439.833209645832685 1547800.406027342499692
11099439.833209645832685 1547800.704613279999648
11099440.131790374999222 1547795.628652342500396
11099440.131790374999222 1547795.927238280000352
11099440.131790374999222 1547796.225824217500308
11099440.131790374999222 1547796.524410155000264
11099440.131790374999222 1547796.822996092500220
11099440.131790374999222 1547797.121582030000176
11099440.131790374999222 1547797.420167967500132
11099440.131790374999222 1547797.718753905000088
11099440.131790374999222 1547798.017339842500044
11099440.131790374999222 1547798.315925780000000
11099440.131790374999222 1547798.614511717499956
11099440.131790374999222 1547798.913097654999912
11099440.131790374999222 1547799.211683592499868
11099440.131790374999222 1547799.510269529999824
11099440.131790374999222 1547799.808855467499780
11099440.131790374999222 1547800.107441404999736
11099440.131790374999222 1547800.406027342499692
11099440.131790374999222 1547800.704613279999648
11099440.430371104165759 1547795.628652342500396
11099440.430371104165759 1547795.927238280000352
11099440.430371104165759 1547796.225824217500308
11099440.430371104165759 1547796.524410155000264
11099440.430371104165759 1547796.822996092500220
11099440.430371104165759 1547797.121582030000176
11099440.430371104165759 1547797.420167967500132
11099440.430371104165759 1547797.718753905000088
11099440.430371104165759 1547798.017339842500044
11099440.430371104165759 1547798.315925780000000
11099440.430371104165759 1547798.614511717499956
11099440.430371104165759 1547798.913097654999912
11099440.430371104165759 1547799.211683592499868
11099440.430371104165759 1547799.510269529999824
11099440.430371104165759 1547799.808855467499780
11099440.430371104165759 1547800.107441404999736
11099440.430371104165759 1547800.406027342499692
11099440.430371104165759 1547800.704613279999648
11099440.728951833332296 1547795.628652342500396
11099440.728951833332296 1547795.927238280000352
11099440.728951833332296 1547796.225824217500308
11099440.728951833332296 1547796.524410155000264
11099440.728951833332296 1547796.822996092500220
11099440.728951833332296 1547797.121582030000176
11099440.728951833332296 1547797.420167967500132
11099440.728951833332296 1547797.718753905000088
11099440.728951833332296 1547798.017339842500044
11099440.728951833332296 1547798.315925780000000
11099440.728951833332296 1547798.614511717499956
11099440.728951833332296 1547798.913097654999912
11099440.728951833332296 1547799.211683592499868
11099440.728951833332296 1547799.510269529999824
11099440.728951833332296 1547799.808855467499780
11099440.728951833332296 1547800.107441404999736
11099440.728951833332296 1547800.406027342499692
11099440.728951833332296 1547800.704613279999648
