11099266.954967437501167 1547554.072628902500396
11099266.954967437501167 1547554.371214840000352
11099266.954967437501167 1547554.669800777500308
11099266.954967437501167 1547554.968386715000264
11099266.954967437501167 1547555.266972652500220
11099266.954967437501167 1547555.565558590000176
11099266.954967437501167 1547555.864144527500132
11099266.954967437501167 1547556.162730465000088
11099266.954967437501167 1547556.461316402500044
11099266.954967437501167 1547556.759902340000000
11099266.954967437501167 1547557.058488277499956
11099266.954967437501167 1547557.357074214999912
11099266.954967437501167 1547557.655660152499868
11099266.954967437501167 1547557.954246089999824
11099266.954967437501167 1547558.252832027499780
11099266.954967437501167 1547558.551417964999736
11099266.954967437501167 1547558.850003902499692
11099266.954967437501167 1547559.148589839999648
11099267.253548166667704 1547554.072628902500396
11099267.253548166667704 1547554.371214840000352
11099267.253548166667704 1547554.669800777500308
11099267.253548166667704 1547554.968386715000264
11099267.253548166667704 1547555.266972652500220
11099267.253548166667704 1547555.565558590000176
11099267.253548166667704 1547555.864144527500132
11099267.253548166667704 1547556.162730465000088
11099267.253548166667704 1547556.461316402500044
11099267.253548166667704 1547556.759902340000000
11099267.253548166667704 1547557.058488277499956
11099267.253548166667704 1547557.357074214999912
11099267.253548166667704 1547557.655660152499868
11099267.253548166667704 1547557.954246089999824
11099267.253548166667704 1547558.252832027499780
11099267.253548166667704 1547558.551417964999736
11099267.253548166667704 1547558.850003902499692
11099267.253548166667704 1547559.148589839999648
11099267.552128895834241 1547554.072628902500396
11099267.552128895834241 1547554.371214840000352
11099267.552128895834241 1547554.669800777500308
11099267.552128895834241 1547554.968386715000264
11099267.552128895834241 1547555.266972652500220
11099267.552128895834241 1547555.565558590000176
11099267.552128895834241 1547555.864144527500132
11099267.552128895834241 1547556.162730465000088
11099267.552128895834241 1547556.461316402500044
11099267.552128895834241 1547556.759902340000000
11099267.552128895834241 1547557.058488277499956
11099267.552128895834241 1547557.357074214999912
11099267.552128895834241 1547557.655660152499868
11099267.552128895834241 1547557.954246089999824
11099267.552128895834241 1547558.252832027499780
11099267.552128895834241 1547558.551417964999736
11099267.552128895834241 1547558.850003902499692
11099267.552128895834241 1547559.148589839999648
11099267.850709625000778 1547554.072628902500396
11099267.850709625000778 1547554.371214840000352
11099267.850709625000778 1547554.669800777500308
11099267.850709625000778 1547554.968386715000264
11099267.850709625000778 1547555.266972652500220
11099267.850709625000778 1547555.565558590000176
11099267.850709625000778 1547555.864144527500132
11099267.850709625000778 1547556.162730465000088
11099267.850709625000778 1547556.461316402500044
11099267.850709625000778 1547556.759902340000000
11099267.850709625000778 1547557.058488277499956
11099267.850709625000778 1547557.357074214999912
11099267.850709625000778 1547557.655660152499868
11099267.850709625000778 1547557.954246089999824
11099267.850709625000778 1547558.252832027499780
11099267.850709625000778 1547558.551417964999736
11099267.850709625000778 1547558.850003902499692
11099267.850709625000778 1547559.148589839999648
11099268.149290354167315 1547554.072628902500396
11099268.149290354167315 1547554.371214840000352
11099268.149290354167315 1547554.669800777500308
11099268.149290354167315 1547554.968386715000264
11099268.149290354167315 1547555.266972652500220
11099268.149290354167315 1547555.565558590000176
11099268.149290354167315 1547555.864144527500132
11099268.149290354167315 1547556.162730465000088
11099268.149290354167315 1547556.461316402500044
11099268.149290354167315 1547556.759902340000000
11099268.149290354167315 1547557.058488277499956
11099268.149290354167315 1547557.357074214999912
11099268.149290354167315 1547557.655660152499868
11099268.149290354167315 1547557.954246089999824
11099268.149290354167315 1547558.252832027499780
11099268.149290354167315 1547558.551417964999736
11099268.149290354167315 1547558.850003902499692
11099268.149290354167315 1547559.148589839999648
11099268.447871083333852 1547554.072628902500396
11099268.447871083333852 1547554.371214840000352
11099268.447871083333852 1547554.669800777500308
11099268.447871083333852 1547554.968386715000264
11099268.447871083333852 1547555.266972652500220
11099268.447871083333852 1547555.565558590000176
11099268.447871083333852 1547555.864144527500132
11099268.447871083333852 1547556.162730465000088
11099268.447871083333852 1547556.461316402500044
11099268.447871083333852 1547556.759902340000000
11099268.447871083333852 1547557.058488277499956
11099268.447871083333852 1547557.357074214999912
11099268.447871083333852 1547557.655660152499868
11099268.447871083333852 1547557.954246089999824
11099268.447871083333852 1547558.252832027499780
11099268.447871083333852 1547558.551417964999736
11099268.447871083333852 1547558.850003902499692
11099268.447871083333852 1547559.148589839999648
11099268.746451812500389 1547554.072628902500396
11099268.746451812500389 1547554.371214840000352
11099268.746451812500389 1547554.669800777500308
11099268.746451812500389 1547554.968386715000264
11099268.746451812500389 1547555.266972652500220
11099268.746451812500389 1547555.565558590000176
11099268.746451812500389 1547555.864144527500132
11099268.746451812500389 1547556.162730465000088
11099268.746451812500389 1547556.461316402500044
11099268.746451812500389 1547556.759902340000000
11099268.746451812500389 1547557.058488277499956
11099268.746451812500389 1547557.357074214999912
11099268.746451812500389 1547557.655660152499868
11099268.746451812500389 1547557.954246089999824
11099268.746451812500389 1547558.252832027499780
11099268.746451812500389 1547558.551417964999736
11099268.746451812500389 1547558.850003902499692
11099268.746451812500389 1547559.148589839999648
11099269.045032541666926 1547554.072628902500396
11099269.045032541666926 1547554.371214840000352
11099269.045032541666926 1547554.669800777500308
11099269.045032541666926 1547554.968386715000264
11099269.045032541666926 1547555.266972652500220
11099269.045032541666926 1547555.565558590000176
11099269.045032541666926 1547555.864144527500132
11099269.045032541666926 1547556.162730465000088
11099269.045032541666926 1547556.461316402500044
11099269.045032541666926 1547556.759902340000000
11099269.045032541666926 1547557.058488277499956
11099269.045032541666926 1547557.357074214999912
11099269.045032541666926 1547557.655660152499868
11099269.045032541666926 1547557.954246089999824
11099269.045032541666926 1547558.252832027499780
11099269.045032541666926 1547558.551417964999736
11099269.045032541666926 1547558.850003902499692
11099269.045032541666926 1547559.148589839999648
11099269.343613270833463 1547554.072628902500396
11099269.343613270833463 1547554.371214840000352
11099269.343613270833463 1547554.669800777500308
11099269.343613270833463 1547554.968386715000264
11099269.343613270833463 1547555.266972652500220
11099269.343613270833463 1547555.565558590000176
11099269.343613270833463 1547555.864144527500132
11099269.343613270833463 1547556.162730465000088
11099269.343613270833463 1547556.461316402500044
11099269.343613270833463 1547556.759902340000000
11099269.343613270833463 1547557.058488277499956
11099269.343613270833463 1547557.357074214999912
11099269.343613270833463 1547557.655660152499868
11099269.343613270833463 1547557.954246089999824
11099269.343613270833463 1547558.252832027499780
11099269.343613270833463 1547558.551417964999736
11099269.343613270833463 1547558.850003902499692
11099269.343613270833463 1547559.148589839999648
11099269.642194000000000 1547554.072628902500396
11099269.642194000000000 1547554.371214840000352
11099269.642194000000000 1547554.669800777500308
11099269.642194000000000 1547554.968386715000264
11099269.642194000000000 1547555.266972652500220
11099269.642194000000000 1547555.565558590000176
11099269.642194000000000 1547555.864144527500132
11099269.642194000000000 1547556.162730465000088
11099269.642194000000000 1547556.461316402500044
11099269.642194000000000 1547556.759902340000000
11099269.642194000000000 1547557.058488277499956
11099269.642194000000000 1547557.357074214999912
11099269.642194000000000 1547557.655660152499868
11099269.642194000000000 1547557.954246089999824
11099269.642194000000000 1547558.252832027499780
11099269.642194000000000 1547558.551417964999736
11099269.642194000000000 1547558.850003902499692
11099269.642194000000000 1547559.148589839999648
11099269.940774729166537 1547554.072628902500396
11099269.940774729166537 1547554.371214840000352
11099269.940774729166537 1547554.669800777500308
11099269.940774729166537 1547554.968386715000264
11099269.940774729166537 1547555.266972652500220
11099269.940774729166537 1547555.565558590000176
11099269.940774729166537 1547555.864144527500132
11099269.940774729166537 1547556.162730465000088
11099269.940774729166537 1547556.461316402500044
11099269.940774729166537 1547556.759902340000000
11099269.940774729166537 1547557.058488277499956
11099269.940774729166537 1547557.357074214999912
11099269.940774729166537 1547557.655660152499868
11099269.940774729166537 1547557.954246089999824
11099269.940774729166537 1547558.252832027499780
11099269.940774729166537 1547558.551417964999736
11099269.940774729166537 1547558.850003902499692
11099269.940774729166537 1547559.148589839999648
11099270.239355458333074 1547554.072628902500396
11099270.239355458333074 1547554.371214840000352
11099270.239355458333074 1547554.669800777500308
11099270.239355458333074 1547554.968386715000264
11099270.239355458333074 1547555.266972652500220
11099270.239355458333074 1547555.565558590000176
11099270.239355458333074 1547555.864144527500132
11099270.239355458333074 1547556.162730465000088
11099270.239355458333074 1547556.461316402500044
11099270.239355458333074 1547556.759902340000000
11099270.239355458333074 1547557.058488277499956
11099270.239355458333074 1547557.357074214999912
11099270.239355458333074 1547557.655660152499868
11099270.239355458333074 1547557.954246089999824
11099270.239355458333074 1547558.252832027499780
11099270.239355458333074 1547558.551417964999736
11099270.239355458333074 1547558.850003902499692
11099270.239355458333074 1547559.148589839999648
11099270.537936187499611 1547554.072628902500396
11099270.537936187499611 1547554.371214840000352
11099270.537936187499611 1547554.669800777500308
11099270.537936187499611 1547554.968386715000264
11099270.537936187499611 1547555.266972652500220
11099270.537936187499611 1547555.565558590000176
11099270.537936187499611 1547555.864144527500132
11099270.537936187499611 1547556.162730465000088
11099270.537936187499611 1547556.461316402500044
11099270.537936187499611 1547556.759902340000000
11099270.537936187499611 1547557.058488277499956
11099270.537936187499611 1547557.357074214999912
11099270.537936187499611 1547557.655660152499868
11099270.537936187499611 1547557.954246089999824
11099270.537936187499611 1547558.252832027499780
11099270.537936187499611 1547558.551417964999736
11099270.537936187499611 1547558.850003902499692
11099270.537936187499611 1547559.148589839999648
11099270.836516916666148 1547554.072628902500396
11099270.836516916666148 1547554.371214840000352
11099270.836516916666148 1547554.669800777500308
11099270.836516916666148 1547554.968386715000264
11099270.836516916666148 1547555.266972652500220
11099270.836516916666148 1547555.565558590000176
11099270.836516916666148 1547555.864144527500132
11099270.836516916666148 1547556.162730465000088
11099270.836516916666148 1547556.461316402500044
11099270.836516916666148 1547556.759902340000000
11099270.836516916666148 1547557.058488277499956
11099270.836516916666148 1547557.357074214999912
11099270.836516916666148 1547557.655660152499868
11099270.836516916666148 1547557.954246089999824
11099270.836516916666148 1547558.252832027499780
11099270.836516916666148 1547558.551417964999736
11099270.836516916666148 1547558.850003902499692
11099270.836516916666148 1547559.148589839999648
11099271.135097645832685 1547554.072628902500396
11099271.135097645832685 1547554.371214840000352
11099271.135097645832685 1547554.669800777500308
11099271.135097645832685 1547554.968386715000264
11099271.135097645832685 1547555.266972652500220
11099271.135097645832685 1547555.565558590000176
11099271.135097645832685 1547555.864144527500132
11099271.135097645832685 1547556.162730465000088
11099271.135097645832685 1547556.461316402500044
11099271.135097645832685 1547556.759902340000000
11099271.135097645832685 1547557.058488277499956
11099271.135097645832685 1547557.357074214999912
11099271.135097645832685 1547557.655660152499868
11099271.135097645832685 1547557.954246089999824
11099271.135097645832685 1547558.252832027499780
11099271.135097645832685 1547558.551417964999736
11099271.135097645832685 1547558.850003902499692
11099271.135097645832685 1547559.148589839999648
11099271.433678374999222 1547554.072628902500396
11099271.433678374999222 1547554.371214840000352
11099271.433678374999222 1547554.669800777500308
11099271.433678374999222 1547554.968386715000264
11099271.433678374999222 1547555.266972652500220
11099271.433678374999222 1547555.565558590000176
11099271.433678374999222 1547555.864144527500132
11099271.433678374999222 1547556.162730465000088
11099271.433678374999222 1547556.461316402500044
11099271.433678374999222 1547556.759902340000000
11099271.433678374999222 1547557.058488277499956
11099271.433678374999222 1547557.357074214999912
11099271.433678374999222 1547557.655660152499868
11099271.433678374999222 1547557.954246089999824
11099271.433678374999222 1547558.252832027499780
11099271.433678374999222 1547558.551417964999736
11099271.433678374999222 1547558.850003902499692
11099271.433678374999222 1547559.148589839999648
11099271.732259104165759 1547554.072628902500396
11099271.732259104165759 1547554.371214840000352
11099271.732259104165759 1547554.669800777500308
11099271.732259104165759 1547554.968386715000264
11099271.732259104165759 1547555.266972652500220
11099271.732259104165759 1547555.565558590000176
11099271.732259104165759 1547555.864144527500132
11099271.732259104165759 1547556.162730465000088
11099271.732259104165759 1547556.461316402500044
11099271.732259104165759 1547556.759902340000000
11099271.732259104165759 1547557.058488277499956
11099271.732259104165759 1547557.357074214999912
11099271.732259104165759 1547557.655660152499868
11099271.732259104165759 1547557.954246089999824
11099271.732259104165759 1547558.252832027499780
11099271.732259104165759 1547558.551417964999736
11099271.732259104165759 1547558.850003902499692
11099271.732259104165759 1547559.148589839999648
11099272.030839833332296 1547554.072628902500396
11099272.030839833332296 1547554.371214840000352
11099272.030839833332296 1547554.669800777500308
11099272.030839833332296 1547554.968386715000264
11099272.030839833332296 1547555.266972652500220
11099272.030839833332296 1547555.565558590000176
11099272.030839833332296 1547555.864144527500132
11099272.030839833332296 1547556.162730465000088
11099272.030839833332296 1547556.461316402500044
11099272.030839833332296 1547556.759902340000000
11099272.030839833332296 1547557.058488277499956
11099272.030839833332296 1547557.357074214999912
11099272.030839833332296 1547557.655660152499868
11099272.030839833332296 1547557.954246089999824
11099272.030839833332296 1547558.252832027499780
11099272.030839833332296 1547558.551417964999736
11099272.030839833332296 1547558.850003902499692
11099272.030839833332296 1547559.148589839999648
